#!ascii label  , from subject 001 vox2ras=TkReg
1477
35254  -45.335  -37.437  35.335 0.0000000000
26290  -32.301  -47.926  39.167 0.0000000000
41574  -55.874  -29.647  25.292 0.0000000000
36982  -43.190  -35.584  24.014 0.0000000000
37713  -49.741  -33.463  29.473 0.0000000000
29207  -41.732  -44.094  39.804 0.0000000000
25470  -39.981  -48.953  31.806 0.0000000000
32884  -39.468  -39.901  27.754 0.0000000000
24458  -24.257  -49.555  36.148 0.0000000000
111603  -52.789  -22.355  31.423 0.0000000000
27379  -31.874  -45.601  29.506 0.0000000000
106975  -45.817  -37.783  28.753 0.0000000000
37738  -46.391  -34.214  27.512 0.0000000000
37680  -45.422  -34.265  32.294 0.0000000000
31931  -44.550  -41.709  38.809 0.0000000000
31141  -40.431  -42.178  33.766 0.0000000000
118413  -43.584  -41.562  30.994 0.0000000000
122671  -41.160  -37.695  25.469 0.0000000000
50350  -55.087  -18.969  29.854 0.0000000000
25369  -28.258  -47.511  38.173 0.0000000000
119963  -27.301  -46.897  33.299 0.0000000000
26362  -32.765  -46.478  35.282 0.0000000000
40748  -53.507  -30.045  28.750 0.0000000000
27250  -36.501  -46.353  41.476 0.0000000000
25409  -36.012  -48.142  35.800 0.0000000000
27310  -38.591  -46.027  35.412 0.0000000000
29303  -37.496  -44.445  29.921 0.0000000000
21786  -19.909  -52.055  36.058 0.0000000000
39188  -53.012  -32.149  34.212 0.0000000000
40718  -55.855  -29.895  30.515 0.0000000000
45594  -54.749  -24.439  33.528 0.0000000000
43983  -58.019  -26.643  27.606 0.0000000000
106399  -54.620  -25.306  24.592 0.0000000000
24522  -22.483  -48.612  31.200 0.0000000000
25469  -36.387  -49.198  31.742 0.0000000000
106769  -45.663  -38.726  31.747 0.0000000000
36938  -44.984  -36.666  30.419 0.0000000000
36120  -46.085  -35.986  34.208 0.0000000000
33552  -44.419  -39.242  36.660 0.0000000000
124404  -44.430  -41.344  33.886 0.0000000000
32800  -45.500  -40.782  32.419 0.0000000000
32859  -44.644  -40.126  29.448 0.0000000000
42439  -54.758  -28.470  22.483 0.0000000000
41609  -57.547  -29.597  23.175 0.0000000000
118588  -30.593  -48.111  39.087 0.0000000000
26331  -29.853  -47.494  36.784 0.0000000000
25405  -32.325  -48.061  37.061 0.0000000000
116796  -43.297  -33.098  23.647 0.0000000000
37731  -48.328  -33.732  28.269 0.0000000000
39265  -47.287  -32.330  26.756 0.0000000000
39258  -49.206  -32.370  27.548 0.0000000000
40777  -49.963  -29.963  27.348 0.0000000000
39249  -51.091  -32.031  29.604 0.0000000000
28243  -39.332  -46.307  40.591 0.0000000000
111085  -38.433  -45.044  38.340 0.0000000000
29240  -39.547  -44.225  38.044 0.0000000000
32814  -39.989  -39.839  31.312 0.0000000000
31155  -38.812  -42.838  32.302 0.0000000000
32071  -38.491  -41.833  29.534 0.0000000000
120075  -41.994  -36.291  24.093 0.0000000000
39953  -54.389  -30.947  32.468 0.0000000000
44777  -55.878  -25.929  30.463 0.0000000000
45628  -54.431  -25.096  29.532 0.0000000000
44824  -55.630  -25.954  26.624 0.0000000000
110032  -52.965  -23.339  28.104 0.0000000000
48390  -55.612  -20.642  25.886 0.0000000000
22696  -22.142  -50.663  35.734 0.0000000000
22718  -21.021  -50.752  33.746 0.0000000000
24494  -23.527  -48.946  33.973 0.0000000000
28316  -29.377  -45.327  31.424 0.0000000000
27368  -26.322  -46.054  30.393 0.0000000000
120245  -28.599  -45.514  29.261 0.0000000000
24485  -38.526  -49.371  34.208 0.0000000000
109112  -36.454  -49.075  34.315 0.0000000000
126835  -38.974  -51.644  32.549 0.0000000000
124539  -44.546  -37.023  26.384 0.0000000000
113251  -44.423  -34.963  25.971 0.0000000000
36214  -45.710  -36.342  27.934 0.0000000000
36950  -46.893  -34.496  29.061 0.0000000000
118105  -47.939  -34.055  31.196 0.0000000000
30162  -43.905  -43.811  39.252 0.0000000000
30197  -41.584  -43.021  37.467 0.0000000000
31953  -42.115  -41.357  35.363 0.0000000000
32009  -43.033  -41.491  32.548 0.0000000000
32872  -41.514  -39.856  29.318 0.0000000000
34468  -40.179  -38.273  27.318 0.0000000000
33646  -43.098  -39.589  27.342 0.0000000000
124514  -43.865  -38.078  26.554 0.0000000000
50329  -53.596  -19.644  30.885 0.0000000000
52119  -55.119  -17.301  32.758 0.0000000000
25383  -25.818  -48.353  37.541 0.0000000000
127095  -25.528  -48.744  34.249 0.0000000000
25419  -27.862  -47.967  35.826 0.0000000000
26376  -29.372  -46.736  34.267 0.0000000000
123101  -32.232  -45.755  32.802 0.0000000000
39269  -44.758  -31.926  25.274 0.0000000000
41570  -51.924  -28.534  26.168 0.0000000000
40791  -55.039  -29.435  26.498 0.0000000000
27264  -34.576  -46.628  40.068 0.0000000000
123974  -34.830  -47.947  36.763 0.0000000000
26309  -36.914  -47.171  38.286 0.0000000000
26348  -38.076  -48.070  35.788 0.0000000000
26380  -39.391  -47.689  33.221 0.0000000000
29268  -39.811  -43.704  34.746 0.0000000000
28307  -39.435  -45.805  32.827 0.0000000000
27374  -38.964  -47.462  31.284 0.0000000000
126230  -46.182  -34.916  37.951 0.0000000000
28241  -32.944  -45.804  40.729 0.0000000000
28215  -37.614  -46.301  42.318 0.0000000000
30116  -39.588  -43.801  42.293 0.0000000000
105048  -45.848  -33.489  35.738 0.0000000000
39182  -47.653  -32.444  34.738 0.0000000000
38463  -50.285  -33.258  33.136 0.0000000000
39165  -51.375  -31.642  35.234 0.0000000000
37686  -52.596  -33.781  32.248 0.0000000000
38493  -54.170  -32.553  31.180 0.0000000000
118608  -55.150  -30.758  29.627 0.0000000000
40765  -57.066  -30.067  27.903 0.0000000000
116371  -55.603  -26.796  32.796 0.0000000000
113756  -58.004  -27.855  28.940 0.0000000000
41558  -58.298  -28.434  25.943 0.0000000000
43202  -58.543  -27.691  25.069 0.0000000000
48387  -52.585  -21.150  26.976 0.0000000000
22715  -18.605  -51.299  33.380 0.0000000000
25503  -21.510  -48.689  27.858 0.0000000000
25467  -24.453  -47.837  32.014 0.0000000000
26414  -23.666  -47.151  29.034 0.0000000000
25420  -34.132  -48.263  35.592 0.0000000000
119482  -34.331  -47.084  33.344 0.0000000000
27372  -34.404  -46.555  30.538 0.0000000000
25494  -35.979  -49.318  29.903 0.0000000000
107943  -45.447  -38.948  33.102 0.0000000000
35306  -45.071  -38.448  32.602 0.0000000000
114663  -46.055  -36.647  34.279 0.0000000000
34356  -44.883  -37.870  36.642 0.0000000000
33566  -45.460  -39.501  34.330 0.0000000000
111376  -45.819  -39.035  34.134 0.0000000000
34424  -45.618  -39.423  32.318 0.0000000000
41594  -54.691  -29.054  24.321 0.0000000000
41606  -55.123  -29.089  23.775 0.0000000000
41615  -56.191  -29.243  22.761 0.0000000000
119882  -57.167  -29.632  23.806 0.0000000000
26289  -31.264  -47.948  39.338 0.0000000000
25371  -31.308  -48.210  38.679 0.0000000000
25358  -32.301  -48.253  38.484 0.0000000000
37759  -42.763  -35.269  22.893 0.0000000000
38550  -43.303  -34.179  23.615 0.0000000000
37722  -49.053  -33.599  28.736 0.0000000000
38531  -48.775  -32.891  27.676 0.0000000000
38509  -49.948  -32.940  29.099 0.0000000000
39248  -49.983  -31.994  28.931 0.0000000000
38510  -50.708  -32.686  29.729 0.0000000000
28245  -40.797  -45.483  40.091 0.0000000000
29219  -39.747  -44.870  39.505 0.0000000000
29220  -41.090  -44.827  39.434 0.0000000000
32853  -39.732  -40.007  29.376 0.0000000000
32051  -38.984  -41.431  30.252 0.0000000000
108875  -38.497  -41.352  28.758 0.0000000000
111036  -37.591  -41.915  28.341 0.0000000000
36245  -42.678  -35.901  23.697 0.0000000000
36256  -42.137  -36.301  22.895 0.0000000000
36998  -42.393  -35.726  22.767 0.0000000000
46440  -54.309  -23.608  31.231 0.0000000000
47356  -53.855  -23.418  30.572 0.0000000000
46458  -53.658  -23.827  29.292 0.0000000000
47354  -52.495  -22.492  29.886 0.0000000000
23598  -23.576  -50.005  35.845 0.0000000000
23606  -22.914  -49.947  34.735 0.0000000000
24466  -24.053  -49.583  35.306 0.0000000000
28330  -30.363  -45.285  30.373 0.0000000000
117339  -28.759  -45.364  29.912 0.0000000000
28342  -30.361  -45.428  29.384 0.0000000000
27399  -29.428  -46.283  28.303 0.0000000000
27401  -31.636  -46.040  28.847 0.0000000000
24513  -39.776  -49.487  32.298 0.0000000000
23620  -38.634  -50.347  33.542 0.0000000000
23640  -39.569  -50.534  32.320 0.0000000000
35385  -44.930  -37.425  26.923 0.0000000000
36221  -45.312  -36.775  27.174 0.0000000000
35381  -45.753  -37.109  28.261 0.0000000000
36927  -45.299  -35.551  30.641 0.0000000000
36939  -45.681  -35.833  29.819 0.0000000000
37692  -45.991  -34.658  30.097 0.0000000000
125175  -47.623  -34.113  29.624 0.0000000000
124472  -47.085  -33.986  31.334 0.0000000000
31035  -44.677  -42.637  38.913 0.0000000000
30199  -43.425  -43.247  38.518 0.0000000000
31944  -43.270  -41.296  36.914 0.0000000000
32011  -44.808  -42.106  32.215 0.0000000000
31988  -43.929  -41.981  33.263 0.0000000000
32031  -43.469  -41.864  31.562 0.0000000000
32053  -42.495  -41.309  30.754 0.0000000000
32074  -42.733  -41.113  30.000 0.0000000000
109608  -42.474  -40.118  29.026 0.0000000000
32874  -43.974  -41.531  27.969 0.0000000000
33616  -45.417  -38.390  29.240 0.0000000000
33648  -44.326  -40.166  27.218 0.0000000000
34471  -44.819  -38.389  27.562 0.0000000000
114436  -44.138  -37.287  26.258 0.0000000000
25385  -27.383  -47.604  37.564 0.0000000000
25401  -26.757  -48.252  36.519 0.0000000000
25403  -28.134  -47.936  36.558 0.0000000000
26345  -30.893  -46.985  35.868 0.0000000000
26344  -29.960  -47.161  35.066 0.0000000000
126434  -31.038  -46.476  34.317 0.0000000000
113435  -31.193  -46.131  33.385 0.0000000000
27329  -32.529  -46.299  34.172 0.0000000000
108271  -44.967  -34.285  26.415 0.0000000000
38534  -44.536  -33.886  25.805 0.0000000000
38535  -45.455  -33.420  26.332 0.0000000000
123873  -47.344  -31.548  26.572 0.0000000000
124005  -46.734  -31.257  25.856 0.0000000000
40789  -46.975  -30.511  25.494 0.0000000000
40760  -51.821  -29.791  28.432 0.0000000000
41554  -51.539  -28.861  27.011 0.0000000000
41541  -52.164  -29.128  27.782 0.0000000000
41555  -53.561  -28.775  26.599 0.0000000000
40762  -53.638  -29.644  27.947 0.0000000000
116391  -35.788  -45.823  40.608 0.0000000000
26294  -35.887  -46.767  39.061 0.0000000000
27266  -36.319  -45.528  39.768 0.0000000000
28266  -38.690  -45.463  37.338 0.0000000000
27296  -37.899  -46.803  36.666 0.0000000000
27309  -38.469  -46.916  35.250 0.0000000000
26364  -38.537  -47.510  34.574 0.0000000000
27319  -38.721  -46.567  34.313 0.0000000000
31104  -40.916  -42.543  35.517 0.0000000000
29260  -40.161  -43.369  36.306 0.0000000000
30233  -40.096  -43.121  34.510 0.0000000000
30258  -38.060  -43.692  31.206 0.0000000000
29287  -38.758  -44.355  32.523 0.0000000000
29295  -38.203  -44.544  31.850 0.0000000000
28320  -38.828  -46.234  32.200 0.0000000000
106111  -40.918  -37.796  25.991 0.0000000000
29172  -38.569  -45.108  42.184 0.0000000000
31902  -42.024  -41.043  39.756 0.0000000000
37653  -46.079  -34.331  37.224 0.0000000000
39925  -46.930  -31.102  36.374 0.0000000000
39162  -48.406  -32.101  35.293 0.0000000000
118238  -48.939  -32.439  33.651 0.0000000000
39163  -49.592  -32.050  35.360 0.0000000000
39187  -52.700  -32.156  34.408 0.0000000000
38451  -52.291  -32.535  33.804 0.0000000000
38467  -53.203  -32.876  32.666 0.0000000000
38492  -53.232  -33.054  31.697 0.0000000000
38468  -53.422  -32.924  32.464 0.0000000000
40710  -55.300  -30.067  31.475 0.0000000000
122138  -55.177  -30.967  30.851 0.0000000000
39979  -56.099  -30.217  29.961 0.0000000000
40751  -56.497  -29.991  28.763 0.0000000000
40738  -57.608  -30.236  28.981 0.0000000000
44744  -55.556  -26.079  33.023 0.0000000000
44787  -56.991  -26.151  28.854 0.0000000000
119797  -56.855  -27.017  29.702 0.0000000000
43167  -58.142  -26.868  27.879 0.0000000000
42373  -58.354  -28.499  27.857 0.0000000000
115803  -58.196  -27.687  26.514 0.0000000000
118760  -58.510  -28.114  25.458 0.0000000000
117629  -58.393  -27.561  25.361 0.0000000000
44842  -54.626  -25.535  25.482 0.0000000000
44857  -57.379  -26.027  24.851 0.0000000000
44856  -56.374  -25.911  24.346 0.0000000000
50338  -54.335  -19.264  30.377 0.0000000000
49351  -53.259  -20.365  28.628 0.0000000000
50365  -53.686  -19.717  28.354 0.0000000000
24509  -21.747  -49.473  31.900 0.0000000000
23631  -20.713  -50.457  32.107 0.0000000000
24521  -21.491  -49.335  31.118 0.0000000000
24527  -20.573  -49.648  29.815 0.0000000000
24544  -22.077  -48.935  29.685 0.0000000000
25445  -26.608  -48.193  33.881 0.0000000000
115297  -25.073  -48.300  33.391 0.0000000000
26389  -25.905  -47.310  32.485 0.0000000000
116759  -25.001  -46.398  29.902 0.0000000000
25520  -25.491  -47.660  27.095 0.0000000000
25391  -35.366  -48.087  36.688 0.0000000000
25408  -34.597  -47.639  35.759 0.0000000000
24459  -35.540  -47.874  35.293 0.0000000000
24511  -35.971  -49.026  32.915 0.0000000000
121318  -35.644  -48.005  33.822 0.0000000000
25456  -35.413  -48.059  32.539 0.0000000000
26392  -34.938  -47.235  32.058 0.0000000000
26402  -35.387  -47.866  31.528 0.0000000000
25492  -34.519  -48.633  29.321 0.0000000000
34434  -46.252  -38.502  30.354 0.0000000000
35350  -45.992  -37.473  29.327 0.0000000000
35337  -45.544  -37.713  30.903 0.0000000000
36143  -44.579  -36.997  31.851 0.0000000000
37679  -44.865  -34.888  32.790 0.0000000000
32764  -43.848  -40.033  37.458 0.0000000000
31945  -43.631  -40.444  36.040 0.0000000000
32776  -44.381  -40.397  35.391 0.0000000000
31990  -45.388  -41.082  33.023 0.0000000000
32056  -44.866  -41.427  31.633 0.0000000000
32858  -44.243  -40.918  28.911 0.0000000000
32838  -45.243  -40.163  31.215 0.0000000000
33599  -46.627  -39.152  30.502 0.0000000000
41618  -58.173  -29.339  22.760 0.0000000000
26302  -28.881  -47.772  39.033 0.0000000000
25387  -28.907  -47.787  37.662 0.0000000000
25370  -30.317  -47.928  38.375 0.0000000000
26319  -31.348  -47.838  37.288 0.0000000000
108590  -32.735  -47.336  35.902 0.0000000000
121494  -47.850  -33.847  27.931 0.0000000000
39264  -46.787  -32.663  26.455 0.0000000000
38530  -48.143  -33.038  27.461 0.0000000000
39267  -48.595  -32.535  27.352 0.0000000000
111792  -48.939  -31.082  26.946 0.0000000000
40776  -49.229  -30.140  26.819 0.0000000000
40758  -49.765  -30.970  27.644 0.0000000000
39997  -50.888  -31.309  29.207 0.0000000000
39998  -52.011  -31.195  29.352 0.0000000000
27252  -38.395  -46.741  40.995 0.0000000000
27267  -37.108  -44.864  39.983 0.0000000000
28254  -38.787  -45.142  39.636 0.0000000000
28267  -39.125  -44.779  38.147 0.0000000000
120949  -39.070  -44.786  36.597 0.0000000000
32007  -40.523  -40.931  32.679 0.0000000000
31140  -39.754  -42.747  33.459 0.0000000000
31167  -39.055  -41.911  31.919 0.0000000000
31176  -38.656  -42.041  30.950 0.0000000000
125317  -37.774  -43.250  30.035 0.0000000000
122262  -37.357  -43.820  28.827 0.0000000000
31196  -37.383  -42.846  28.600 0.0000000000
35399  -41.660  -36.805  24.376 0.0000000000
36243  -41.600  -36.660  23.348 0.0000000000
39939  -53.803  -30.868  35.340 0.0000000000
125553  -53.393  -31.697  33.702 0.0000000000
40697  -54.484  -30.045  34.439 0.0000000000
41492  -55.432  -29.517  34.369 0.0000000000
117855  -55.270  -29.270  32.214 0.0000000000
46417  -54.871  -24.135  33.273 0.0000000000
45603  -55.165  -24.853  32.670 0.0000000000
113209  -54.782  -24.813  32.074 0.0000000000
45620  -55.113  -25.699  30.551 0.0000000000
116252  -56.753  -25.984  28.364 0.0000000000
44826  -57.745  -26.208  26.702 0.0000000000
113023  -55.122  -25.788  27.543 0.0000000000
44801  -54.270  -25.411  27.397 0.0000000000
45663  -53.320  -24.605  25.817 0.0000000000
50351  -55.681  -18.557  29.043 0.0000000000
50378  -54.987  -19.096  27.444 0.0000000000
50379  -55.977  -19.214  27.326 0.0000000000
22695  -21.404  -51.200  35.972 0.0000000000
22706  -20.283  -51.016  34.420 0.0000000000
22707  -21.262  -50.721  34.606 0.0000000000
23617  -22.156  -49.667  33.720 0.0000000000
24510  -22.721  -48.498  32.620 0.0000000000
27357  -28.022  -45.820  32.130 0.0000000000
27356  -27.164  -46.139  31.773 0.0000000000
28314  -27.689  -45.526  31.172 0.0000000000
28339  -27.021  -45.327  29.608 0.0000000000
116658  -27.067  -45.745  28.469 0.0000000000
26445  -26.671  -46.431  27.971 0.0000000000
27398  -28.581  -46.211  28.263 0.0000000000
24471  -36.829  -49.163  34.887 0.0000000000
24483  -36.588  -49.117  34.555 0.0000000000
24498  -37.177  -49.637  34.290 0.0000000000
23618  -37.329  -50.458  33.244 0.0000000000
23637  -37.329  -50.821  32.454 0.0000000000
36235  -43.527  -35.970  25.063 0.0000000000
36983  -43.728  -35.344  24.946 0.0000000000
36978  -44.282  -36.019  25.784 0.0000000000
36979  -45.044  -35.811  26.607 0.0000000000
36974  -46.221  -34.963  27.820 0.0000000000
36189  -46.110  -36.671  29.051 0.0000000000
36957  -46.105  -35.502  28.367 0.0000000000
36967  -46.566  -34.683  28.125 0.0000000000
37720  -47.378  -34.274  28.397 0.0000000000
37703  -48.479  -33.947  29.905 0.0000000000
37704  -49.360  -33.700  30.263 0.0000000000
29194  -42.100  -43.339  39.344 0.0000000000
30160  -41.908  -43.045  38.875 0.0000000000
30180  -43.096  -43.337  38.726 0.0000000000
30215  -41.786  -42.899  37.196 0.0000000000
31105  -41.493  -42.008  35.597 0.0000000000
31954  -43.048  -41.142  34.921 0.0000000000
105374  -43.079  -41.762  34.179 0.0000000000
31986  -42.235  -41.254  33.467 0.0000000000
32799  -41.116  -40.361  32.330 0.0000000000
32836  -40.686  -39.880  30.569 0.0000000000
32871  -40.609  -39.725  29.035 0.0000000000
33643  -39.420  -39.026  27.233 0.0000000000
106983  -41.485  -39.284  28.061 0.0000000000
33645  -42.176  -39.074  27.442 0.0000000000
33656  -42.721  -38.978  26.893 0.0000000000
32875  -44.252  -41.359  27.966 0.0000000000
33657  -43.581  -39.571  26.881 0.0000000000
34490  -42.541  -37.127  26.065 0.0000000000
34491  -43.631  -37.492  26.349 0.0000000000
36234  -43.461  -36.229  25.289 0.0000000000
48330  -52.628  -21.257  30.988 0.0000000000
116791  -53.961  -19.443  32.897 0.0000000000
50330  -54.428  -19.161  31.349 0.0000000000
50339  -55.061  -18.812  30.730 0.0000000000
51239  -56.097  -17.948  30.500 0.0000000000
52143  -55.924  -17.312  29.887 0.0000000000
24452  -25.263  -48.728  36.913 0.0000000000
24467  -24.730  -49.084  35.541 0.0000000000
107480  -26.259  -48.372  36.041 0.0000000000
25431  -26.797  -48.305  34.729 0.0000000000
26357  -27.994  -47.462  34.464 0.0000000000
26330  -28.641  -47.756  36.027 0.0000000000
26358  -28.948  -47.373  34.757 0.0000000000
27326  -28.748  -46.404  33.539 0.0000000000
27340  -29.822  -45.684  32.746 0.0000000000
28305  -30.559  -45.456  32.355 0.0000000000
106798  -31.927  -45.276  31.183 0.0000000000
38541  -43.651  -34.076  24.346 0.0000000000
39287  -43.761  -32.570  24.159 0.0000000000
39271  -46.440  -32.412  25.987 0.0000000000
41572  -53.795  -28.787  25.614 0.0000000000
110372  -55.261  -29.559  25.758 0.0000000000
27263  -33.676  -46.809  39.653 0.0000000000
26305  -33.807  -47.696  38.428 0.0000000000
26306  -34.750  -47.639  38.300 0.0000000000
26320  -36.006  -48.346  37.677 0.0000000000
25392  -36.092  -48.316  36.693 0.0000000000
108620  -37.448  -46.312  38.004 0.0000000000
113239  -37.005  -46.884  37.021 0.0000000000
25410  -37.224  -48.267  35.970 0.0000000000
24472  -38.372  -48.875  34.540 0.0000000000
25436  -39.173  -48.355  33.561 0.0000000000
25458  -39.723  -48.708  32.437 0.0000000000
119936  -40.840  -43.396  38.199 0.0000000000
29250  -39.459  -44.145  36.225 0.0000000000
29259  -39.216  -44.435  35.024 0.0000000000
30232  -39.739  -43.548  33.900 0.0000000000
29277  -39.444  -44.428  33.590 0.0000000000
105552  -39.202  -45.911  33.756 0.0000000000
27330  -39.645  -46.302  33.146 0.0000000000
26393  -39.559  -47.535  32.295 0.0000000000
34476  -39.683  -38.399  26.513 0.0000000000
36086  -45.104  -36.912  37.910 0.0000000000
36098  -45.703  -36.363  36.838 0.0000000000
22686  -21.388  -51.293  36.790 0.0000000000
24443  -24.231  -49.077  38.022 0.0000000000
25367  -25.523  -48.201  38.270 0.0000000000
109949  -26.357  -47.336  38.267 0.0000000000
26287  -29.415  -47.638  39.435 0.0000000000
26273  -30.835  -47.149  39.914 0.0000000000
26274  -31.783  -47.135  39.762 0.0000000000
27262  -32.762  -46.918  39.601 0.0000000000
114912  -34.106  -46.338  40.490 0.0000000000
27229  -34.976  -47.024  42.621 0.0000000000
27230  -35.572  -47.129  42.223 0.0000000000
27203  -36.270  -46.403  42.989 0.0000000000
109425  -36.971  -46.554  41.692 0.0000000000
28216  -38.263  -46.475  41.839 0.0000000000
29191  -39.666  -45.089  40.854 0.0000000000
29175  -41.085  -43.974  40.897 0.0000000000
30132  -41.077  -42.992  40.452 0.0000000000
31018  -41.800  -41.816  39.361 0.0000000000
31911  -43.756  -42.060  39.903 0.0000000000
35225  -45.032  -37.182  38.315 0.0000000000
36894  -45.813  -35.483  36.313 0.0000000000
37665  -45.681  -34.258  34.713 0.0000000000
38459  -45.653  -33.690  34.304 0.0000000000
39914  -45.872  -31.470  37.132 0.0000000000
39160  -46.357  -32.631  35.447 0.0000000000
38472  -45.982  -33.596  32.863 0.0000000000
38473  -47.389  -33.565  32.573 0.0000000000
37682  -48.894  -33.498  31.715 0.0000000000
37683  -50.219  -33.071  32.053 0.0000000000
39184  -50.255  -32.096  34.868 0.0000000000
37674  -51.375  -33.728  32.846 0.0000000000
37697  -51.186  -33.417  31.179 0.0000000000
38491  -52.015  -32.638  31.029 0.0000000000
38501  -52.743  -32.113  30.764 0.0000000000
39251  -53.548  -31.651  29.785 0.0000000000
110221  -54.720  -32.019  31.632 0.0000000000
39241  -54.557  -31.619  30.002 0.0000000000
40749  -54.224  -30.433  29.008 0.0000000000
119657  -55.003  -29.932  28.330 0.0000000000
40779  -55.570  -29.913  27.036 0.0000000000
40793  -56.488  -30.011  26.069 0.0000000000
43102  -55.583  -27.471  33.039 0.0000000000
42321  -55.551  -28.235  31.519 0.0000000000
43936  -55.460  -26.454  30.809 0.0000000000
43129  -56.557  -27.812  29.811 0.0000000000
42336  -57.009  -28.773  29.650 0.0000000000
116512  -58.421  -29.185  28.753 0.0000000000
40782  -57.656  -29.082  26.423 0.0000000000
41576  -57.588  -29.250  25.034 0.0000000000
41577  -58.096  -28.828  25.011 0.0000000000
41611  -58.525  -28.805  23.407 0.0000000000
42431  -58.875  -27.889  23.135 0.0000000000
44845  -57.905  -26.392  25.920 0.0000000000
120474  -58.644  -26.924  23.871 0.0000000000
42442  -59.151  -27.514  22.749 0.0000000000
48341  -52.555  -21.826  29.263 0.0000000000
125085  -52.622  -22.402  27.526 0.0000000000
46492  -52.399  -23.199  25.764 0.0000000000
118505  -53.838  -19.967  26.259 0.0000000000
47430  -53.295  -22.265  24.559 0.0000000000
45678  -54.398  -24.118  23.678 0.0000000000
22717  -20.256  -50.993  33.394 0.0000000000
25429  -24.977  -48.855  34.052 0.0000000000
25454  -24.309  -48.042  32.934 0.0000000000
25466  -23.630  -47.786  31.419 0.0000000000
27354  -25.832  -46.617  31.276 0.0000000000
26406  -24.370  -46.919  30.356 0.0000000000
25475  -23.419  -47.897  30.459 0.0000000000
115978  -22.745  -48.114  28.432 0.0000000000
126137  -33.582  -48.053  37.119 0.0000000000
26346  -33.453  -48.284  35.897 0.0000000000
26347  -33.457  -47.579  35.393 0.0000000000
24481  -35.329  -47.777  34.944 0.0000000000
26363  -34.216  -47.560  34.903 0.0000000000
26377  -33.538  -46.671  34.716 0.0000000000
26378  -33.677  -46.523  33.166 0.0000000000
27358  -33.282  -46.045  31.664 0.0000000000
28332  -33.285  -45.798  29.955 0.0000000000
22735  -38.926  -52.079  32.055 0.0000000000
24535  -37.167  -50.270  30.598 0.0000000000
25477  -36.347  -48.949  30.528 0.0000000000
26418  -35.113  -48.057  29.661 0.0000000000
27382  -34.153  -46.882  29.715 0.0000000000
27380  -32.576  -46.136  29.238 0.0000000000
34386  -45.575  -38.173  34.548 0.0000000000
35268  -46.078  -37.631  33.883 0.0000000000
118061  -45.683  -37.287  34.558 0.0000000000
34371  -45.241  -38.192  35.700 0.0000000000
112377  -45.351  -38.857  34.918 0.0000000000
34399  -45.772  -38.819  33.622 0.0000000000
41595  -55.463  -29.356  24.397 0.0000000000
41607  -55.816  -29.370  23.598 0.0000000000
41596  -56.438  -29.563  24.301 0.0000000000
124297  -31.787  -48.213  38.977 0.0000000000
26304  -32.977  -48.033  38.696 0.0000000000
123447  -42.877  -34.637  22.891 0.0000000000
37752  -43.102  -35.076  23.386 0.0000000000
38508  -49.474  -33.196  28.604 0.0000000000
37723  -49.673  -33.268  29.042 0.0000000000
38499  -50.284  -33.099  29.664 0.0000000000
29206  -41.373  -44.709  40.278 0.0000000000
28255  -40.649  -45.575  39.781 0.0000000000
28246  -41.311  -45.062  39.741 0.0000000000
32870  -39.723  -40.081  28.379 0.0000000000
32080  -39.046  -40.366  28.917 0.0000000000
36988  -42.401  -35.983  23.144 0.0000000000
36989  -42.750  -35.621  23.248 0.0000000000
47347  -52.836  -21.978  32.055 0.0000000000
112525  -53.864  -23.032  31.335 0.0000000000
47355  -52.828  -23.110  30.660 0.0000000000
124745  -52.428  -22.240  30.622 0.0000000000
125905  -23.433  -49.888  35.165 0.0000000000
28343  -31.125  -45.394  29.940 0.0000000000
127130  -31.192  -45.634  29.192 0.0000000000
28360  -30.792  -45.834  28.675 0.0000000000
24525  -39.803  -49.712  31.701 0.0000000000
34472  -45.308  -37.774  27.906 0.0000000000
35380  -45.335  -37.229  27.518 0.0000000000
36916  -44.849  -35.228  31.719 0.0000000000
106801  -46.048  -34.538  31.210 0.0000000000
37693  -46.954  -34.051  30.583 0.0000000000
120923  -46.692  -34.081  32.077 0.0000000000
31930  -44.306  -42.254  38.559 0.0000000000
122222  -43.559  -41.565  37.866 0.0000000000
112815  -44.325  -42.022  31.610 0.0000000000
32032  -44.365  -42.240  31.929 0.0000000000
122755  -43.874  -41.962  31.430 0.0000000000
32054  -43.236  -41.578  30.798 0.0000000000
32075  -43.308  -41.022  29.998 0.0000000000
32856  -43.427  -40.887  29.183 0.0000000000
33632  -45.030  -38.330  28.306 0.0000000000
104909  -44.841  -37.940  27.242 0.0000000000
25368  -27.374  -46.910  38.365 0.0000000000
112402  -27.691  -48.040  36.955 0.0000000000
25386  -28.238  -47.863  37.274 0.0000000000
26361  -31.889  -46.508  35.703 0.0000000000
26360  -30.997  -46.438  35.130 0.0000000000
27318  -31.825  -46.229  34.872 0.0000000000
27328  -31.503  -46.426  33.925 0.0000000000
38527  -45.702  -34.274  26.861 0.0000000000
38528  -46.461  -33.347  26.911 0.0000000000
40774  -47.446  -30.570  26.295 0.0000000000
40747  -52.513  -30.326  28.932 0.0000000000
40761  -52.823  -29.630  28.318 0.0000000000
41542  -53.245  -29.164  27.491 0.0000000000
105956  -36.472  -45.170  40.493 0.0000000000
27298  -38.706  -45.602  36.457 0.0000000000
111205  -38.565  -46.516  36.061 0.0000000000
30223  -40.249  -43.125  35.350 0.0000000000
31124  -40.582  -42.538  34.573 0.0000000000
30267  -37.715  -43.753  30.343 0.0000000000
29304  -37.712  -44.739  30.770 0.0000000000
28319  -38.223  -45.570  31.592 0.0000000000
35388  -40.654  -37.918  25.314 0.0000000000
39151  -49.134  -31.727  35.901 0.0000000000
39167  -53.060  -31.832  34.785 0.0000000000
38452  -52.864  -32.549  33.555 0.0000000000
39202  -53.083  -32.548  33.302 0.0000000000
40728  -55.751  -30.374  30.340 0.0000000000
40737  -56.682  -29.835  29.332 0.0000000000
40729  -56.498  -29.753  29.770 0.0000000000
121859  -54.414  -24.386  33.660 0.0000000000
44743  -54.992  -25.249  33.658 0.0000000000
44759  -55.288  -25.220  33.170 0.0000000000
43973  -57.787  -26.582  28.060 0.0000000000
43154  -58.273  -27.381  27.513 0.0000000000
43984  -58.197  -27.004  27.157 0.0000000000
44000  -58.072  -27.355  26.135 0.0000000000
43999  -58.069  -26.722  26.901 0.0000000000
106725  -55.566  -25.742  25.038 0.0000000000
44855  -55.411  -25.521  24.024 0.0000000000
50349  -54.381  -19.353  29.483 0.0000000000
50348  -53.775  -19.862  29.081 0.0000000000
50366  -54.460  -19.197  28.443 0.0000000000
22693  -19.908  -51.484  35.326 0.0000000000
116199  -22.033  -49.067  31.387 0.0000000000
24528  -21.377  -49.275  30.193 0.0000000000
24529  -22.008  -48.911  30.665 0.0000000000
26373  -26.586  -47.279  33.189 0.0000000000
124806  -26.450  -46.969  32.598 0.0000000000
26443  -24.775  -46.939  27.079 0.0000000000
110562  -35.321  -47.464  35.824 0.0000000000
24512  -36.741  -49.974  32.653 0.0000000000
25457  -35.803  -48.500  31.961 0.0000000000
25468  -36.052  -48.408  31.064 0.0000000000
35324  -46.409  -38.070  31.175 0.0000000000
35338  -45.801  -37.908  30.253 0.0000000000
35323  -44.982  -38.385  31.801 0.0000000000
105577  -45.847  -36.732  33.707 0.0000000000
36144  -44.813  -37.212  32.673 0.0000000000
36131  -44.802  -35.956  32.908 0.0000000000
36915  -44.645  -36.082  32.185 0.0000000000
36906  -45.301  -35.346  33.598 0.0000000000
33546  -44.119  -38.905  37.544 0.0000000000
32771  -44.175  -40.110  36.362 0.0000000000
33559  -44.745  -39.693  35.756 0.0000000000
32791  -45.575  -40.266  33.044 0.0000000000
31972  -45.318  -40.310  33.747 0.0000000000
32034  -45.152  -41.691  32.117 0.0000000000
32817  -45.414  -40.591  31.814 0.0000000000
32818  -47.009  -39.718  31.166 0.0000000000
33586  -47.218  -39.336  31.203 0.0000000000
33600  -47.152  -38.954  30.647 0.0000000000
112638  -56.958  -29.536  22.814 0.0000000000
109082  -29.795  -48.006  39.069 0.0000000000
26303  -29.305  -47.816  38.378 0.0000000000
25388  -31.817  -48.250  37.876 0.0000000000
120095  -31.039  -48.059  37.959 0.0000000000
26333  -31.840  -47.273  36.503 0.0000000000
26334  -32.763  -47.955  36.390 0.0000000000
38558  -42.869  -33.730  23.003 0.0000000000
37740  -47.702  -33.566  27.597 0.0000000000
38517  -48.472  -33.422  27.902 0.0000000000
38518  -49.285  -33.012  28.103 0.0000000000
40019  -48.712  -31.949  27.060 0.0000000000
40007  -49.294  -31.571  27.286 0.0000000000
40008  -49.606  -31.791  27.936 0.0000000000
39996  -50.382  -31.004  28.445 0.0000000000
40746  -51.431  -30.571  28.853 0.0000000000
28242  -37.969  -45.161  40.161 0.0000000000
29231  -39.687  -44.438  38.889 0.0000000000
110975  -39.067  -44.867  37.305 0.0000000000
32029  -39.682  -40.588  32.047 0.0000000000
32006  -39.649  -41.536  32.550 0.0000000000
32050  -38.408  -42.169  30.207 0.0000000000
31175  -38.117  -42.870  30.595 0.0000000000
31189  -37.899  -42.739  29.718 0.0000000000
31188  -37.574  -43.106  29.164 0.0000000000
31197  -37.922  -42.319  29.021 0.0000000000
35390  -42.177  -36.396  25.099 0.0000000000
35410  -41.763  -36.604  23.554 0.0000000000
40680  -54.506  -30.467  35.895 0.0000000000
40688  -54.595  -30.374  35.401 0.0000000000
42278  -55.069  -29.810  34.602 0.0000000000
41483  -55.348  -29.866  35.051 0.0000000000
41484  -55.455  -29.406  34.313 0.0000000000
41493  -55.037  -29.061  33.307 0.0000000000
116147  -53.125  -22.513  32.902 0.0000000000
47335  -52.750  -22.320  33.609 0.0000000000
47336  -53.773  -23.167  32.987 0.0000000000
46422  -54.530  -23.644  32.883 0.0000000000
46423  -54.907  -24.084  32.664 0.0000000000
46433  -54.645  -24.062  31.764 0.0000000000
46450  -54.249  -24.603  30.283 0.0000000000
45619  -54.504  -25.133  30.650 0.0000000000
44785  -54.889  -25.443  29.949 0.0000000000
44795  -56.354  -25.665  28.854 0.0000000000
44794  -55.440  -25.331  29.015 0.0000000000
44802  -55.974  -25.768  28.179 0.0000000000
125865  -54.589  -25.173  29.000 0.0000000000
45633  -53.381  -23.962  28.453 0.0000000000
45644  -53.657  -24.758  27.786 0.0000000000
44822  -53.827  -25.017  26.680 0.0000000000
46474  -53.102  -23.844  27.571 0.0000000000
50368  -56.153  -18.631  27.749 0.0000000000
109432  -21.572  -50.834  35.284 0.0000000000
22708  -22.104  -50.365  34.889 0.0000000000
24477  -22.878  -49.468  34.178 0.0000000000
124448  -22.357  -49.963  34.327 0.0000000000
24493  -22.724  -48.920  33.512 0.0000000000
27339  -29.022  -45.548  32.243 0.0000000000
28315  -28.537  -45.395  31.369 0.0000000000
28340  -27.878  -45.380  29.608 0.0000000000
28357  -27.299  -45.453  29.065 0.0000000000
118867  -28.014  -45.672  28.667 0.0000000000
27397  -27.682  -46.217  28.099 0.0000000000
27400  -30.275  -46.370  28.253 0.0000000000
26431  -29.677  -47.260  28.104 0.0000000000
24484  -37.746  -49.312  34.544 0.0000000000
23607  -38.111  -49.797  34.033 0.0000000000
23639  -39.054  -51.134  32.977 0.0000000000
117238  -38.197  -50.728  33.240 0.0000000000
23638  -38.285  -51.311  32.693 0.0000000000
36228  -44.133  -36.557  25.850 0.0000000000
36229  -44.713  -36.664  26.424 0.0000000000
108689  -45.259  -36.419  26.919 0.0000000000
36222  -45.633  -35.925  27.557 0.0000000000
36973  -45.656  -35.340  27.205 0.0000000000
36966  -46.018  -35.481  28.016 0.0000000000
36173  -45.621  -36.961  29.715 0.0000000000
36940  -46.077  -34.942  29.371 0.0000000000
36949  -46.138  -35.478  28.890 0.0000000000
36958  -46.537  -34.710  28.467 0.0000000000
121303  -46.933  -34.464  28.275 0.0000000000
119735  -47.807  -34.035  30.331 0.0000000000
37712  -49.018  -33.795  29.406 0.0000000000
37694  -48.695  -33.818  30.787 0.0000000000
30146  -43.256  -43.247  39.568 0.0000000000
30161  -43.467  -43.823  39.223 0.0000000000
30181  -44.058  -43.827  38.981 0.0000000000
31083  -42.632  -41.893  37.148 0.0000000000
31061  -42.449  -42.619  37.685 0.0000000000
31082  -41.851  -42.050  36.583 0.0000000000
31955  -44.036  -41.092  34.958 0.0000000000
114224  -43.095  -40.614  35.755 0.0000000000
31970  -43.904  -41.666  33.944 0.0000000000
31987  -43.537  -41.923  33.302 0.0000000000
31968  -42.360  -41.537  34.222 0.0000000000
32008  -41.796  -40.779  32.639 0.0000000000
32073  -42.194  -40.940  30.028 0.0000000000
32052  -41.624  -40.360  30.662 0.0000000000
106020  -41.522  -40.278  29.937 0.0000000000
32854  -40.584  -39.877  29.776 0.0000000000
32885  -40.576  -39.790  28.099 0.0000000000
32886  -41.657  -39.617  28.637 0.0000000000
32887  -42.862  -39.806  28.148 0.0000000000
32876  -44.494  -40.704  28.374 0.0000000000
34481  -44.407  -38.781  26.803 0.0000000000
33658  -44.168  -39.868  26.879 0.0000000000
108784  -43.970  -38.859  26.649 0.0000000000
126305  -43.253  -38.812  26.697 0.0000000000
34480  -43.229  -38.160  26.553 0.0000000000
35391  -44.577  -37.404  26.594 0.0000000000
36227  -44.105  -36.820  25.961 0.0000000000
50317  -54.620  -19.042  32.524 0.0000000000
51221  -55.057  -18.167  32.555 0.0000000000
50318  -55.043  -18.610  31.634 0.0000000000
110880  -55.437  -18.047  31.664 0.0000000000
51232  -55.936  -17.677  31.216 0.0000000000
52131  -56.274  -17.248  30.784 0.0000000000
24468  -25.473  -48.606  35.951 0.0000000000
25400  -26.036  -48.429  36.728 0.0000000000
25418  -26.994  -48.261  35.685 0.0000000000
25432  -27.607  -48.009  34.982 0.0000000000
25446  -27.314  -48.028  34.310 0.0000000000
25404  -28.971  -47.802  36.855 0.0000000000
126497  -29.337  -47.644  36.191 0.0000000000
26375  -28.596  -46.958  34.194 0.0000000000
114780  -29.183  -45.979  32.961 0.0000000000
106419  -29.770  -46.123  33.589 0.0000000000
28306  -31.385  -45.702  32.774 0.0000000000
27341  -30.556  -45.936  33.094 0.0000000000
124762  -31.844  -45.470  32.377 0.0000000000
28317  -31.380  -45.311  31.868 0.0000000000
28318  -32.335  -45.554  31.927 0.0000000000
115663  -43.464  -34.817  24.126 0.0000000000
37746  -43.918  -34.433  24.988 0.0000000000
109940  -44.803  -32.883  25.652 0.0000000000
38542  -44.111  -33.541  24.952 0.0000000000
39280  -44.233  -32.692  24.778 0.0000000000
121812  -46.305  -30.813  25.555 0.0000000000
41553  -50.536  -29.001  27.003 0.0000000000
42401  -52.141  -28.596  25.283 0.0000000000
41556  -54.385  -28.917  26.351 0.0000000000
41573  -54.669  -29.143  25.701 0.0000000000
26292  -34.205  -47.242  39.046 0.0000000000
26293  -35.080  -46.964  38.963 0.0000000000
26308  -36.387  -47.711  38.348 0.0000000000
26307  -35.679  -47.805  38.354 0.0000000000
26321  -36.491  -47.957  37.584 0.0000000000
28253  -37.986  -44.830  39.318 0.0000000000
27276  -37.157  -45.676  38.975 0.0000000000
28260  -37.807  -45.455  38.399 0.0000000000
26337  -38.387  -47.253  36.120 0.0000000000
26336  -37.613  -47.553  36.376 0.0000000000
25422  -37.598  -48.704  35.183 0.0000000000
25423  -38.257  -48.212  34.894 0.0000000000
26365  -38.936  -47.510  33.762 0.0000000000
25435  -38.703  -48.237  34.206 0.0000000000
119777  -39.466  -48.384  33.024 0.0000000000
120280  -39.609  -47.960  32.652 0.0000000000
30179  -41.810  -43.193  38.065 0.0000000000
30196  -41.007  -43.118  37.523 0.0000000000
122195  -39.761  -43.749  35.513 0.0000000000
31156  -39.325  -42.419  32.796 0.0000000000
30251  -39.093  -43.598  33.025 0.0000000000
29288  -39.246  -44.837  32.963 0.0000000000
28287  -39.385  -45.007  34.103 0.0000000000
28295  -39.458  -45.407  33.367 0.0000000000
27360  -38.548  -46.529  31.380 0.0000000000
27361  -39.281  -47.106  31.904 0.0000000000
26403  -39.551  -47.868  31.688 0.0000000000
33644  -40.393  -39.307  27.665 0.0000000000
107274  -20.934  -51.558  36.429 0.0000000000
25366  -24.807  -48.331  38.597 0.0000000000
26286  -28.482  -47.357  39.509 0.0000000000
27247  -33.281  -46.363  40.303 0.0000000000
27212  -35.076  -47.298  42.584 0.0000000000
28207  -37.038  -45.780  43.158 0.0000000000
28206  -36.071  -45.602  43.412 0.0000000000
27214  -36.916  -46.516  42.325 0.0000000000
27215  -37.782  -46.826  41.833 0.0000000000
27231  -38.011  -47.045  41.465 0.0000000000
29161  -38.968  -44.127  42.706 0.0000000000
29173  -39.237  -44.536  41.667 0.0000000000
29192  -40.553  -44.914  40.620 0.0000000000
29174  -40.086  -44.110  41.366 0.0000000000
31017  -41.319  -42.272  40.302 0.0000000000
30133  -41.552  -42.703  39.652 0.0000000000
110250  -42.480  -41.348  39.088 0.0000000000
31903  -42.848  -40.701  39.466 0.0000000000
31904  -43.802  -41.010  39.612 0.0000000000
34342  -44.988  -37.273  37.505 0.0000000000
36110  -45.841  -36.077  35.732 0.0000000000
36889  -45.935  -35.400  37.276 0.0000000000
38422  -45.948  -33.467  36.638 0.0000000000
37658  -45.779  -34.466  36.281 0.0000000000
37661  -45.728  -34.194  35.451 0.0000000000
125192  -45.768  -33.772  35.007 0.0000000000
39161  -47.243  -32.155  35.257 0.0000000000
39149  -46.704  -31.860  35.820 0.0000000000
39181  -46.785  -32.698  34.922 0.0000000000
38446  -46.752  -32.950  34.312 0.0000000000
38461  -46.967  -33.263  33.456 0.0000000000
38447  -47.854  -32.612  33.960 0.0000000000
123172  -49.785  -32.603  33.547 0.0000000000
115674  -49.327  -32.711  32.870 0.0000000000
38475  -49.784  -33.062  32.412 0.0000000000
37673  -50.610  -33.611  32.822 0.0000000000
39164  -50.546  -31.776  35.483 0.0000000000
39185  -51.026  -31.951  34.646 0.0000000000
37675  -52.219  -33.550  32.705 0.0000000000
38465  -51.825  -33.092  33.231 0.0000000000
37684  -51.042  -33.750  32.282 0.0000000000
37685  -51.816  -34.020  32.294 0.0000000000
37706  -51.550  -33.136  31.084 0.0000000000
37698  -52.067  -33.800  31.634 0.0000000000
107528  -53.889  -32.843  31.721 0.0000000000
111621  -52.796  -32.634  31.311 0.0000000000
38502  -53.676  -32.368  31.022 0.0000000000
39240  -53.584  -31.982  30.156 0.0000000000
116712  -54.191  -32.035  30.170 0.0000000000
39952  -53.803  -30.773  33.499 0.0000000000
39204  -53.762  -31.788  32.789 0.0000000000
39216  -54.716  -31.844  32.095 0.0000000000
39987  -55.240  -31.010  29.903 0.0000000000
39233  -54.862  -31.408  30.507 0.0000000000
39986  -54.880  -31.095  29.879 0.0000000000
40000  -54.627  -31.241  29.756 0.0000000000
118645  -54.820  -30.673  29.317 0.0000000000
40750  -55.583  -30.064  28.978 0.0000000000
40002  -57.223  -30.118  28.918 0.0000000000
40764  -56.038  -29.863  28.044 0.0000000000
40780  -56.409  -30.079  26.978 0.0000000000
120697  -56.034  -30.107  26.483 0.0000000000
40781  -57.099  -29.816  26.772 0.0000000000
127105  -55.560  -26.499  33.451 0.0000000000
43905  -55.594  -26.985  33.553 0.0000000000
122437  -55.569  -27.952  32.528 0.0000000000
116963  -55.581  -27.463  32.103 0.0000000000
45604  -55.016  -25.413  32.081 0.0000000000
44760  -55.305  -25.646  32.509 0.0000000000
44771  -55.198  -25.994  31.530 0.0000000000
43142  -57.450  -27.419  29.262 0.0000000000
43130  -57.524  -28.168  29.409 0.0000000000
42337  -58.109  -28.815  29.336 0.0000000000
120166  -58.192  -29.620  29.230 0.0000000000
41544  -58.214  -28.546  26.892 0.0000000000
41543  -58.062  -28.851  26.771 0.0000000000
40795  -57.793  -28.927  25.624 0.0000000000
42402  -58.546  -27.807  25.040 0.0000000000
42418  -58.545  -28.031  24.809 0.0000000000
42419  -58.724  -28.127  23.947 0.0000000000
42430  -58.627  -28.175  23.756 0.0000000000
44825  -56.751  -26.032  26.760 0.0000000000
44844  -57.314  -25.992  25.806 0.0000000000
44858  -58.155  -26.409  24.440 0.0000000000
126094  -58.498  -26.861  24.434 0.0000000000
44034  -58.701  -26.697  23.711 0.0000000000
44036  -59.075  -27.210  23.213 0.0000000000
49328  -52.938  -20.352  30.441 0.0000000000
48342  -52.431  -21.409  29.968 0.0000000000
49350  -52.820  -20.859  27.964 0.0000000000
46484  -52.428  -23.026  26.450 0.0000000000
47419  -52.282  -22.291  25.811 0.0000000000
113489  -55.142  -20.160  26.173 0.0000000000
49359  -54.529  -19.565  26.824 0.0000000000
48420  -54.263  -21.483  24.496 0.0000000000
46504  -54.078  -23.494  23.929 0.0000000000
23615  -20.884  -50.698  32.902 0.0000000000
23646  -20.495  -50.216  31.351 0.0000000000
22729  -20.191  -50.879  32.549 0.0000000000
23660  -19.570  -50.468  30.608 0.0000000000
24543  -21.346  -49.223  28.969 0.0000000000
24564  -20.322  -49.468  28.693 0.0000000000
24565  -20.857  -49.025  28.012 0.0000000000
24578  -20.965  -48.708  27.243 0.0000000000
24480  -25.329  -48.793  34.844 0.0000000000
24479  -24.482  -49.140  34.715 0.0000000000
25455  -25.169  -47.851  32.613 0.0000000000
25453  -23.558  -47.997  32.360 0.0000000000
27355  -26.558  -46.293  31.235 0.0000000000
27376  -24.263  -46.523  29.242 0.0000000000
26405  -23.848  -47.385  29.869 0.0000000000
25487  -23.253  -47.958  29.375 0.0000000000
26413  -23.262  -47.330  28.330 0.0000000000
25522  -27.466  -47.227  27.896 0.0000000000
25521  -26.857  -47.525  27.727 0.0000000000
25373  -34.264  -47.860  37.466 0.0000000000
25372  -33.292  -48.025  37.960 0.0000000000
25407  -33.957  -48.587  35.998 0.0000000000
124914  -33.920  -48.214  35.369 0.0000000000
24482  -35.981  -48.508  34.791 0.0000000000
24495  -35.897  -48.393  34.588 0.0000000000
25434  -35.232  -47.685  34.708 0.0000000000
26379  -34.827  -47.422  34.080 0.0000000000
109218  -34.066  -46.866  34.099 0.0000000000
125378  -33.414  -46.432  33.961 0.0000000000
27359  -34.384  -46.360  31.603 0.0000000000
27371  -33.764  -45.972  30.746 0.0000000000
22760  -39.060  -52.305  31.033 0.0000000000
22748  -38.313  -51.875  31.155 0.0000000000
23669  -37.522  -51.167  30.582 0.0000000000
24555  -36.401  -50.171  29.711 0.0000000000
24534  -36.733  -49.653  30.155 0.0000000000
25476  -35.785  -48.471  30.114 0.0000000000
26417  -34.356  -47.734  29.373 0.0000000000
26416  -33.592  -47.436  29.186 0.0000000000
27381  -33.426  -46.558  29.471 0.0000000000
26415  -32.838  -47.140  28.985 0.0000000000
107206  -45.427  -39.021  32.495 0.0000000000
35286  -45.575  -38.077  33.392 0.0000000000
33553  -45.107  -38.838  36.110 0.0000000000
33560  -45.152  -39.408  35.174 0.0000000000
33569  -45.596  -39.549  33.455 0.0000000000
33584  -45.584  -39.883  31.981 0.0000000000
33573  -45.595  -39.864  32.715 0.0000000000
34412  -45.558  -39.397  33.000 0.0000000000
42417  -53.927  -28.771  24.243 0.0000000000
42429  -55.331  -28.849  23.066 0.0000000000
42440  -55.555  -28.722  22.234 0.0000000000
41608  -56.670  -29.589  23.385 0.0000000000
25389  -32.744  -48.151  37.500 0.0000000000
37732  -49.151  -33.285  28.224 0.0000000000
39259  -49.533  -32.508  28.170 0.0000000000
38519  -49.708  -32.837  28.625 0.0000000000
112156  -50.157  -32.586  29.281 0.0000000000
28244  -40.122  -46.086  40.079 0.0000000000
116938  -40.001  -46.108  39.843 0.0000000000
125547  -40.453  -44.784  39.415 0.0000000000
29232  -40.300  -43.935  38.756 0.0000000000
32835  -39.741  -40.286  30.295 0.0000000000
117943  -39.460  -41.172  31.057 0.0000000000
32072  -39.080  -40.825  29.541 0.0000000000
32085  -37.962  -41.029  28.004 0.0000000000
35400  -42.698  -36.139  24.446 0.0000000000
36244  -42.213  -36.275  23.438 0.0000000000
47344  -53.918  -22.918  32.555 0.0000000000
46432  -54.420  -23.374  32.096 0.0000000000
108104  -54.167  -23.844  30.652 0.0000000000
46449  -53.861  -23.833  30.064 0.0000000000
124726  -53.988  -24.400  29.669 0.0000000000
46448  -53.215  -23.335  29.689 0.0000000000
46457  -53.266  -23.156  28.800 0.0000000000
23597  -22.845  -50.213  35.430 0.0000000000
24478  -23.651  -49.456  34.591 0.0000000000
109020  -29.715  -45.294  30.772 0.0000000000
28329  -29.021  -45.327  30.668 0.0000000000
111744  -29.605  -45.305  30.046 0.0000000000
28341  -29.394  -45.472  29.303 0.0000000000
28358  -29.010  -45.781  28.732 0.0000000000
28359  -29.919  -45.689  28.684 0.0000000000
114721  -31.157  -46.619  28.354 0.0000000000
24499  -38.952  -49.706  33.816 0.0000000000
23621  -39.339  -50.124  33.091 0.0000000000
22736  -39.318  -51.708  32.131 0.0000000000
35392  -44.924  -37.053  26.700 0.0000000000
37702  -46.868  -34.286  29.797 0.0000000000
31034  -44.272  -43.380  39.049 0.0000000000
31048  -44.302  -43.207  38.745 0.0000000000
31062  -43.320  -42.279  38.142 0.0000000000
31989  -44.655  -41.835  32.997 0.0000000000
107560  -44.277  -42.179  32.581 0.0000000000
32010  -43.881  -42.232  32.369 0.0000000000
32030  -42.512  -41.113  31.810 0.0000000000
32855  -42.419  -40.684  29.443 0.0000000000
32873  -43.268  -40.580  28.651 0.0000000000
32888  -43.763  -41.104  27.556 0.0000000000
33631  -44.731  -39.307  28.725 0.0000000000
125139  -44.418  -40.001  28.057 0.0000000000
33649  -44.566  -39.370  27.686 0.0000000000
34470  -44.582  -38.974  27.006 0.0000000000
34492  -44.311  -37.989  26.665 0.0000000000
34482  -44.584  -38.057  26.890 0.0000000000
25384  -26.616  -48.128  37.259 0.0000000000
122063  -27.189  -48.100  36.942 0.0000000000
25402  -27.433  -48.098  36.424 0.0000000000
117936  -30.002  -47.463  35.942 0.0000000000
26359  -30.278  -46.527  34.359 0.0000000000
27327  -30.705  -46.297  33.777 0.0000000000
27342  -31.936  -46.080  33.418 0.0000000000
124583  -45.578  -32.847  26.030 0.0000000000
40023  -46.871  -31.972  26.123 0.0000000000
40017  -46.941  -31.187  26.066 0.0000000000
41540  -51.011  -29.491  27.797 0.0000000000
118307  -52.556  -28.774  26.838 0.0000000000
41571  -52.835  -28.625  25.943 0.0000000000
40778  -54.259  -29.181  27.287 0.0000000000
27249  -35.054  -46.143  41.168 0.0000000000
27265  -35.347  -46.526  39.920 0.0000000000
125814  -35.842  -46.174  39.890 0.0000000000
27275  -36.622  -46.771  38.827 0.0000000000
27286  -37.997  -46.035  37.426 0.0000000000
27297  -38.426  -46.299  36.626 0.0000000000
26349  -38.298  -47.660  35.387 0.0000000000
109751  -39.311  -46.817  33.434 0.0000000000
30214  -41.320  -42.860  37.002 0.0000000000
30213  -40.818  -43.024  37.001 0.0000000000
30224  -40.746  -42.887  36.320 0.0000000000
30250  -38.554  -43.597  32.089 0.0000000000
29296  -38.803  -45.253  32.381 0.0000000000
34477  -40.498  -37.722  26.875 0.0000000000
106348  -34.018  -46.096  41.252 0.0000000000
28230  -33.391  -45.243  41.422 0.0000000000
29159  -37.343  -44.663  43.320 0.0000000000
28208  -37.830  -45.450  42.589 0.0000000000
29160  -38.158  -44.413  42.940 0.0000000000
31009  -41.251  -41.543  40.650 0.0000000000
37646  -46.250  -34.342  38.090 0.0000000000
38410  -46.087  -33.371  37.479 0.0000000000
39150  -47.794  -31.581  35.763 0.0000000000
39183  -48.713  -32.324  34.644 0.0000000000
38448  -49.653  -32.329  34.399 0.0000000000
39936  -51.673  -31.403  35.385 0.0000000000
39166  -52.311  -31.748  34.898 0.0000000000
39186  -51.974  -32.046  34.595 0.0000000000
38466  -52.649  -32.939  33.004 0.0000000000
37676  -52.964  -33.270  32.489 0.0000000000
37699  -52.913  -33.561  31.895 0.0000000000
37687  -53.162  -33.382  32.213 0.0000000000
38483  -53.588  -33.126  32.119 0.0000000000
38484  -54.189  -32.792  31.958 0.0000000000
126349  -54.873  -30.308  32.227 0.0000000000
39962  -55.009  -31.065  31.444 0.0000000000
39978  -55.530  -30.600  30.353 0.0000000000
126231  -55.677  -30.560  29.984 0.0000000000
40001  -55.882  -30.128  29.311 0.0000000000
39988  -56.311  -30.020  29.514 0.0000000000
111780  -55.203  -26.106  34.057 0.0000000000
119596  -55.394  -26.000  33.567 0.0000000000
43959  -56.681  -26.048  29.631 0.0000000000
43948  -56.485  -26.431  30.001 0.0000000000
43960  -57.217  -26.662  29.121 0.0000000000
43961  -57.834  -27.092  28.480 0.0000000000
43153  -58.183  -27.444  28.243 0.0000000000
42361  -58.331  -28.246  28.568 0.0000000000
42362  -58.360  -27.865  27.884 0.0000000000
42374  -58.344  -28.026  27.099 0.0000000000
42386  -58.641  -28.223  26.142 0.0000000000
41578  -58.421  -28.358  25.408 0.0000000000
43186  -58.434  -27.965  25.472 0.0000000000
110898  -55.304  -25.820  25.867 0.0000000000
107694  -56.583  -25.910  25.180 0.0000000000
44866  -57.328  -26.145  23.763 0.0000000000
50337  -53.570  -19.724  29.957 0.0000000000
49339  -53.100  -20.449  29.496 0.0000000000
49358  -53.312  -19.994  27.763 0.0000000000
109574  -56.012  -20.682  25.221 0.0000000000
48407  -55.002  -20.824  25.156 0.0000000000
109433  -19.320  -50.969  33.923 0.0000000000
23632  -21.344  -50.057  32.443 0.0000000000
23647  -21.143  -49.932  31.619 0.0000000000
24520  -20.874  -49.742  30.800 0.0000000000
23661  -20.216  -50.095  30.620 0.0000000000
25430  -25.708  -48.511  33.850 0.0000000000
25444  -25.850  -47.919  33.250 0.0000000000
26400  -25.203  -47.273  31.820 0.0000000000
28338  -26.362  -45.547  29.587 0.0000000000
27378  -25.730  -45.996  29.650 0.0000000000
27377  -25.007  -45.899  29.017 0.0000000000
25531  -23.516  -47.511  26.817 0.0000000000
25519  -24.462  -47.653  26.846 0.0000000000
24581  -26.086  -48.826  27.380 0.0000000000
25390  -34.869  -47.503  36.171 0.0000000000
24469  -34.952  -47.467  35.286 0.0000000000
113268  -36.638  -49.602  33.592 0.0000000000
24496  -36.148  -48.894  33.930 0.0000000000
106401  -34.836  -47.553  33.033 0.0000000000
26391  -34.322  -46.862  32.586 0.0000000000
26401  -35.003  -47.049  31.062 0.0000000000
24554  -35.468  -49.839  29.582 0.0000000000
25493  -35.256  -48.938  29.633 0.0000000000
34445  -45.772  -38.108  29.732 0.0000000000
36158  -44.751  -37.409  31.321 0.0000000000
36926  -44.696  -36.346  31.284 0.0000000000
37672  -45.157  -33.851  33.083 0.0000000000
32758  -43.792  -40.478  38.592 0.0000000000
32757  -43.822  -41.172  38.115 0.0000000000
32783  -44.671  -40.735  34.339 0.0000000000
32777  -44.949  -39.999  34.766 0.0000000000
31971  -44.934  -41.087  33.534 0.0000000000
32033  -44.794  -42.128  31.980 0.0000000000
32055  -44.125  -41.327  31.086 0.0000000000
32076  -43.644  -40.800  30.027 0.0000000000
32837  -44.418  -40.538  30.461 0.0000000000
123113  -45.095  -39.861  30.372 0.0000000000
119959  -45.651  -39.394  30.692 0.0000000000
33615  -45.339  -39.126  29.905 0.0000000000
105095  -45.737  -38.537  30.071 0.0000000000
26317  -29.651  -47.623  37.604 0.0000000000
26318  -30.491  -47.653  37.458 0.0000000000
26332  -30.730  -47.368  36.665 0.0000000000
37739  -47.082  -34.124  27.841 0.0000000000
105810  -47.104  -33.510  27.360 0.0000000000
38529  -47.329  -32.993  27.150 0.0000000000
39266  -47.983  -32.501  27.124 0.0000000000
126653  -47.884  -31.952  26.910 0.0000000000
40018  -48.126  -31.244  26.816 0.0000000000
40775  -48.416  -30.331  26.562 0.0000000000
124911  -49.427  -30.801  27.190 0.0000000000
40759  -50.403  -30.340  27.897 0.0000000000
117382  -50.987  -30.174  28.346 0.0000000000
27251  -37.226  -45.259  40.772 0.0000000000
28261  -38.953  -44.600  39.107 0.0000000000
28280  -38.801  -45.058  35.743 0.0000000000
31985  -41.035  -41.440  33.322 0.0000000000
31157  -40.055  -41.832  33.173 0.0000000000
31166  -38.495  -42.806  31.542 0.0000000000
30276  -37.537  -43.699  29.587 0.0000000000
35389  -41.687  -37.117  25.350 0.0000000000
35398  -41.080  -37.617  24.756 0.0000000000
35409  -41.350  -37.114  23.956 0.0000000000
108102  -42.049  -36.699  23.044 0.0000000000
120920  -53.426  -31.321  35.049 0.0000000000
39938  -53.281  -31.570  34.805 0.0000000000
39189  -53.170  -31.994  34.064 0.0000000000
39945  -53.607  -30.995  34.623 0.0000000000
40698  -54.548  -29.950  33.286 0.0000000000
40709  -54.971  -29.581  32.822 0.0000000000
118274  -55.595  -29.231  31.104 0.0000000000
123981  -55.084  -24.445  33.117 0.0000000000
45612  -54.910  -25.652  31.325 0.0000000000
45611  -54.558  -25.034  31.290 0.0000000000
44786  -56.149  -25.606  29.655 0.0000000000
44804  -57.482  -26.237  28.013 0.0000000000
44805  -57.937  -26.411  27.430 0.0000000000
44803  -56.768  -26.057  27.691 0.0000000000
119388  -56.005  -26.030  27.351 0.0000000000
44793  -54.513  -25.401  28.345 0.0000000000
44823  -54.632  -25.624  26.475 0.0000000000
44841  -53.977  -25.263  25.900 0.0000000000
45664  -53.859  -25.061  25.128 0.0000000000
110531  -55.074  -19.091  29.086 0.0000000000
50367  -55.379  -18.809  28.196 0.0000000000
49360  -55.598  -19.641  26.738 0.0000000000
49372  -56.206  -20.362  26.250 0.0000000000
106360  -20.842  -51.114  35.241 0.0000000000
23605  -21.696  -50.274  34.106 0.0000000000
23616  -21.491  -50.132  33.300 0.0000000000
23633  -22.023  -49.347  32.816 0.0000000000
24523  -22.426  -49.038  31.920 0.0000000000
27325  -27.880  -46.451  32.912 0.0000000000
27338  -27.010  -46.643  32.621 0.0000000000
27369  -26.985  -45.795  30.825 0.0000000000
28328  -28.188  -45.326  30.513 0.0000000000
28327  -27.381  -45.323  30.294 0.0000000000
28326  -26.785  -45.440  30.122 0.0000000000
28356  -26.595  -45.460  29.014 0.0000000000
125404  -28.992  -46.984  28.160 0.0000000000
25421  -36.583  -48.636  35.541 0.0000000000
24470  -36.069  -48.539  35.101 0.0000000000
24497  -36.943  -49.729  34.010 0.0000000000
23619  -37.642  -50.137  33.699 0.0000000000
24524  -36.970  -50.194  31.610 0.0000000000
37743  -45.138  -34.992  26.652 0.0000000000
35367  -46.095  -37.135  28.829 0.0000000000
36203  -45.958  -36.376  28.629 0.0000000000
119505  -45.946  -35.987  29.260 0.0000000000
37730  -47.507  -34.128  28.109 0.0000000000
37721  -48.198  -33.881  28.446 0.0000000000
37711  -47.858  -34.076  29.116 0.0000000000
124180  -48.656  -33.808  28.772 0.0000000000
111361  -49.799  -33.617  30.012 0.0000000000
29221  -41.423  -43.853  39.540 0.0000000000
29222  -42.182  -43.401  39.411 0.0000000000
30198  -42.293  -43.029  38.038 0.0000000000
31081  -41.330  -42.576  36.439 0.0000000000
31125  -41.383  -42.063  34.797 0.0000000000
31943  -42.453  -41.140  36.168 0.0000000000
31969  -41.940  -41.536  34.800 0.0000000000
31142  -41.277  -41.787  34.102 0.0000000000
32815  -40.544  -39.888  32.083 0.0000000000
32816  -41.612  -40.337  31.683 0.0000000000
123691  -40.875  -39.814  31.302 0.0000000000
34469  -40.984  -38.271  27.586 0.0000000000
34478  -41.588  -38.095  26.839 0.0000000000
34489  -41.696  -37.630  26.078 0.0000000000
32857  -43.920  -41.281  28.682 0.0000000000
33647  -43.755  -40.496  27.196 0.0000000000
33630  -44.434  -40.769  27.609 0.0000000000
32889  -44.177  -41.066  27.436 0.0000000000
34479  -42.498  -38.132  26.484 0.0000000000
35401  -43.307  -36.615  25.721 0.0000000000
107166  -43.105  -35.983  24.399 0.0000000000
48317  -52.732  -21.179  31.819 0.0000000000
49299  -53.142  -20.235  32.469 0.0000000000
49315  -52.996  -20.228  31.411 0.0000000000
50316  -53.775  -19.576  31.910 0.0000000000
51222  -55.505  -17.445  31.980 0.0000000000
51231  -55.606  -18.305  30.981 0.0000000000
51238  -55.652  -18.454  30.158 0.0000000000
51253  -56.060  -18.042  29.522 0.0000000000
51264  -56.200  -18.010  28.172 0.0000000000
51254  -56.085  -17.446  28.602 0.0000000000
108802  -24.836  -49.028  36.331 0.0000000000
25417  -26.139  -48.521  35.258 0.0000000000
123834  -26.044  -48.611  34.434 0.0000000000
26374  -27.287  -47.478  33.822 0.0000000000
120806  -29.217  -47.564  35.505 0.0000000000
25433  -28.378  -47.703  35.259 0.0000000000
109115  -27.946  -46.886  33.765 0.0000000000
120514  -28.578  -46.072  32.742 0.0000000000
28304  -29.803  -45.369  32.045 0.0000000000
112532  -30.330  -45.272  31.388 0.0000000000
28331  -31.158  -45.235  30.847 0.0000000000
117002  -31.922  -45.323  30.353 0.0000000000
24537  -39.481  -50.141  31.143 0.0000000000
39279  -43.651  -33.348  24.257 0.0000000000
38536  -46.167  -32.836  26.222 0.0000000000
39270  -45.591  -32.295  25.758 0.0000000000
40022  -46.294  -31.732  25.783 0.0000000000
40788  -45.455  -31.344  25.446 0.0000000000
123867  -53.629  -28.753  24.835 0.0000000000
104920  -54.294  -28.960  24.945 0.0000000000
105613  -55.037  -29.263  25.075 0.0000000000
26291  -33.296  -47.517  39.095 0.0000000000
25374  -35.250  -48.122  37.603 0.0000000000
120755  -36.433  -48.188  36.059 0.0000000000
26335  -36.660  -47.834  36.536 0.0000000000
24486  -38.938  -49.027  33.993 0.0000000000
24500  -39.416  -49.126  33.201 0.0000000000
29233  -41.105  -43.452  38.900 0.0000000000
29241  -40.133  -43.592  37.794 0.0000000000
29251  -40.141  -43.495  37.032 0.0000000000
112504  -39.485  -44.149  37.179 0.0000000000
30242  -40.107  -42.810  34.032 0.0000000000
29267  -39.574  -44.210  34.251 0.0000000000
116232  -38.775  -45.452  34.680 0.0000000000
27346  -39.651  -47.133  32.919 0.0000000000
27345  -39.485  -46.727  32.624 0.0000000000
109727  -39.791  -48.274  32.009 0.0000000000
118676  -39.728  -48.517  31.653 0.0000000000
112603  -40.651  -37.601  24.341 0.0000000000
35240  -45.179  -37.466  36.369 0.0000000000
36097  -45.394  -36.858  35.988 0.0000000000
106846  -45.361  -36.977  36.927 0.0000000000
36087  -45.335  -36.273  38.083 0.0000000000
36879  -45.630  -35.632  38.480 0.0000000000
22687  -22.059  -50.901  36.554 0.0000000000
114032  -22.834  -50.323  36.356 0.0000000000
23590  -23.716  -49.939  36.732 0.0000000000
114832  -23.644  -49.683  37.568 0.0000000000
24451  -24.428  -49.256  37.088 0.0000000000
24444  -25.013  -48.692  37.756 0.0000000000
26301  -27.954  -47.249  39.050 0.0000000000
26288  -30.310  -47.758  39.453 0.0000000000
27248  -34.601  -46.333  41.491 0.0000000000
108210  -35.466  -46.501  41.500 0.0000000000
27213  -35.685  -47.013  42.223 0.0000000000
123423  -37.749  -47.040  41.269 0.0000000000
28231  -38.504  -46.434  41.138 0.0000000000
28217  -38.857  -45.547  41.216 0.0000000000
28232  -39.219  -46.008  40.357 0.0000000000
28233  -40.076  -45.579  40.388 0.0000000000
30117  -40.117  -43.257  42.380 0.0000000000
30118  -40.361  -43.105  41.114 0.0000000000
29193  -41.587  -43.717  40.111 0.0000000000
126550  -42.319  -42.195  39.634 0.0000000000
31019  -42.693  -42.211  39.076 0.0000000000
31025  -44.042  -43.149  39.641 0.0000000000
31026  -44.390  -42.553  39.328 0.0000000000
31921  -44.743  -41.810  39.223 0.0000000000
32742  -44.466  -40.751  40.068 0.0000000000
31913  -44.518  -40.910  39.602 0.0000000000
31922  -44.375  -40.919  39.238 0.0000000000
32750  -43.819  -39.701  39.204 0.0000000000
33541  -43.807  -39.339  38.390 0.0000000000
34341  -44.554  -37.982  37.357 0.0000000000
36109  -45.626  -36.699  35.108 0.0000000000
36121  -46.136  -35.918  34.834 0.0000000000
37666  -45.850  -35.038  35.411 0.0000000000
36899  -45.744  -35.051  34.427 0.0000000000
118297  -45.301  -34.172  33.707 0.0000000000
110369  -45.894  -32.511  36.939 0.0000000000
39924  -46.228  -31.876  36.450 0.0000000000
39148  -46.099  -32.625  36.175 0.0000000000
38445  -45.972  -33.220  34.811 0.0000000000
38460  -45.726  -33.435  33.729 0.0000000000
37681  -47.843  -34.066  32.004 0.0000000000
38462  -48.204  -32.839  33.043 0.0000000000
38474  -48.605  -33.323  32.339 0.0000000000
37695  -49.678  -33.277  31.140 0.0000000000
37705  -50.262  -33.316  30.648 0.0000000000
39152  -50.096  -31.574  35.901 0.0000000000
38449  -50.488  -32.464  33.913 0.0000000000
38450  -51.440  -32.474  33.886 0.0000000000
38464  -50.952  -33.329  33.279 0.0000000000
37696  -50.733  -33.449  31.507 0.0000000000
37714  -50.578  -33.239  30.316 0.0000000000
38500  -51.244  -32.826  30.315 0.0000000000
39238  -51.718  -32.362  29.983 0.0000000000
37707  -52.426  -33.224  31.506 0.0000000000
110627  -52.027  -32.354  30.392 0.0000000000
39250  -52.452  -31.759  29.778 0.0000000000
119871  -53.315  -30.988  29.425 0.0000000000
39203  -53.301  -32.422  33.093 0.0000000000
38478  -54.386  -32.583  31.927 0.0000000000
38485  -54.603  -32.222  31.659 0.0000000000
39969  -54.888  -31.615  31.391 0.0000000000
38494  -54.712  -31.907  31.117 0.0000000000
39232  -54.502  -32.021  30.629 0.0000000000
39252  -54.223  -31.686  29.790 0.0000000000
39999  -54.253  -31.292  29.577 0.0000000000
40763  -54.213  -29.878  28.065 0.0000000000
111110  -54.848  -29.569  27.424 0.0000000000
40792  -55.676  -29.987  26.135 0.0000000000
42293  -55.343  -28.213  33.159 0.0000000000
42308  -55.404  -28.610  32.360 0.0000000000
43921  -55.417  -26.342  32.090 0.0000000000
116277  -55.487  -26.939  31.503 0.0000000000
43128  -55.886  -26.998  30.222 0.0000000000
43116  -55.512  -27.680  30.769 0.0000000000
42322  -55.995  -28.584  30.343 0.0000000000
41510  -56.417  -29.478  30.033 0.0000000000
41518  -57.293  -29.455  29.477 0.0000000000
41527  -58.216  -30.024  28.830 0.0000000000
40752  -57.868  -30.158  28.445 0.0000000000
41534  -58.126  -29.292  27.887 0.0000000000
40766  -57.633  -29.552  27.427 0.0000000000
40794  -57.208  -29.378  25.867 0.0000000000
41575  -56.878  -29.520  25.201 0.0000000000
41597  -57.356  -29.501  24.417 0.0000000000
125859  -57.686  -29.510  23.789 0.0000000000
41598  -58.215  -28.957  24.041 0.0000000000
41610  -58.160  -29.296  23.380 0.0000000000
112660  -58.828  -28.448  22.810 0.0000000000
44827  -57.955  -26.501  26.645 0.0000000000
44017  -58.084  -26.956  25.817 0.0000000000
44018  -58.470  -27.046  25.123 0.0000000000
114241  -57.958  -26.213  25.281 0.0000000000
44028  -58.200  -26.675  25.141 0.0000000000
44019  -58.563  -27.378  24.545 0.0000000000
43210  -58.791  -27.546  23.534 0.0000000000
47377  -52.940  -22.429  28.990 0.0000000000
48361  -52.871  -21.088  28.983 0.0000000000
48360  -52.703  -21.684  28.512 0.0000000000
46456  -52.769  -22.546  28.153 0.0000000000
116074  -52.861  -23.581  26.831 0.0000000000
46485  -52.806  -23.768  26.137 0.0000000000
45670  -53.227  -24.448  24.915 0.0000000000
50377  -54.010  -19.343  27.596 0.0000000000
122085  -53.676  -19.750  27.055 0.0000000000
48388  -52.887  -20.569  26.070 0.0000000000
48406  -54.063  -20.747  24.888 0.0000000000
49385  -53.404  -20.586  25.282 0.0000000000
48405  -52.641  -21.292  25.460 0.0000000000
47420  -52.660  -21.955  25.032 0.0000000000
46503  -53.217  -23.513  24.434 0.0000000000
45671  -53.914  -24.488  24.278 0.0000000000
23675  -19.600  -50.023  29.027 0.0000000000
127192  -20.108  -49.822  29.378 0.0000000000
120575  -24.202  -49.048  34.190 0.0000000000
25443  -24.229  -48.437  33.748 0.0000000000
25442  -23.384  -48.153  33.373 0.0000000000
106921  -22.907  -48.298  31.781 0.0000000000
25465  -23.022  -48.190  31.043 0.0000000000
26390  -26.377  -46.713  32.002 0.0000000000
124403  -25.813  -47.003  31.908 0.0000000000
120757  -25.568  -46.310  30.451 0.0000000000
26407  -25.016  -46.723  30.904 0.0000000000
26399  -24.386  -47.273  31.282 0.0000000000
25474  -22.709  -48.436  30.276 0.0000000000
25486  -22.622  -48.511  29.299 0.0000000000
25485  -22.184  -48.796  28.624 0.0000000000
25504  -22.213  -48.207  27.643 0.0000000000
26444  -26.036  -46.984  27.505 0.0000000000
114113  -34.189  -48.260  36.467 0.0000000000
25406  -33.347  -48.214  36.582 0.0000000000
119623  -35.499  -47.977  35.025 0.0000000000
112824  -34.546  -47.542  35.238 0.0000000000
110936  -32.776  -46.173  33.356 0.0000000000
27343  -32.945  -46.145  32.541 0.0000000000
27344  -33.758  -46.342  32.331 0.0000000000
27370  -32.756  -45.555  30.812 0.0000000000
28344  -32.547  -45.524  29.906 0.0000000000
23654  -39.599  -50.863  31.526 0.0000000000
21827  -39.423  -52.107  31.397 0.0000000000
23653  -37.693  -51.326  31.616 0.0000000000
118161  -36.782  -49.426  30.932 0.0000000000
123464  -36.471  -48.889  31.064 0.0000000000
26409  -35.412  -47.786  30.549 0.0000000000
26408  -34.817  -47.268  30.069 0.0000000000
122643  -33.866  -46.261  30.057 0.0000000000
26434  -32.028  -46.870  28.642 0.0000000000
23676  -19.870  -50.096  29.908 0.0000000000
26398  -23.881  -47.407  30.729 0.0000000000
27393  -23.758  -46.682  28.343 0.0000000000
29208  -43.247  -43.680  39.458 0.0000000000
31912  -44.382  -41.556  39.712 0.0000000000
31991  -47.153  -39.844  32.080 0.0000000000
32012  -45.143  -41.648  32.478 0.0000000000
32013  -47.109  -40.082  31.756 0.0000000000
32770  -43.634  -40.778  37.140 0.0000000000
32784  -47.202  -39.703  32.017 0.0000000000
32801  -47.092  -39.938  31.989 0.0000000000
32802  -47.112  -39.879  31.694 0.0000000000
32839  -47.094  -39.418  30.798 0.0000000000
33574  -47.195  -39.626  32.021 0.0000000000
33575  -47.228  -39.640  31.866 0.0000000000
33585  -46.825  -39.520  31.951 0.0000000000
33598  -45.936  -39.302  31.498 0.0000000000
34400  -47.162  -38.844  31.847 0.0000000000
34413  -47.148  -38.982  31.581 0.0000000000
34425  -46.982  -38.747  31.943 0.0000000000
34426  -47.217  -38.675  31.202 0.0000000000
34435  -46.918  -38.391  30.680 0.0000000000
36157  -44.670  -37.819  31.993 0.0000000000
38476  -53.464  -33.034  32.319 0.0000000000
38477  -53.843  -32.952  32.165 0.0000000000
39215  -53.902  -32.699  32.322 0.0000000000
39225  -54.893  -31.538  31.258 0.0000000000
39234  -55.124  -31.002  30.664 0.0000000000
39239  -52.668  -31.943  30.127 0.0000000000
40717  -55.490  -30.437  31.061 0.0000000000
41526  -57.571  -30.007  29.240 0.0000000000
41557  -58.442  -28.839  25.904 0.0000000000
41599  -58.387  -28.494  24.445 0.0000000000
43203  -58.567  -27.626  24.445 0.0000000000
44029  -58.650  -27.329  23.906 0.0000000000
44843  -56.180  -25.951  25.856 0.0000000000
45595  -54.964  -24.569  33.397 0.0000000000
45658  -53.275  -24.273  26.792 0.0000000000
46441  -54.446  -24.243  31.007 0.0000000000
46473  -52.701  -23.014  27.363 0.0000000000
46493  -52.747  -23.851  25.295 0.0000000000
46502  -52.582  -22.889  25.072 0.0000000000
47406  -52.449  -22.196  26.882 0.0000000000
48377  -52.606  -21.769  27.688 0.0000000000
48389  -54.497  -20.403  25.618 0.0000000000
48404  -52.463  -21.500  26.242 0.0000000000
48419  -53.278  -21.243  24.756 0.0000000000
113278  -54.946  -28.821  33.524 0.0000000000
116499  -53.023  -20.267  26.989 0.0000000000
116909  -57.488  -26.141  27.359 0.0000000000
119399  -53.932  -24.743  28.940 0.0000000000
121267  -51.431  -33.820  31.760 0.0000000000
122652  -55.494  -30.593  29.809 0.0000000000
123179  -58.542  -27.954  25.272 0.0000000000
123457  -57.889  -29.274  24.248 0.0000000000
124883  -53.631  -20.282  25.747 0.0000000000
125448  -55.239  -25.616  28.292 0.0000000000
125609  -27.507  -46.244  32.375 0.0000000000
