#!ascii label  , from subject 001 vox2ras=TkReg
1765
36007  -33.679  -36.004  43.267 0.0000000000
55591  -48.566  -12.665  35.684 0.0000000000
50240  -37.635  -19.792  39.097 0.0000000000
105848  -3.757  -44.490  36.221 0.0000000000
106120  -20.666  -40.064  41.298 0.0000000000
35105  -4.227  -38.094  44.710 0.0000000000
30074  -2.407  -43.457  47.702 0.0000000000
52955  -42.835  -16.878  37.426 0.0000000000
38395  -7.236  -34.184  38.106 0.0000000000
23532  -3.909  -50.409  44.119 0.0000000000
39157  -35.263  -32.726  36.820 0.0000000000
35184  -29.526  -37.124  39.358 0.0000000000
35119  -27.273  -35.933  43.583 0.0000000000
59074  -51.740  -9.016  35.197 0.0000000000
54682  -37.703  -14.225  39.260 0.0000000000
31052  -15.947  -41.858  37.681 0.0000000000
38357  -2.147  -32.412  40.528 0.0000000000
32737  0.376  -40.720  40.235 0.0000000000
34318  -3.083  -38.951  38.215 0.0000000000
31956  0.243  -41.351  34.523 0.0000000000
21704  -12.928  -52.011  45.808 0.0000000000
24397  -9.242  -49.628  45.434 0.0000000000
45540  -37.975  -23.964  38.317 0.0000000000
34254  -25.108  -37.947  45.206 0.0000000000
34320  -21.937  -35.805  39.572 0.0000000000
33481  -1.170  -40.310  45.977 0.0000000000
118945  -2.442  -44.478  42.265 0.0000000000
51177  -45.631  -17.586  36.434 0.0000000000
108863  -14.187  -48.200  42.442 0.0000000000
28249  -14.292  -44.655  40.048 0.0000000000
36836  -7.436  -34.908  43.113 0.0000000000
35228  -6.840  -38.285  36.535 0.0000000000
29105  -7.405  -44.187  48.517 0.0000000000
27199  -7.659  -45.861  43.726 0.0000000000
26277  -3.494  -46.941  39.787 0.0000000000
37617  -35.208  -34.169  42.641 0.0000000000
36045  -34.312  -36.445  40.413 0.0000000000
36872  -36.186  -35.205  39.732 0.0000000000
112512  -32.069  -37.236  41.734 0.0000000000
34310  -31.984  -36.107  38.541 0.0000000000
118659  -30.878  -35.374  43.360 0.0000000000
57301  -50.567  -10.502  35.667 0.0000000000
53846  -46.669  -15.079  33.396 0.0000000000
56467  -47.790  -12.257  33.214 0.0000000000
58196  -49.252  -10.263  32.802 0.0000000000
52935  -37.760  -16.310  39.546 0.0000000000
48271  -36.431  -21.390  36.527 0.0000000000
50253  -35.482  -19.139  37.149 0.0000000000
111044  -35.892  -16.759  36.105 0.0000000000
30147  -1.190  -42.463  39.063 0.0000000000
31932  0.381  -41.176  37.501 0.0000000000
31065  -1.287  -42.340  35.743 0.0000000000
30244  -2.130  -42.988  32.355 0.0000000000
29270  -3.487  -44.161  33.293 0.0000000000
21735  -11.845  -51.999  41.780 0.0000000000
20764  -10.291  -53.238  43.831 0.0000000000
43825  -38.188  -26.522  39.502 0.0000000000
39911  -35.711  -31.008  39.292 0.0000000000
40674  -33.572  -31.202  37.497 0.0000000000
42243  -36.643  -29.079  37.622 0.0000000000
43859  -36.205  -26.481  36.694 0.0000000000
35985  -26.807  -36.907  46.822 0.0000000000
36053  -26.578  -35.464  40.028 0.0000000000
35165  -24.772  -36.196  40.826 0.0000000000
62640  -50.184  -5.658  31.713 0.0000000000
120094  -51.349  -2.962  30.592 0.0000000000
30972  -0.879  -41.834  47.175 0.0000000000
30089  -0.933  -42.956  44.011 0.0000000000
29126  -2.185  -44.019  44.961 0.0000000000
110664  -43.969  -18.531  37.604 0.0000000000
52101  -40.699  -17.225  34.521 0.0000000000
50268  -42.261  -18.938  34.778 0.0000000000
50297  -43.647  -18.272  33.192 0.0000000000
25314  -13.935  -47.842  46.363 0.0000000000
26237  -15.772  -46.974  44.572 0.0000000000
37583  -4.230  -34.910  45.291 0.0000000000
37603  -4.079  -33.994  43.788 0.0000000000
35115  -5.874  -36.820  43.535 0.0000000000
106359  -2.891  -39.755  35.828 0.0000000000
125784  -4.304  -38.096  37.265 0.0000000000
110812  -4.465  -38.367  33.985 0.0000000000
108732  -9.992  -45.395  49.359 0.0000000000
23528  -5.256  -50.176  44.847 0.0000000000
26231  -8.184  -47.853  44.931 0.0000000000
108048  -5.658  -48.971  43.893 0.0000000000
27204  -5.377  -46.622  42.020 0.0000000000
25330  -3.174  -48.381  42.771 0.0000000000
114582  -36.571  -32.842  39.288 0.0000000000
35987  -27.809  -35.845  45.676 0.0000000000
35996  -29.209  -35.166  44.048 0.0000000000
36033  -28.659  -35.692  41.426 0.0000000000
60842  -52.038  -6.279  34.814 0.0000000000
60876  -49.693  -7.865  31.585 0.0000000000
117275  -40.947  -14.705  38.240 0.0000000000
52971  -38.347  -15.831  35.255 0.0000000000
120725  -20.013  -40.350  37.532 0.0000000000
31917  -18.760  -41.101  39.621 0.0000000000
38381  -4.139  -33.374  39.493 0.0000000000
33507  -2.159  -40.089  42.326 0.0000000000
35141  -2.970  -37.833  41.271 0.0000000000
115878  -0.976  -39.594  39.512 0.0000000000
34329  -0.846  -39.541  36.466 0.0000000000
33570  -1.429  -40.281  33.394 0.0000000000
24388  -12.123  -48.918  47.374 0.0000000000
25309  -10.748  -48.631  46.463 0.0000000000
22614  -10.792  -50.977  45.778 0.0000000000
21707  -7.758  -52.514  45.313 0.0000000000
48240  -38.288  -21.580  38.699 0.0000000000
45561  -36.234  -24.053  36.680 0.0000000000
33499  -22.807  -38.697  43.489 0.0000000000
117542  -26.469  -37.160  44.209 0.0000000000
117294  -24.149  -38.063  41.690 0.0000000000
33533  -21.651  -37.840  39.929 0.0000000000
123578  -2.854  -36.611  47.143 0.0000000000
34232  -1.877  -38.253  47.736 0.0000000000
34255  -2.548  -39.366  45.336 0.0000000000
32710  -0.948  -40.935  42.398 0.0000000000
30120  -1.149  -42.368  41.428 0.0000000000
29210  -2.688  -44.376  39.472 0.0000000000
52976  -47.933  -15.957  35.738 0.0000000000
114747  -45.471  -18.019  32.669 0.0000000000
118039  -14.392  -49.557  48.055 0.0000000000
23538  -13.583  -50.560  43.872 0.0000000000
24419  -12.006  -49.584  40.272 0.0000000000
31022  -16.457  -40.771  41.277 0.0000000000
30122  -16.378  -42.968  41.950 0.0000000000
28204  -16.159  -45.264  43.537 0.0000000000
27219  -14.257  -46.493  41.517 0.0000000000
25349  -11.761  -48.356  39.912 0.0000000000
38348  -1.736  -32.314  42.726 0.0000000000
38360  -4.805  -32.422  41.696 0.0000000000
38374  -7.308  -34.197  40.903 0.0000000000
112453  -5.042  -37.747  40.262 0.0000000000
35179  -6.867  -36.954  39.835 0.0000000000
36063  -8.003  -36.308  38.432 0.0000000000
29103  -5.623  -43.589  48.203 0.0000000000
26224  -10.136  -47.172  46.265 0.0000000000
29132  -8.414  -44.406  45.807 0.0000000000
29129  -5.818  -43.615  45.595 0.0000000000
105564  -5.439  -44.305  42.852 0.0000000000
28234  -5.422  -44.988  40.147 0.0000000000
27281  -5.791  -45.776  37.176 0.0000000000
23540  -0.784  -50.304  42.041 0.0000000000
25347  -1.246  -48.632  39.649 0.0000000000
27301  -3.199  -47.219  34.998 0.0000000000
36840  -34.783  -34.832  42.953 0.0000000000
37601  -34.369  -34.780  44.323 0.0000000000
36037  -34.396  -35.901  41.773 0.0000000000
36856  -35.141  -35.537  41.583 0.0000000000
36022  -33.342  -36.292  42.696 0.0000000000
35153  -33.351  -36.628  41.190 0.0000000000
36833  -33.210  -35.269  44.300 0.0000000000
36005  -32.231  -36.176  43.478 0.0000000000
56453  -49.337  -11.364  36.314 0.0000000000
54715  -48.120  -13.806  34.469 0.0000000000
54730  -47.222  -12.811  33.212 0.0000000000
54723  -48.425  -13.032  34.201 0.0000000000
56460  -48.774  -11.930  34.346 0.0000000000
119804  -37.403  -17.914  39.526 0.0000000000
52032  -38.469  -17.623  40.464 0.0000000000
122638  -38.795  -18.333  40.542 0.0000000000
49261  -36.259  -20.714  36.395 0.0000000000
50238  -36.368  -19.299  38.268 0.0000000000
52062  -36.545  -17.607  38.396 0.0000000000
118806  -2.324  -44.087  37.183 0.0000000000
30200  -1.134  -42.332  37.231 0.0000000000
30202  -2.234  -43.608  35.834 0.0000000000
30226  -3.446  -43.572  34.048 0.0000000000
29252  -3.453  -44.251  34.580 0.0000000000
21749  -10.615  -51.531  39.964 0.0000000000
21733  -10.337  -52.372  41.129 0.0000000000
40649  -36.270  -28.892  39.720 0.0000000000
112335  -36.691  -29.566  38.601 0.0000000000
42236  -36.735  -28.440  38.897 0.0000000000
43029  -37.338  -27.832  38.513 0.0000000000
62629  -52.405  -5.032  32.992 0.0000000000
62653  -50.482  -4.727  31.572 0.0000000000
64350  -53.827  -3.057  31.681 0.0000000000
30073  -1.796  -43.164  47.257 0.0000000000
30080  -1.517  -43.197  46.294 0.0000000000
30081  -2.383  -43.517  46.704 0.0000000000
51156  -43.487  -18.272  37.629 0.0000000000
52049  -43.868  -17.719  39.235 0.0000000000
52071  -41.628  -16.831  36.821 0.0000000000
52091  -40.934  -18.512  34.951 0.0000000000
121208  -42.272  -18.042  35.866 0.0000000000
50261  -43.273  -19.017  35.964 0.0000000000
27187  -15.814  -46.578  46.833 0.0000000000
27191  -16.296  -46.097  45.761 0.0000000000
32721  -21.242  -40.069  42.854 0.0000000000
32729  -20.492  -40.240  42.230 0.0000000000
38403  -5.669  -33.686  37.490 0.0000000000
35988  -4.673  -36.604  45.555 0.0000000000
36815  -4.872  -35.680  45.239 0.0000000000
35106  -4.964  -37.481  44.379 0.0000000000
34389  -2.785  -39.434  33.711 0.0000000000
34361  -3.713  -38.498  35.184 0.0000000000
35287  -3.910  -39.098  33.126 0.0000000000
29089  -9.625  -44.863  49.879 0.0000000000
27167  -10.313  -45.880  50.056 0.0000000000
23533  -4.940  -50.688  44.112 0.0000000000
24399  -5.952  -49.588  44.193 0.0000000000
25320  -4.001  -49.121  44.369 0.0000000000
25325  -3.560  -48.694  43.706 0.0000000000
24409  -3.259  -49.352  43.820 0.0000000000
37629  -36.852  -34.309  40.841 0.0000000000
37635  -36.411  -34.502  39.562 0.0000000000
38385  -37.017  -33.150  39.846 0.0000000000
39125  -36.930  -32.259  39.840 0.0000000000
35149  -30.011  -37.064  41.173 0.0000000000
107446  -29.834  -35.472  42.592 0.0000000000
36034  -29.363  -36.413  41.253 0.0000000000
36043  -28.204  -36.333  39.995 0.0000000000
60841  -51.865  -7.094  34.808 0.0000000000
59087  -50.129  -9.314  33.851 0.0000000000
59997  -49.625  -8.881  32.388 0.0000000000
59987  -50.560  -8.170  33.319 0.0000000000
60855  -50.987  -7.263  33.458 0.0000000000
54695  -38.789  -14.167  38.817 0.0000000000
55570  -39.634  -14.025  40.016 0.0000000000
55554  -39.565  -14.271  40.408 0.0000000000
53820  -37.537  -14.919  38.107 0.0000000000
52970  -37.420  -16.149  35.678 0.0000000000
53826  -38.636  -14.918  37.395 0.0000000000
53833  -40.252  -14.457  36.857 0.0000000000
117840  -1.634  -32.560  39.688 0.0000000000
38390  -3.009  -32.659  38.678 0.0000000000
38369  -2.854  -32.210  39.936 0.0000000000
33505  0.077  -39.920  42.046 0.0000000000
124980  -1.019  -39.457  41.386 0.0000000000
33524  0.182  -39.953  39.975 0.0000000000
31938  0.281  -41.396  35.985 0.0000000000
126758  0.213  -39.981  36.746 0.0000000000
32772  0.178  -40.198  35.784 0.0000000000
34357  0.064  -38.971  34.570 0.0000000000
32785  0.192  -40.369  33.837 0.0000000000
112263  -0.850  -41.683  33.510 0.0000000000
22609  -12.498  -50.869  46.900 0.0000000000
122590  -11.186  -50.107  46.487 0.0000000000
21702  -11.697  -52.071  46.339 0.0000000000
107562  -8.459  -53.672  43.240 0.0000000000
20748  -8.528  -53.134  45.009 0.0000000000
20754  -7.369  -53.419  44.088 0.0000000000
21715  -6.284  -52.462  43.999 0.0000000000
47292  -37.877  -22.939  38.222 0.0000000000
44678  -37.215  -25.303  37.588 0.0000000000
43868  -35.624  -25.777  36.164 0.0000000000
45549  -37.316  -24.333  37.629 0.0000000000
116136  -36.741  -22.871  37.255 0.0000000000
34253  -24.156  -38.198  45.637 0.0000000000
34258  -22.973  -38.157  45.246 0.0000000000
34267  -23.280  -38.366  44.215 0.0000000000
127362  -27.835  -36.296  44.631 0.0000000000
35109  -26.909  -37.184  44.724 0.0000000000
35118  -26.314  -36.449  43.613 0.0000000000
35182  -23.737  -35.957  40.642 0.0000000000
34290  -23.967  -37.192  41.603 0.0000000000
126024  -23.088  -37.608  40.412 0.0000000000
33528  -23.046  -38.341  40.580 0.0000000000
34307  -21.595  -36.833  39.787 0.0000000000
33538  -21.308  -38.044  38.888 0.0000000000
33477  -1.203  -40.035  46.922 0.0000000000
33482  -1.616  -39.657  46.510 0.0000000000
34249  -2.259  -39.227  46.267 0.0000000000
33486  -1.849  -39.808  45.586 0.0000000000
33489  -1.784  -40.600  43.920 0.0000000000
32703  -1.425  -40.927  44.222 0.0000000000
30099  -1.284  -43.620  43.047 0.0000000000
30097  -1.152  -41.962  42.623 0.0000000000
30121  -1.490  -43.286  41.715 0.0000000000
122740  -1.871  -43.971  40.497 0.0000000000
29196  -2.660  -44.413  40.728 0.0000000000
108513  -47.005  -17.019  35.997 0.0000000000
52957  -47.790  -16.011  37.784 0.0000000000
52956  -47.201  -16.551  38.229 0.0000000000
51190  -44.906  -18.427  34.617 0.0000000000
118610  -44.225  -17.950  33.084 0.0000000000
52093  -45.708  -17.209  34.809 0.0000000000
52978  -46.331  -16.891  34.481 0.0000000000
106501  -15.032  -48.549  48.471 0.0000000000
24407  -14.913  -48.818  43.992 0.0000000000
24406  -13.945  -49.549  45.044 0.0000000000
24410  -14.343  -49.286  43.482 0.0000000000
23542  -13.251  -50.278  42.328 0.0000000000
24413  -13.172  -49.365  41.789 0.0000000000
31933  -17.179  -41.373  38.265 0.0000000000
31916  -17.742  -41.149  40.018 0.0000000000
31030  -15.935  -40.739  39.801 0.0000000000
29215  -14.621  -44.027  39.453 0.0000000000
30137  -15.060  -42.577  41.180 0.0000000000
29201  -14.819  -43.676  41.452 0.0000000000
30111  -16.182  -43.881  42.542 0.0000000000
28219  -14.746  -44.794  41.792 0.0000000000
27207  -15.080  -46.186  42.579 0.0000000000
27236  -14.565  -45.664  41.141 0.0000000000
26298  -12.925  -47.290  38.789 0.0000000000
121226  -2.278  -32.071  43.676 0.0000000000
38336  -6.585  -33.908  43.581 0.0000000000
38351  -4.915  -32.993  42.773 0.0000000000
38352  -5.964  -33.438  42.781 0.0000000000
119918  -5.593  -33.095  41.208 0.0000000000
120601  -7.585  -34.831  41.538 0.0000000000
35158  -2.717  -37.793  40.300 0.0000000000
105856  -3.907  -37.630  41.346 0.0000000000
35176  -4.041  -37.896  39.268 0.0000000000
105501  -5.350  -38.288  36.900 0.0000000000
35198  -5.882  -37.656  38.597 0.0000000000
35216  -6.799  -37.589  37.985 0.0000000000
36062  -7.745  -36.448  39.087 0.0000000000
122984  -7.591  -37.418  37.752 0.0000000000
35229  -8.697  -37.286  36.798 0.0000000000
29104  -6.453  -43.711  48.302 0.0000000000
24393  -10.341  -49.217  46.327 0.0000000000
26225  -10.461  -47.546  46.516 0.0000000000
25307  -10.035  -48.231  46.113 0.0000000000
26235  -7.718  -47.275  44.523 0.0000000000
27190  -9.251  -46.326  45.320 0.0000000000
28199  -8.129  -45.307  44.442 0.0000000000
29130  -6.646  -43.682  45.550 0.0000000000
122015  -7.044  -44.472  44.034 0.0000000000
29139  -5.366  -44.005  44.602 0.0000000000
29153  -6.819  -44.809  43.461 0.0000000000
27216  -4.236  -46.719  41.037 0.0000000000
27218  -5.649  -45.947  41.534 0.0000000000
111580  -5.215  -46.226  39.982 0.0000000000
117319  -5.795  -45.456  38.622 0.0000000000
27269  -4.587  -46.906  38.373 0.0000000000
123815  0.411  -50.898  40.258 0.0000000000
25332  -0.741  -49.237  41.028 0.0000000000
37619  -36.471  -33.576  42.093 0.0000000000
111711  -34.156  -37.182  38.324 0.0000000000
36071  -35.324  -36.019  38.384 0.0000000000
36046  -34.975  -36.093  40.165 0.0000000000
36857  -35.988  -35.303  41.334 0.0000000000
126599  -31.290  -37.375  40.963 0.0000000000
35170  -32.399  -37.134  40.258 0.0000000000
35188  -33.282  -37.239  39.464 0.0000000000
35131  -31.121  -37.016  42.342 0.0000000000
58185  -50.752  -9.786  35.141 0.0000000000
55619  -46.337  -12.823  31.878 0.0000000000
110950  -46.966  -11.984  31.922 0.0000000000
57319  -47.175  -10.936  31.867 0.0000000000
56471  -48.048  -11.811  33.084 0.0000000000
58193  -49.455  -9.972  33.984 0.0000000000
53806  -37.807  -15.241  39.362 0.0000000000
118411  -38.822  -14.774  40.506 0.0000000000
109088  -38.834  -16.062  40.756 0.0000000000
52893  -39.088  -17.445  42.675 0.0000000000
46400  -34.678  -23.227  35.252 0.0000000000
47325  -35.309  -21.895  35.491 0.0000000000
49266  -34.996  -20.423  35.550 0.0000000000
117651  -34.747  -18.592  35.661 0.0000000000
52085  -34.697  -17.385  34.922 0.0000000000
52069  -35.811  -17.740  37.297 0.0000000000
52944  -36.889  -16.707  38.043 0.0000000000
31028  0.000  -42.685  39.477 0.0000000000
31923  0.402  -41.246  38.782 0.0000000000
31037  0.190  -42.135  38.165 0.0000000000
31064  -0.751  -42.158  36.476 0.0000000000
31085  -0.030  -42.299  35.201 0.0000000000
31107  -1.071  -42.052  33.851 0.0000000000
31108  -1.981  -42.378  34.033 0.0000000000
29269  -2.687  -43.651  32.611 0.0000000000
21723  -12.219  -52.293  43.453 0.0000000000
20758  -11.294  -52.897  44.772 0.0000000000
114472  -10.738  -52.785  42.786 0.0000000000
44679  -37.534  -25.492  38.627 0.0000000000
39145  -35.162  -32.673  37.922 0.0000000000
39144  -34.622  -32.412  37.541 0.0000000000
39922  -35.077  -30.864  38.935 0.0000000000
41466  -35.263  -29.511  38.853 0.0000000000
41465  -34.463  -29.264  38.130 0.0000000000
43052  -36.491  -28.228  37.201 0.0000000000
43842  -37.222  -26.732  37.906 0.0000000000
35098  -25.595  -37.549  46.627 0.0000000000
119821  -27.219  -35.354  41.131 0.0000000000
36032  -26.226  -36.016  41.521 0.0000000000
105057  -25.717  -35.921  40.358 0.0000000000
36051  -23.787  -35.531  39.819 0.0000000000
62655  -49.359  -5.438  29.405 0.0000000000
63502  -50.201  -4.009  29.498 0.0000000000
63508  -51.038  -3.478  29.048 0.0000000000
64381  -51.764  -3.108  27.594 0.0000000000
31868  -0.826  -41.254  46.701 0.0000000000
31874  -1.099  -41.571  44.568 0.0000000000
30979  -0.823  -42.279  45.262 0.0000000000
30090  -1.503  -43.555  44.408 0.0000000000
29149  -2.448  -44.404  43.569 0.0000000000
51176  -45.028  -18.233  36.717 0.0000000000
51142  -45.029  -18.306  39.386 0.0000000000
50293  -41.200  -19.381  33.364 0.0000000000
49281  -42.114  -20.131  33.010 0.0000000000
49296  -43.086  -18.653  32.350 0.0000000000
105816  -43.146  -19.219  33.407 0.0000000000
50271  -44.374  -19.209  34.932 0.0000000000
112094  -15.699  -47.742  48.208 0.0000000000
26226  -15.190  -46.885  47.254 0.0000000000
25319  -14.597  -47.374  46.004 0.0000000000
113609  -15.133  -47.490  43.549 0.0000000000
29237  -13.835  -43.852  37.676 0.0000000000
27273  -13.299  -45.749  39.117 0.0000000000
37592  -2.809  -34.126  44.769 0.0000000000
38325  -2.840  -33.239  44.221 0.0000000000
122714  -4.406  -34.489  44.557 0.0000000000
37595  -5.464  -34.854  44.310 0.0000000000
127185  -6.895  -36.103  43.411 0.0000000000
34332  -3.159  -39.221  37.445 0.0000000000
35213  -4.083  -38.399  37.739 0.0000000000
35226  -3.582  -38.679  36.802 0.0000000000
104961  -4.221  -37.862  36.020 0.0000000000
35242  -5.572  -37.944  35.367 0.0000000000
114322  -9.127  -43.179  50.181 0.0000000000
29098  -8.789  -44.756  49.890 0.0000000000
107169  -8.570  -45.241  48.870 0.0000000000
23521  -7.033  -49.971  46.031 0.0000000000
24396  -8.601  -49.225  45.134 0.0000000000
121221  -7.345  -49.352  45.464 0.0000000000
25322  -6.476  -48.385  44.331 0.0000000000
120029  -6.204  -47.834  44.000 0.0000000000
27197  -6.221  -46.582  43.130 0.0000000000
26239  -4.890  -47.779  43.384 0.0000000000
26245  -3.781  -47.663  42.397 0.0000000000
26250  -2.880  -47.982  41.371 0.0000000000
37656  -36.133  -33.963  36.136 0.0000000000
123358  -35.755  -35.356  38.443 0.0000000000
114258  -36.269  -34.064  37.894 0.0000000000
38406  -36.082  -33.116  37.795 0.0000000000
39139  -35.453  -31.854  39.027 0.0000000000
40641  -36.320  -29.948  39.843 0.0000000000
107386  -28.752  -35.440  43.762 0.0000000000
35997  -30.252  -34.794  43.689 0.0000000000
106903  -29.065  -35.107  42.822 0.0000000000
36018  -28.435  -35.225  42.353 0.0000000000
105623  -28.049  -35.390  40.665 0.0000000000
59999  -48.557  -8.455  30.682 0.0000000000
61760  -50.101  -6.566  31.834 0.0000000000
61752  -51.607  -5.575  33.624 0.0000000000
52946  -41.765  -15.929  37.727 0.0000000000
53810  -42.880  -15.538  39.080 0.0000000000
53809  -42.038  -14.752  39.313 0.0000000000
52096  -35.202  -17.045  34.386 0.0000000000
52972  -39.456  -16.061  35.169 0.0000000000
109984  -41.054  -15.896  36.272 0.0000000000
32754  -20.302  -39.725  38.971 0.0000000000
32738  -20.120  -40.115  40.719 0.0000000000
31926  -19.124  -41.057  38.611 0.0000000000
108490  -17.765  -41.167  37.139 0.0000000000
38392  -4.336  -33.616  38.137 0.0000000000
124274  -5.699  -33.566  39.063 0.0000000000
34265  -3.025  -39.225  43.519 0.0000000000
34277  -3.751  -38.414  42.905 0.0000000000
34287  -2.410  -38.799  41.447 0.0000000000
34298  -2.338  -38.233  40.709 0.0000000000
34305  -1.835  -38.803  39.304 0.0000000000
32752  0.259  -40.388  38.475 0.0000000000
33537  -1.058  -39.882  38.480 0.0000000000
34316  -1.791  -39.503  37.881 0.0000000000
34345  -2.207  -39.741  36.324 0.0000000000
26216  -11.283  -46.694  48.744 0.0000000000
25304  -11.657  -48.015  47.360 0.0000000000
24394  -10.698  -49.354  46.445 0.0000000000
23524  -9.976  -50.241  45.933 0.0000000000
20750  -10.130  -52.469  45.634 0.0000000000
21699  -9.331  -51.738  46.120 0.0000000000
22611  -8.178  -50.878  46.141 0.0000000000
22621  -6.254  -51.488  45.558 0.0000000000
22627  -5.701  -51.399  43.589 0.0000000000
22625  -4.326  -51.141  43.738 0.0000000000
49230  -38.035  -20.785  38.909 0.0000000000
50230  -39.046  -19.835  39.929 0.0000000000
49219  -39.130  -20.699  39.713 0.0000000000
39942  -33.471  -33.014  35.976 0.0000000000
45571  -34.654  -23.855  35.712 0.0000000000
48253  -37.012  -21.645  37.741 0.0000000000
118987  -22.145  -39.054  43.939 0.0000000000
32722  -21.929  -39.622  42.386 0.0000000000
35986  -27.389  -36.515  46.292 0.0000000000
35103  -26.651  -37.317  45.536 0.0000000000
34260  -25.113  -37.644  44.272 0.0000000000
126067  -25.049  -36.600  42.565 0.0000000000
34269  -24.750  -37.189  42.930 0.0000000000
34268  -24.445  -37.908  43.560 0.0000000000
34288  -23.825  -38.412  42.196 0.0000000000
33518  -22.611  -39.015  41.087 0.0000000000
33526  -21.620  -39.147  40.149 0.0000000000
32755  -20.952  -38.914  38.864 0.0000000000
64391  -52.064  -2.279  26.467 0.0000000000
64406  -52.846  -2.486  25.633 0.0000000000
63524  -53.950  -3.116  24.892 0.0000000000
35979  -3.721  -36.106  46.540 0.0000000000
35101  -4.230  -37.523  45.746 0.0000000000
35080  -2.264  -37.499  47.624 0.0000000000
34244  -3.566  -38.053  46.361 0.0000000000
34257  -3.540  -38.656  44.598 0.0000000000
34264  -2.779  -39.780  43.752 0.0000000000
32719  -0.457  -40.136  42.465 0.0000000000
32728  0.303  -40.623  41.749 0.0000000000
30983  -1.194  -41.807  43.580 0.0000000000
31010  0.103  -41.736  41.886 0.0000000000
31020  0.207  -42.182  40.740 0.0000000000
111666  -1.218  -42.608  39.841 0.0000000000
29223  -1.964  -44.180  38.958 0.0000000000
29235  -2.868  -44.475  37.708 0.0000000000
54705  -48.590  -14.420  36.122 0.0000000000
109089  -44.777  -19.056  32.453 0.0000000000
111257  -45.147  -19.053  32.003 0.0000000000
51227  -45.386  -17.593  31.590 0.0000000000
52992  -46.057  -16.913  32.742 0.0000000000
53842  -47.087  -15.394  34.178 0.0000000000
24390  -13.448  -49.516  48.155 0.0000000000
23525  -13.227  -50.626  46.624 0.0000000000
115184  -14.265  -48.820  47.050 0.0000000000
23530  -13.689  -50.261  45.586 0.0000000000
22629  -13.389  -51.114  44.522 0.0000000000
22648  -12.054  -51.060  40.639 0.0000000000
31907  -18.647  -41.014  41.077 0.0000000000
31900  -18.835  -41.159  41.758 0.0000000000
126208  -17.873  -41.531  41.945 0.0000000000
31029  -15.247  -41.033  40.118 0.0000000000
31012  -16.480  -42.008  41.496 0.0000000000
30113  -18.013  -42.571  43.280 0.0000000000
30100  -17.404  -43.345  43.454 0.0000000000
28201  -17.077  -44.379  44.843 0.0000000000
28198  -16.879  -44.908  45.524 0.0000000000
27200  -15.823  -46.158  43.890 0.0000000000
26249  -14.889  -46.969  42.987 0.0000000000
109339  -13.823  -47.811  41.727 0.0000000000
27257  -13.164  -46.689  39.399 0.0000000000
108205  -13.032  -47.822  40.483 0.0000000000
25338  -13.167  -48.165  41.056 0.0000000000
24428  -11.371  -48.683  40.342 0.0000000000
124241  -2.540  -31.882  41.503 0.0000000000
38350  -3.582  -31.855  43.149 0.0000000000
38358  -3.426  -31.678  41.970 0.0000000000
108244  -3.198  -31.786  40.815 0.0000000000
38371  -4.513  -33.146  40.333 0.0000000000
113133  -5.641  -33.500  39.894 0.0000000000
38384  -7.512  -34.183  39.874 0.0000000000
35125  -4.547  -37.991  42.769 0.0000000000
115064  -5.925  -37.362  42.258 0.0000000000
36029  -7.256  -37.064  42.065 0.0000000000
35197  -4.858  -37.914  38.751 0.0000000000
117177  -5.940  -37.261  40.075 0.0000000000
36030  -7.515  -36.654  41.433 0.0000000000
36862  -7.957  -35.212  40.684 0.0000000000
36870  -8.234  -35.322  39.575 0.0000000000
37642  -8.113  -35.006  38.455 0.0000000000
36076  -8.399  -36.415  37.388 0.0000000000
26215  -10.737  -46.425  48.298 0.0000000000
121055  -9.699  -45.950  47.754 0.0000000000
27178  -8.951  -45.488  47.911 0.0000000000
26227  -9.180  -47.412  45.173 0.0000000000
28193  -9.456  -45.669  46.184 0.0000000000
29113  -7.822  -44.197  47.597 0.0000000000
29121  -6.997  -43.649  46.629 0.0000000000
29120  -5.795  -43.513  46.380 0.0000000000
29118  -4.025  -43.724  46.381 0.0000000000
125333  -4.215  -44.094  45.195 0.0000000000
29137  -4.065  -44.389  44.114 0.0000000000
110497  -3.869  -44.379  42.612 0.0000000000
28209  -5.997  -45.522  42.182 0.0000000000
104999  -5.137  -44.558  41.621 0.0000000000
29179  -4.485  -44.684  41.127 0.0000000000
29212  -4.799  -44.294  39.354 0.0000000000
29225  -5.020  -44.296  38.403 0.0000000000
29245  -5.218  -45.041  36.911 0.0000000000
22631  -2.861  -51.410  43.239 0.0000000000
22636  -1.568  -51.481  42.394 0.0000000000
23535  -2.151  -50.185  42.796 0.0000000000
24411  -1.565  -49.777  42.297 0.0000000000
25334  -1.988  -48.422  41.263 0.0000000000
26257  -1.868  -48.203  40.249 0.0000000000
25360  -1.210  -48.637  38.673 0.0000000000
27253  -3.364  -47.154  38.879 0.0000000000
27268  -3.498  -46.690  37.770 0.0000000000
27290  -4.782  -46.335  36.549 0.0000000000
28275  -4.223  -45.453  35.737 0.0000000000
28282  -3.644  -45.402  34.197 0.0000000000
27321  -2.956  -46.375  33.154 0.0000000000
36839  -34.230  -35.466  43.394 0.0000000000
37607  -34.628  -34.886  43.964 0.0000000000
36834  -34.086  -35.226  44.249 0.0000000000
36023  -34.035  -35.941  42.615 0.0000000000
36848  -34.618  -35.391  42.398 0.0000000000
36036  -33.688  -36.236  41.892 0.0000000000
36838  -33.536  -35.715  43.849 0.0000000000
36006  -33.020  -36.166  43.397 0.0000000000
55592  -48.731  -11.945  36.074 0.0000000000
105194  -49.684  -12.058  36.627 0.0000000000
55588  -48.988  -12.777  36.521 0.0000000000
54716  -48.615  -13.321  34.890 0.0000000000
55598  -48.677  -12.523  34.686 0.0000000000
50228  -37.489  -18.760  39.411 0.0000000000
51140  -38.210  -18.327  39.914 0.0000000000
50229  -38.313  -19.351  39.666 0.0000000000
123852  -36.908  -19.768  38.626 0.0000000000
49228  -36.496  -20.236  38.109 0.0000000000
50239  -36.838  -19.024  38.901 0.0000000000
29242  -2.049  -43.547  36.655 0.0000000000
29243  -2.691  -44.105  36.317 0.0000000000
112599  -3.075  -44.212  35.463 0.0000000000
114442  -36.652  -29.418  38.568 0.0000000000
30067  -2.007  -43.148  48.190 0.0000000000
52064  -43.372  -17.575  37.995 0.0000000000
52048  -43.621  -17.144  38.856 0.0000000000
110656  -43.294  -16.247  38.610 0.0000000000
52954  -41.949  -16.585  37.350 0.0000000000
51173  -41.924  -17.530  36.440 0.0000000000
52072  -42.114  -17.387  37.036 0.0000000000
52073  -42.868  -17.815  37.206 0.0000000000
28192  -17.159  -45.231  46.479 0.0000000000
27188  -16.481  -45.850  46.300 0.0000000000
32730  -21.342  -39.931  41.863 0.0000000000
38394  -6.289  -33.787  38.402 0.0000000000
38404  -6.560  -33.887  37.377 0.0000000000
124118  -4.784  -37.344  45.143 0.0000000000
34390  -3.229  -38.866  33.449 0.0000000000
27168  -10.579  -46.463  50.661 0.0000000000
105351  -4.419  -49.840  44.375 0.0000000000
24404  -3.701  -49.731  44.163 0.0000000000
23531  -3.212  -50.112  43.847 0.0000000000
37623  -36.939  -33.730  41.471 0.0000000000
38375  -37.082  -33.539  40.670 0.0000000000
38364  -37.241  -32.934  41.333 0.0000000000
39119  -37.189  -32.648  40.535 0.0000000000
35167  -29.646  -37.093  40.368 0.0000000000
59955  -51.743  -8.121  34.796 0.0000000000
58194  -50.937  -9.341  34.387 0.0000000000
59088  -50.882  -8.902  33.779 0.0000000000
59073  -51.436  -8.913  34.461 0.0000000000
59973  -51.361  -8.215  33.910 0.0000000000
55579  -38.375  -13.791  39.389 0.0000000000
55569  -38.607  -13.947  39.639 0.0000000000
125412  -37.668  -14.409  38.765 0.0000000000
53825  -37.739  -15.298  37.239 0.0000000000
54699  -37.732  -14.650  38.008 0.0000000000
54700  -38.393  -14.444  38.167 0.0000000000
39118  -1.412  -32.543  40.145 0.0000000000
38368  -1.779  -32.885  39.901 0.0000000000
33515  0.293  -40.022  41.011 0.0000000000
31084  0.280  -41.868  35.212 0.0000000000
31946  0.244  -40.886  35.058 0.0000000000
32778  0.330  -40.383  34.098 0.0000000000
109506  0.216  -40.969  33.940 0.0000000000
31973  -0.951  -41.151  33.558 0.0000000000
31957  -0.024  -41.750  33.878 0.0000000000
22617  -12.920  -51.412  46.451 0.0000000000
22616  -12.032  -51.432  46.713 0.0000000000
21711  -12.241  -52.310  45.707 0.0000000000
108055  -7.781  -53.686  43.544 0.0000000000
46371  -38.642  -23.230  38.633 0.0000000000
45541  -38.923  -24.174  38.733 0.0000000000
38433  -36.043  -33.210  36.102 0.0000000000
46379  -37.303  -23.425  37.748 0.0000000000
34248  -25.028  -38.120  46.151 0.0000000000
34259  -24.215  -38.026  44.662 0.0000000000
35111  -27.939  -36.219  44.059 0.0000000000
106227  -27.121  -36.747  44.147 0.0000000000
35181  -22.796  -35.774  40.300 0.0000000000
34300  -23.181  -36.676  40.721 0.0000000000
34308  -22.279  -36.467  40.354 0.0000000000
33539  -21.365  -37.354  38.857 0.0000000000
34319  -21.518  -36.725  38.679 0.0000000000
122946  -1.558  -39.478  47.324 0.0000000000
33485  -1.627  -40.486  45.011 0.0000000000
32700  -1.080  -40.912  45.293 0.0000000000
29162  -1.863  -44.398  42.819 0.0000000000
30110  -1.466  -43.769  42.413 0.0000000000
29176  -1.875  -44.251  42.000 0.0000000000
29195  -1.861  -44.111  41.229 0.0000000000
29177  -2.741  -44.478  41.550 0.0000000000
52083  -46.523  -17.234  36.754 0.0000000000
52965  -47.239  -16.657  37.046 0.0000000000
52075  -46.775  -17.340  37.687 0.0000000000
51184  -45.218  -17.521  35.279 0.0000000000
52082  -45.947  -17.040  35.816 0.0000000000
52974  -46.396  -16.853  35.284 0.0000000000
25326  -14.593  -48.574  43.204 0.0000000000
24414  -14.062  -49.174  42.507 0.0000000000
24416  -13.523  -48.578  41.712 0.0000000000
31040  -16.229  -41.479  38.170 0.0000000000
118456  -16.186  -40.986  39.033 0.0000000000
29200  -14.705  -43.882  40.356 0.0000000000
28220  -15.197  -44.212  42.188 0.0000000000
28236  -14.670  -44.727  40.850 0.0000000000
28235  -14.168  -45.457  40.380 0.0000000000
38323  -1.561  -32.638  44.462 0.0000000000
37606  -7.223  -34.466  43.350 0.0000000000
37615  -7.095  -33.671  42.839 0.0000000000
37616  -7.380  -34.528  42.644 0.0000000000
34306  -2.696  -38.542  38.979 0.0000000000
107486  -3.311  -37.724  39.835 0.0000000000
106239  -3.328  -38.031  39.103 0.0000000000
35227  -5.904  -38.401  36.253 0.0000000000
105500  -6.330  -38.033  37.145 0.0000000000
35217  -7.192  -37.785  37.249 0.0000000000
120611  -7.584  -38.097  36.714 0.0000000000
29096  -7.631  -44.299  49.291 0.0000000000
23515  -9.915  -49.687  46.013 0.0000000000
24392  -9.956  -49.065  46.057 0.0000000000
27193  -7.325  -46.710  44.002 0.0000000000
27194  -8.060  -46.342  44.378 0.0000000000
29141  -7.546  -44.459  44.445 0.0000000000
28203  -7.464  -45.096  43.822 0.0000000000
28202  -7.027  -45.511  43.329 0.0000000000
27233  -4.984  -46.374  40.627 0.0000000000
27232  -4.282  -46.553  40.197 0.0000000000
122709  -4.964  -46.501  39.688 0.0000000000
27254  -4.294  -46.710  39.393 0.0000000000
22652  0.874  -51.347  39.774 0.0000000000
23552  0.922  -50.537  39.445 0.0000000000
37618  -36.009  -34.233  42.154 0.0000000000
36056  -34.441  -36.514  39.582 0.0000000000
36849  -35.526  -35.006  42.112 0.0000000000
107171  -36.280  -34.791  41.629 0.0000000000
35169  -31.711  -37.234  40.094 0.0000000000
109832  -31.967  -37.278  40.943 0.0000000000
121004  -33.734  -36.698  40.617 0.0000000000
35171  -33.138  -37.003  40.346 0.0000000000
35172  -33.843  -36.974  39.960 0.0000000000
35189  -33.976  -37.085  39.138 0.0000000000
36021  -32.523  -36.662  42.853 0.0000000000
120061  -31.818  -36.603  43.145 0.0000000000
35132  -31.810  -37.057  42.486 0.0000000000
35151  -31.510  -37.240  41.691 0.0000000000
58177  -51.684  -9.813  36.355 0.0000000000
58176  -51.277  -10.567  36.014 0.0000000000
53002  -45.703  -15.656  31.626 0.0000000000
53015  -46.270  -15.775  30.464 0.0000000000
53865  -45.600  -14.569  31.719 0.0000000000
54740  -46.556  -12.832  32.420 0.0000000000
55614  -47.220  -12.421  32.685 0.0000000000
121265  -46.495  -12.486  31.699 0.0000000000
56477  -46.863  -12.493  32.292 0.0000000000
56470  -47.412  -12.242  32.702 0.0000000000
111223  -49.187  -10.734  35.166 0.0000000000
57308  -48.980  -11.050  34.069 0.0000000000
58184  -49.619  -10.074  34.903 0.0000000000
52914  -38.211  -15.736  40.100 0.0000000000
116162  -38.243  -16.685  40.321 0.0000000000
52020  -39.342  -17.616  42.060 0.0000000000
52915  -39.061  -17.046  40.944 0.0000000000
47316  -35.746  -22.001  36.280 0.0000000000
48284  -35.939  -21.331  36.025 0.0000000000
50260  -35.739  -19.944  36.825 0.0000000000
49267  -35.918  -20.864  35.894 0.0000000000
49260  -35.447  -20.157  36.133 0.0000000000
50267  -34.839  -19.479  35.639 0.0000000000
50259  -35.013  -19.059  36.437 0.0000000000
51180  -34.826  -17.847  35.948 0.0000000000
51172  -35.329  -18.294  36.883 0.0000000000
52063  -37.226  -17.121  38.983 0.0000000000
52945  -37.452  -15.812  38.565 0.0000000000
116977  0.014  -42.552  38.801 0.0000000000
31036  0.336  -42.144  38.975 0.0000000000
30182  -0.985  -42.335  38.141 0.0000000000
30201  -1.592  -42.807  36.434 0.0000000000
31086  -1.496  -42.461  34.904 0.0000000000
117495  -0.669  -42.203  34.584 0.0000000000
29280  -2.575  -44.723  32.516 0.0000000000
21729  -12.002  -52.177  42.630 0.0000000000
21722  -11.375  -52.620  43.246 0.0000000000
21728  -11.228  -52.399  42.324 0.0000000000
44663  -37.972  -25.718  39.190 0.0000000000
39910  -35.328  -31.722  38.873 0.0000000000
107144  -34.925  -31.961  38.389 0.0000000000
110546  -35.555  -30.614  39.292 0.0000000000
41459  -36.440  -29.695  37.975 0.0000000000
40656  -35.824  -29.883  39.249 0.0000000000
113832  -35.834  -29.277  37.233 0.0000000000
43043  -37.424  -27.176  38.393 0.0000000000
43042  -37.150  -27.643  37.790 0.0000000000
35091  -26.093  -37.125  47.188 0.0000000000
106175  -26.550  -35.787  40.599 0.0000000000
61771  -49.753  -6.191  30.983 0.0000000000
61774  -49.666  -5.753  30.193 0.0000000000
62652  -50.063  -5.233  30.746 0.0000000000
63500  -50.806  -3.846  31.066 0.0000000000
63499  -50.353  -4.445  30.304 0.0000000000
63503  -50.725  -3.434  29.999 0.0000000000
63507  -50.162  -3.612  28.665 0.0000000000
64364  -51.909  -3.222  29.532 0.0000000000
64359  -52.493  -2.775  30.643 0.0000000000
30976  -0.810  -42.192  46.260 0.0000000000
30086  -2.293  -43.739  45.807 0.0000000000
30085  -1.525  -43.402  45.353 0.0000000000
29135  -2.136  -44.122  44.218 0.0000000000
113744  -44.378  -18.569  36.993 0.0000000000
51170  -45.106  -18.613  37.843 0.0000000000
51169  -44.504  -18.626  38.140 0.0000000000
108482  -40.338  -17.573  33.784 0.0000000000
51189  -40.849  -19.096  35.019 0.0000000000
50279  -40.933  -19.260  34.235 0.0000000000
50280  -41.825  -19.339  34.187 0.0000000000
50295  -42.446  -19.692  33.501 0.0000000000
49282  -42.836  -19.353  32.807 0.0000000000
50281  -42.805  -19.346  34.110 0.0000000000
51175  -43.639  -18.725  36.821 0.0000000000
50270  -43.744  -19.277  35.222 0.0000000000
50263  -44.610  -18.869  35.782 0.0000000000
27184  -16.268  -46.709  47.568 0.0000000000
26232  -15.760  -46.890  45.596 0.0000000000
108526  -14.962  -46.861  46.390 0.0000000000
26236  -15.433  -47.624  45.052 0.0000000000
26242  -15.384  -47.589  44.214 0.0000000000
29227  -14.233  -44.190  38.607 0.0000000000
28264  -13.479  -44.619  38.062 0.0000000000
119708  -3.334  -34.510  45.479 0.0000000000
37593  -3.524  -34.226  44.464 0.0000000000
35107  -5.536  -36.648  44.118 0.0000000000
36825  -5.438  -35.631  44.478 0.0000000000
123731  -5.907  -35.101  44.027 0.0000000000
36000  -6.206  -35.842  43.770 0.0000000000
105084  -3.060  -39.538  36.595 0.0000000000
34346  -3.429  -39.237  35.943 0.0000000000
35255  -4.051  -38.290  34.487 0.0000000000
119946  -4.160  -38.006  35.242 0.0000000000
35241  -4.776  -37.830  35.303 0.0000000000
35256  -4.616  -37.928  34.550 0.0000000000
35271  -5.059  -38.167  33.834 0.0000000000
124423  -9.803  -45.071  49.609 0.0000000000
28185  -9.080  -45.294  49.494 0.0000000000
29097  -8.307  -44.845  49.459 0.0000000000
28186  -9.430  -45.623  48.592 0.0000000000
23529  -6.046  -50.557  45.729 0.0000000000
24400  -6.309  -49.741  45.322 0.0000000000
25316  -6.167  -49.056  43.967 0.0000000000
26233  -5.931  -48.488  43.838 0.0000000000
26240  -5.721  -47.533  43.559 0.0000000000
120369  -5.322  -48.211  43.811 0.0000000000
26238  -4.025  -48.005  43.289 0.0000000000
26251  -3.605  -47.424  41.563 0.0000000000
126255  -3.169  -47.980  42.051 0.0000000000
36893  -35.660  -34.606  35.594 0.0000000000
36888  -36.088  -34.689  36.481 0.0000000000
36876  -35.729  -35.575  39.086 0.0000000000
36877  -36.118  -35.007  38.932 0.0000000000
37644  -36.497  -33.639  39.342 0.0000000000
37643  -36.187  -34.214  38.776 0.0000000000
38396  -36.177  -33.379  38.604 0.0000000000
38407  -35.826  -32.667  38.765 0.0000000000
39898  -36.553  -31.201  39.999 0.0000000000
34323  -31.634  -37.124  38.120 0.0000000000
35993  -28.800  -35.340  44.554 0.0000000000
35995  -28.407  -35.797  44.312 0.0000000000
35998  -31.010  -35.110  43.760 0.0000000000
105496  -29.213  -35.773  42.059 0.0000000000
105497  -27.835  -35.044  41.679 0.0000000000
36055  -27.802  -36.262  39.294 0.0000000000
61747  -52.233  -5.384  34.497 0.0000000000
58199  -47.956  -10.431  32.272 0.0000000000
58203  -47.536  -10.023  31.503 0.0000000000
58200  -48.964  -10.076  32.258 0.0000000000
126312  -49.570  -8.514  31.881 0.0000000000
59097  -48.746  -8.997  31.312 0.0000000000
59996  -49.250  -8.445  31.346 0.0000000000
60888  -49.743  -7.080  31.302 0.0000000000
60877  -50.056  -7.330  32.024 0.0000000000
61746  -51.800  -6.168  34.318 0.0000000000
61745  -51.464  -6.562  33.848 0.0000000000
62618  -52.155  -4.950  33.764 0.0000000000
112021  -41.227  -15.313  37.752 0.0000000000
53821  -41.784  -15.301  38.369 0.0000000000
53808  -41.060  -14.652  38.939 0.0000000000
126098  -40.225  -14.052  41.132 0.0000000000
55555  -40.297  -14.161  40.605 0.0000000000
53789  -39.244  -15.290  41.097 0.0000000000
54672  -39.389  -14.546  40.751 0.0000000000
52086  -35.342  -16.939  35.399 0.0000000000
116567  -38.301  -16.126  33.761 0.0000000000
52089  -38.907  -16.128  34.304 0.0000000000
54702  -40.425  -14.437  37.487 0.0000000000
52964  -40.253  -15.093  36.379 0.0000000000
53827  -40.770  -15.025  36.935 0.0000000000
52953  -41.449  -15.997  37.221 0.0000000000
32753  -19.591  -40.425  39.292 0.0000000000
32760  -19.862  -40.379  38.336 0.0000000000
114561  -18.750  -40.959  36.909 0.0000000000
39132  -1.963  -32.842  38.737 0.0000000000
38380  -3.200  -32.697  39.261 0.0000000000
38391  -3.742  -33.309  38.541 0.0000000000
111958  -4.383  -33.590  38.755 0.0000000000
38382  -4.910  -33.573  39.265 0.0000000000
34275  -2.822  -39.687  42.920 0.0000000000
104851  -2.567  -39.225  42.230 0.0000000000
34286  -1.874  -39.563  41.640 0.0000000000
34296  -0.905  -39.324  40.570 0.0000000000
109173  -1.783  -38.988  40.790 0.0000000000
105630  -1.512  -38.890  39.946 0.0000000000
34297  -2.063  -38.132  39.868 0.0000000000
117582  0.350  -41.655  38.175 0.0000000000
121241  0.444  -40.949  38.109 0.0000000000
33542  -0.051  -39.631  37.033 0.0000000000
34315  -0.933  -39.724  37.461 0.0000000000
34330  -1.592  -39.708  36.870 0.0000000000
34344  -1.149  -39.573  35.772 0.0000000000
119734  -0.159  -39.088  33.992 0.0000000000
107876  -1.186  -39.789  34.793 0.0000000000
31127  -1.800  -42.353  33.282 0.0000000000
31126  -0.896  -42.093  33.191 0.0000000000
31144  -0.926  -42.775  32.459 0.0000000000
25297  -11.974  -47.389  48.286 0.0000000000
24387  -11.553  -48.770  47.041 0.0000000000
22607  -11.096  -50.460  46.136 0.0000000000
113471  -10.799  -49.910  46.375 0.0000000000
22606  -10.559  -50.290  46.025 0.0000000000
23516  -10.374  -49.768  46.269 0.0000000000
22613  -10.098  -50.862  45.812 0.0000000000
20751  -10.739  -52.755  45.368 0.0000000000
111898  -9.843  -53.224  44.483 0.0000000000
20747  -7.761  -53.203  44.684 0.0000000000
21708  -8.786  -52.451  45.676 0.0000000000
21698  -8.425  -51.718  45.985 0.0000000000
22622  -7.353  -51.673  45.816 0.0000000000
21706  -6.617  -52.376  45.189 0.0000000000
21714  -6.145  -51.721  43.063 0.0000000000
21705  -5.839  -51.929  44.434 0.0000000000
21713  -5.646  -51.565  42.850 0.0000000000
22626  -5.335  -51.272  43.499 0.0000000000
49231  -38.725  -21.118  39.163 0.0000000000
39932  -33.880  -32.279  37.161 0.0000000000
39156  -34.791  -32.289  35.948 0.0000000000
44713  -35.913  -24.842  36.433 0.0000000000
44712  -34.893  -24.850  35.744 0.0000000000
115231  -35.424  -24.087  36.225 0.0000000000
47291  -37.109  -22.504  37.825 0.0000000000
48254  -37.666  -22.067  38.303 0.0000000000
48239  -37.534  -21.288  38.379 0.0000000000
127252  -22.361  -38.584  44.402 0.0000000000
33498  -22.371  -39.100  42.919 0.0000000000
35108  -26.010  -37.540  44.783 0.0000000000
36031  -25.550  -36.249  41.063 0.0000000000
35129  -25.877  -36.060  42.609 0.0000000000
35148  -25.279  -36.417  41.849 0.0000000000
34280  -24.325  -36.988  42.189 0.0000000000
118985  -25.056  -37.302  43.552 0.0000000000
34279  -24.384  -38.041  42.493 0.0000000000
34278  -23.669  -38.398  43.057 0.0000000000
33527  -22.259  -38.612  40.378 0.0000000000
33517  -22.071  -39.309  40.775 0.0000000000
32746  -20.952  -39.388  39.600 0.0000000000
33532  -21.407  -38.363  39.489 0.0000000000
33548  -20.970  -38.204  37.557 0.0000000000
32761  -20.958  -38.610  38.146 0.0000000000
111477  -52.948  -3.170  28.526 0.0000000000
64374  -52.751  -3.206  27.791 0.0000000000
64407  -53.623  -2.798  25.601 0.0000000000
110747  -54.273  -2.593  25.684 0.0000000000
36807  -2.781  -35.477  46.683 0.0000000000
35094  -4.204  -36.610  46.103 0.0000000000
35093  -3.744  -37.102  46.611 0.0000000000
34250  -3.104  -38.820  46.000 0.0000000000
121770  -3.096  -38.917  45.002 0.0000000000
34256  -3.051  -39.036  44.153 0.0000000000
127219  -2.728  -39.389  44.549 0.0000000000
117732  -1.411  -40.767  42.984 0.0000000000
33496  -1.631  -40.512  42.837 0.0000000000
32718  0.068  -40.436  42.373 0.0000000000
30984  -0.993  -42.356  44.313 0.0000000000
30992  -1.150  -42.155  43.226 0.0000000000
30108  -1.003  -41.676  41.990 0.0000000000
126842  -0.380  -42.425  40.959 0.0000000000
31021  -0.117  -42.637  40.262 0.0000000000
30134  -1.187  -42.584  40.602 0.0000000000
29209  -1.941  -43.987  39.778 0.0000000000
29224  -2.773  -44.484  38.601 0.0000000000
53839  -48.127  -15.062  35.526 0.0000000000
53835  -49.114  -14.886  36.900 0.0000000000
53834  -48.368  -15.294  36.402 0.0000000000
50220  -39.409  -19.564  40.802 0.0000000000
50296  -43.341  -18.523  32.746 0.0000000000
49312  -43.726  -18.880  32.040 0.0000000000
50312  -43.717  -17.980  32.863 0.0000000000
51205  -45.217  -18.222  33.281 0.0000000000
51226  -45.218  -18.877  32.486 0.0000000000
51217  -45.432  -18.130  32.092 0.0000000000
111634  -45.314  -18.334  31.754 0.0000000000
52121  -45.470  -17.142  31.636 0.0000000000
52117  -45.647  -17.486  32.246 0.0000000000
52975  -47.114  -16.449  35.245 0.0000000000
52979  -46.787  -16.263  34.312 0.0000000000
53838  -47.538  -15.727  34.962 0.0000000000
24384  -12.958  -48.463  48.394 0.0000000000
23514  -13.712  -49.830  47.482 0.0000000000
23519  -13.024  -50.292  46.975 0.0000000000
23520  -13.726  -50.029  46.841 0.0000000000
25311  -14.754  -47.423  47.424 0.0000000000
25305  -15.400  -48.281  48.026 0.0000000000
25310  -14.201  -47.886  47.122 0.0000000000
104861  -14.053  -49.885  44.064 0.0000000000
23534  -13.707  -50.395  44.728 0.0000000000
22634  -13.211  -51.258  43.782 0.0000000000
110607  -13.340  -50.786  43.131 0.0000000000
23543  -12.409  -50.391  40.969 0.0000000000
22644  -12.706  -50.796  41.845 0.0000000000
107592  -11.296  -51.092  40.212 0.0000000000
22654  -11.984  -50.434  40.129 0.0000000000
31908  -19.321  -40.500  40.396 0.0000000000
108919  -18.419  -41.075  40.435 0.0000000000
31915  -16.515  -40.654  40.459 0.0000000000
31906  -17.409  -40.783  41.053 0.0000000000
126267  -17.190  -40.874  41.392 0.0000000000
31892  -18.366  -41.499  42.228 0.0000000000
31013  -17.311  -41.540  41.694 0.0000000000
30166  -14.884  -41.699  39.426 0.0000000000
120705  -15.756  -42.467  41.437 0.0000000000
31002  -17.211  -42.565  42.039 0.0000000000
121579  -17.562  -42.822  42.708 0.0000000000
30112  -17.026  -43.353  42.547 0.0000000000
29154  -16.422  -44.450  43.332 0.0000000000
112052  -16.898  -44.051  43.936 0.0000000000
29142  -16.557  -44.743  44.190 0.0000000000
125138  -16.743  -45.050  44.855 0.0000000000
28200  -16.305  -45.508  44.436 0.0000000000
27220  -14.618  -45.788  42.012 0.0000000000
26253  -14.458  -46.637  42.276 0.0000000000
26248  -14.305  -47.384  42.434 0.0000000000
125637  -14.072  -47.117  41.841 0.0000000000
27272  -13.031  -46.304  38.500 0.0000000000
27258  -13.638  -46.097  39.907 0.0000000000
25362  -12.487  -48.170  38.933 0.0000000000
26278  -12.710  -47.713  39.795 0.0000000000
26260  -12.110  -48.314  40.589 0.0000000000
120466  -11.790  -48.696  40.854 0.0000000000
25348  -11.228  -48.741  39.795 0.0000000000
39098  -0.565  -32.662  42.208 0.0000000000
39099  -1.816  -32.130  41.988 0.0000000000
38334  -3.413  -32.988  43.747 0.0000000000
105090  -4.128  -32.838  43.259 0.0000000000
105324  -4.163  -32.117  42.370 0.0000000000
38359  -4.145  -31.798  41.232 0.0000000000
106450  -4.538  -32.463  40.842 0.0000000000
119654  -6.703  -33.729  41.129 0.0000000000
38373  -6.030  -33.385  40.778 0.0000000000
112725  -6.622  -33.782  40.350 0.0000000000
38383  -6.497  -33.828  39.437 0.0000000000
35124  -2.979  -38.193  42.193 0.0000000000
35142  -3.676  -37.822  42.094 0.0000000000
107270  -4.830  -37.535  41.169 0.0000000000
35144  -5.441  -37.446  41.744 0.0000000000
35127  -6.580  -37.116  42.553 0.0000000000
35161  -5.683  -37.389  40.939 0.0000000000
35196  -4.056  -38.131  38.553 0.0000000000
106656  -4.580  -38.215  37.964 0.0000000000
35199  -6.793  -37.210  38.913 0.0000000000
121468  -6.187  -37.331  39.363 0.0000000000
35163  -7.290  -36.751  40.658 0.0000000000
36041  -7.773  -36.060  40.722 0.0000000000
35180  -7.736  -36.395  39.875 0.0000000000
36050  -8.048  -35.932  39.367 0.0000000000
36875  -8.130  -35.505  38.886 0.0000000000
37634  -8.185  -34.900  39.345 0.0000000000
36881  -8.212  -35.697  37.946 0.0000000000
29102  -4.736  -43.704  48.285 0.0000000000
25303  -11.117  -47.712  46.891 0.0000000000
26222  -11.038  -47.119  47.611 0.0000000000
27183  -10.113  -46.658  47.156 0.0000000000
27182  -9.653  -46.129  46.956 0.0000000000
25312  -8.911  -48.383  45.069 0.0000000000
28196  -8.838  -45.208  45.387 0.0000000000
29123  -8.981  -44.752  46.388 0.0000000000
29122  -8.000  -44.167  46.657 0.0000000000
30076  -7.455  -43.936  47.115 0.0000000000
115467  -4.810  -43.604  46.613 0.0000000000
29119  -4.901  -43.713  45.537 0.0000000000
122966  -5.232  -44.233  43.779 0.0000000000
29151  -4.506  -44.311  43.192 0.0000000000
29165  -4.970  -44.274  42.312 0.0000000000
27205  -6.024  -46.196  42.334 0.0000000000
27206  -6.556  -45.843  42.818 0.0000000000
27234  -5.364  -45.782  40.628 0.0000000000
28218  -5.360  -45.193  41.314 0.0000000000
29180  -5.095  -44.712  40.651 0.0000000000
29198  -4.682  -44.440  40.229 0.0000000000
29199  -5.251  -44.478  39.682 0.0000000000
27271  -6.016  -45.230  37.840 0.0000000000
118889  -5.815  -44.894  38.433 0.0000000000
29226  -5.702  -44.686  38.036 0.0000000000
116088  -5.148  -44.582  37.494 0.0000000000
28262  -5.833  -45.006  37.314 0.0000000000
22637  -2.274  -51.878  42.819 0.0000000000
22641  -0.537  -51.071  41.722 0.0000000000
22642  -0.866  -51.824  41.864 0.0000000000
22635  -0.935  -51.115  42.188 0.0000000000
22630  -2.101  -51.101  42.951 0.0000000000
23541  -1.477  -50.648  42.475 0.0000000000
25336  -0.720  -49.090  40.088 0.0000000000
25333  -1.280  -48.912  41.428 0.0000000000
25337  -1.264  -48.709  40.669 0.0000000000
26296  -1.642  -47.923  38.436 0.0000000000
26297  -2.440  -47.246  38.293 0.0000000000
26311  -2.378  -46.802  37.493 0.0000000000
27289  -3.931  -46.453  36.150 0.0000000000
27302  -3.612  -46.213  35.443 0.0000000000
28274  -3.629  -45.375  34.929 0.0000000000
121715  -34.896  -34.378  43.481 0.0000000000
35154  -34.072  -36.315  41.160 0.0000000000
36038  -34.767  -36.056  41.004 0.0000000000
35133  -32.373  -37.079  42.112 0.0000000000
35152  -32.624  -37.030  41.211 0.0000000000
35134  -33.021  -36.610  41.966 0.0000000000
36837  -32.681  -35.725  43.923 0.0000000000
56454  -49.748  -10.821  36.035 0.0000000000
57297  -50.823  -11.015  36.140 0.0000000000
56451  -50.297  -11.359  36.656 0.0000000000
53847  -47.301  -14.302  34.066 0.0000000000
54721  -46.871  -13.936  33.331 0.0000000000
54722  -47.671  -13.335  33.912 0.0000000000
55604  -48.129  -12.686  33.738 0.0000000000
55610  -48.257  -12.409  33.623 0.0000000000
55605  -48.543  -12.563  33.986 0.0000000000
108842  -48.821  -11.330  35.542 0.0000000000
52047  -37.858  -17.324  39.787 0.0000000000
52033  -39.179  -17.919  41.065 0.0000000000
112264  -36.443  -21.065  36.260 0.0000000000
49246  -36.519  -20.573  37.091 0.0000000000
50254  -36.033  -19.675  37.546 0.0000000000
51168  -35.933  -18.626  37.658 0.0000000000
51154  -36.381  -18.419  38.415 0.0000000000
51155  -36.789  -18.138  39.080 0.0000000000
30163  -1.637  -43.094  38.551 0.0000000000
30183  -1.725  -43.227  37.491 0.0000000000
30216  -1.858  -43.064  35.362 0.0000000000
30217  -2.745  -43.623  34.898 0.0000000000
29261  -3.784  -44.321  33.944 0.0000000000
22647  -11.664  -51.667  40.964 0.0000000000
21734  -11.090  -52.218  41.460 0.0000000000
21740  -10.905  -51.901  40.635 0.0000000000
21739  -10.141  -52.176  40.214 0.0000000000
40648  -36.019  -29.972  39.302 0.0000000000
40657  -35.964  -29.918  39.270 0.0000000000
41460  -36.605  -29.428  38.580 0.0000000000
108233  -37.141  -28.534  37.879 0.0000000000
35978  -26.931  -36.043  46.945 0.0000000000
111697  -25.917  -35.317  39.769 0.0000000000
62641  -50.839  -4.991  32.517 0.0000000000
62642  -52.078  -4.778  32.624 0.0000000000
63487  -51.266  -4.103  32.181 0.0000000000
63490  -54.099  -3.501  32.289 0.0000000000
30977  -1.123  -42.686  46.911 0.0000000000
124943  -0.940  -42.808  46.279 0.0000000000
106637  -43.972  -18.427  38.268 0.0000000000
52065  -43.631  -18.097  38.707 0.0000000000
52937  -43.686  -16.505  39.283 0.0000000000
52080  -41.443  -16.870  35.878 0.0000000000
126999  -41.286  -17.191  35.139 0.0000000000
52092  -41.685  -17.650  35.545 0.0000000000
51181  -41.885  -18.367  35.241 0.0000000000
51182  -42.632  -18.664  35.499 0.0000000000
117330  -42.788  -18.442  36.163 0.0000000000
51174  -43.020  -18.547  36.773 0.0000000000
27185  -16.621  -46.012  46.967 0.0000000000
32706  -21.311  -39.288  44.325 0.0000000000
38402  -4.728  -33.629  37.393 0.0000000000
36814  -4.277  -35.769  45.858 0.0000000000
35994  -5.152  -36.582  44.905 0.0000000000
34374  -2.992  -39.359  34.394 0.0000000000
34360  -3.223  -39.185  35.147 0.0000000000
34375  -3.559  -38.735  34.377 0.0000000000
35269  -4.002  -38.704  33.790 0.0000000000
28180  -10.284  -45.204  50.188 0.0000000000
23527  -5.314  -50.058  44.427 0.0000000000
24405  -4.885  -49.292  44.397 0.0000000000
25321  -4.506  -48.519  44.051 0.0000000000
25324  -2.827  -48.986  43.206 0.0000000000
37628  -36.575  -34.785  40.338 0.0000000000
37636  -36.815  -34.042  40.100 0.0000000000
34324  -32.240  -37.259  38.118 0.0000000000
36019  -30.495  -36.275  42.422 0.0000000000
36003  -30.428  -35.305  42.968 0.0000000000
36035  -29.921  -36.420  41.864 0.0000000000
36044  -28.790  -36.340  40.644 0.0000000000
58197  -49.631  -9.849  33.212 0.0000000000
59090  -49.482  -9.580  32.594 0.0000000000
118000  -49.947  -8.930  33.170 0.0000000000
60864  -50.309  -7.489  32.815 0.0000000000
60856  -51.643  -7.304  34.171 0.0000000000
54696  -40.001  -14.540  38.644 0.0000000000
124191  -40.102  -14.450  39.454 0.0000000000
54684  -39.096  -14.017  39.438 0.0000000000
55536  -39.995  -14.151  41.244 0.0000000000
52969  -36.583  -16.456  36.271 0.0000000000
52961  -37.215  -15.956  36.650 0.0000000000
52962  -37.969  -15.561  36.171 0.0000000000
53831  -38.600  -15.295  36.700 0.0000000000
52963  -39.139  -15.469  35.974 0.0000000000
53832  -39.612  -14.744  36.707 0.0000000000
118165  -39.443  -14.511  37.986 0.0000000000
38389  -1.935  -33.058  38.930 0.0000000000
38379  -1.986  -33.147  39.320 0.0000000000
33506  -0.671  -39.821  42.185 0.0000000000
33516  -0.173  -39.475  41.420 0.0000000000
33525  0.004  -39.565  40.395 0.0000000000
125305  -0.021  -39.689  39.770 0.0000000000
113181  0.247  -41.592  36.830 0.0000000000
32759  0.318  -40.268  37.542 0.0000000000
32765  0.332  -40.715  36.785 0.0000000000
33547  -0.232  -39.707  36.055 0.0000000000
127084  -0.404  -39.353  35.677 0.0000000000
33554  0.148  -39.134  34.856 0.0000000000
33561  0.203  -39.285  34.262 0.0000000000
32792  -1.111  -40.731  33.607 0.0000000000
31992  -0.907  -41.034  33.575 0.0000000000
23518  -12.179  -50.235  46.932 0.0000000000
23517  -11.539  -49.953  46.748 0.0000000000
22608  -11.626  -50.647  46.601 0.0000000000
22615  -11.370  -51.209  46.196 0.0000000000
21701  -10.889  -52.025  46.009 0.0000000000
20763  -9.407  -53.499  43.684 0.0000000000
20756  -9.113  -53.350  44.529 0.0000000000
20755  -8.367  -53.548  44.126 0.0000000000
20746  -6.891  -53.034  44.658 0.0000000000
20753  -6.483  -53.135  43.788 0.0000000000
20752  -6.263  -52.270  42.930 0.0000000000
47284  -38.450  -22.386  38.594 0.0000000000
48241  -38.903  -21.913  38.975 0.0000000000
47285  -39.004  -22.624  38.911 0.0000000000
44699  -36.538  -25.546  36.816 0.0000000000
45562  -36.787  -24.664  36.935 0.0000000000
108841  -36.826  -23.795  37.132 0.0000000000
35104  -27.515  -36.814  45.332 0.0000000000
35110  -27.489  -36.724  44.556 0.0000000000
35147  -24.551  -36.545  41.524 0.0000000000
35164  -23.830  -36.651  41.235 0.0000000000
34289  -23.691  -37.833  40.892 0.0000000000
34299  -22.235  -37.555  40.239 0.0000000000
123643  -21.437  -37.589  39.471 0.0000000000
62663  -48.804  -4.777  27.393 0.0000000000
34242  -1.810  -38.996  47.128 0.0000000000
34243  -2.767  -38.487  47.003 0.0000000000
33490  -2.270  -40.003  44.569 0.0000000000
31884  -1.304  -41.249  43.298 0.0000000000
118828  -1.245  -43.417  43.697 0.0000000000
30098  -1.061  -42.841  43.232 0.0000000000
30109  -1.183  -42.684  42.367 0.0000000000
116465  -1.473  -43.042  40.904 0.0000000000
125755  -2.516  -44.251  40.136 0.0000000000
107736  -47.496  -16.429  36.122 0.0000000000
52966  -47.952  -15.992  36.706 0.0000000000
50284  -44.717  -18.821  34.303 0.0000000000
50298  -44.211  -18.069  33.476 0.0000000000
51204  -44.898  -18.403  33.730 0.0000000000
51191  -45.103  -17.813  34.198 0.0000000000
52102  -45.749  -17.615  33.780 0.0000000000
52983  -46.206  -17.013  33.569 0.0000000000
24391  -15.102  -49.084  48.045 0.0000000000
25318  -14.790  -48.164  45.314 0.0000000000
24403  -13.893  -48.786  45.802 0.0000000000
110867  -14.530  -48.793  44.797 0.0000000000
119688  -14.381  -49.284  44.272 0.0000000000
23539  -13.909  -50.017  43.046 0.0000000000
124272  -13.593  -49.706  42.424 0.0000000000
23544  -12.856  -50.062  41.569 0.0000000000
23546  -12.448  -49.340  41.087 0.0000000000
31925  -18.042  -41.229  38.962 0.0000000000
31924  -16.714  -40.919  39.465 0.0000000000
30149  -14.565  -42.811  39.763 0.0000000000
30150  -14.840  -41.955  40.444 0.0000000000
30136  -14.560  -42.886  40.759 0.0000000000
119427  -15.301  -43.229  41.956 0.0000000000
29167  -15.890  -44.848  42.752 0.0000000000
27208  -15.745  -45.744  42.910 0.0000000000
28211  -15.152  -45.240  42.340 0.0000000000
27235  -14.063  -46.388  40.664 0.0000000000
25361  -11.863  -48.718  39.011 0.0000000000
125780  -4.743  -33.516  43.554 0.0000000000
38335  -5.539  -33.737  43.521 0.0000000000
38361  -5.421  -32.971  41.928 0.0000000000
38362  -6.323  -33.368  41.804 0.0000000000
38363  -7.150  -34.029  41.857 0.0000000000
35159  -3.514  -37.674  40.571 0.0000000000
35160  -4.299  -37.641  40.678 0.0000000000
111154  -4.175  -37.808  39.990 0.0000000000
35214  -4.935  -38.232  37.430 0.0000000000
106453  -5.218  -38.019  38.092 0.0000000000
35215  -5.766  -37.956  37.697 0.0000000000
108782  -7.361  -36.777  39.238 0.0000000000
35200  -7.582  -37.015  38.473 0.0000000000
35201  -8.065  -37.007  37.692 0.0000000000
105079  -8.016  -37.721  37.227 0.0000000000
25302  -10.829  -47.722  46.646 0.0000000000
25308  -10.416  -48.485  46.327 0.0000000000
27189  -8.585  -46.925  44.827 0.0000000000
27195  -8.667  -46.001  44.817 0.0000000000
28195  -8.064  -44.456  45.077 0.0000000000
29131  -7.617  -43.953  45.761 0.0000000000
121170  -7.387  -43.983  45.031 0.0000000000
111624  -5.974  -43.800  44.971 0.0000000000
114447  -6.242  -44.246  44.057 0.0000000000
29152  -6.111  -44.518  43.100 0.0000000000
27217  -5.128  -46.397  41.219 0.0000000000
28247  -5.629  -44.875  39.149 0.0000000000
27256  -5.560  -45.574  39.586 0.0000000000
27255  -5.345  -46.357  39.111 0.0000000000
27270  -5.628  -46.361  37.897 0.0000000000
22645  0.241  -51.477  40.740 0.0000000000
22640  0.076  -50.784  41.148 0.0000000000
116753  -0.396  -49.972  41.272 0.0000000000
23545  0.159  -50.271  40.746 0.0000000000
24418  -0.234  -49.656  40.509 0.0000000000
24426  -0.242  -49.354  39.661 0.0000000000
27277  -1.724  -47.054  36.729 0.0000000000
36082  -34.664  -36.605  37.918 0.0000000000
36070  -34.606  -36.546  38.735 0.0000000000
36057  -35.166  -36.113  39.284 0.0000000000
36871  -35.627  -35.660  39.949 0.0000000000
36864  -35.462  -35.677  40.790 0.0000000000
36865  -36.137  -35.335  40.535 0.0000000000
118284  -36.561  -34.973  41.051 0.0000000000
122403  -36.620  -34.443  41.314 0.0000000000
35168  -30.744  -37.346  40.426 0.0000000000
35186  -31.587  -36.525  39.266 0.0000000000
35187  -32.205  -36.187  39.400 0.0000000000
117208  -32.708  -37.192  39.726 0.0000000000
34311  -32.720  -37.351  38.908 0.0000000000
35207  -33.466  -37.545  38.671 0.0000000000
35999  -31.780  -35.518  43.869 0.0000000000
36004  -31.456  -35.922  43.487 0.0000000000
36020  -31.115  -36.336  43.000 0.0000000000
35150  -30.702  -37.105  41.591 0.0000000000
120931  -51.397  -9.366  34.933 0.0000000000
59058  -51.962  -9.144  35.929 0.0000000000
54729  -46.163  -13.585  32.639 0.0000000000
54739  -45.795  -13.607  32.166 0.0000000000
55625  -45.262  -13.974  31.359 0.0000000000
118166  -45.885  -12.889  31.269 0.0000000000
57318  -46.545  -11.276  31.514 0.0000000000
57313  -47.656  -11.429  32.543 0.0000000000
57314  -48.512  -10.865  32.892 0.0000000000
57310  -48.601  -11.491  33.434 0.0000000000
57311  -49.127  -10.628  33.332 0.0000000000
122332  -50.125  -9.593  34.523 0.0000000000
114315  -37.730  -14.323  39.247 0.0000000000
54683  -37.918  -14.137  39.526 0.0000000000
53807  -38.243  -14.779  39.946 0.0000000000
53788  -38.628  -15.330  40.489 0.0000000000
109986  -39.327  -16.483  41.702 0.0000000000
48283  -35.267  -21.223  35.493 0.0000000000
49265  -34.471  -19.725  34.835 0.0000000000
50278  -34.169  -18.723  34.183 0.0000000000
51179  -34.587  -18.005  35.214 0.0000000000
113737  -36.141  -17.926  37.918 0.0000000000
52960  -36.632  -16.519  37.172 0.0000000000
52952  -37.214  -15.815  37.583 0.0000000000
119980  -37.657  -14.764  38.759 0.0000000000
116910  -0.843  -32.382  40.442 0.0000000000
31027  0.303  -42.161  39.939 0.0000000000
31914  0.402  -41.450  39.620 0.0000000000
31049  0.238  -41.882  37.502 0.0000000000
31050  0.037  -42.192  37.389 0.0000000000
123389  0.153  -41.942  36.898 0.0000000000
31063  0.221  -41.910  36.076 0.0000000000
31106  0.091  -42.123  34.613 0.0000000000
30225  -2.610  -42.902  34.408 0.0000000000
30234  -2.988  -42.904  33.316 0.0000000000
29279  -1.477  -44.171  32.024 0.0000000000
116216  -12.475  -52.291  44.242 0.0000000000
105589  -12.045  -52.597  44.929 0.0000000000
21716  -11.798  -52.759  44.098 0.0000000000
20776  -10.686  -53.011  43.373 0.0000000000
21727  -10.422  -52.724  42.032 0.0000000000
20775  -10.098  -53.249  42.914 0.0000000000
20774  -9.204  -53.367  42.751 0.0000000000
116376  -38.133  -24.916  38.869 0.0000000000
126981  -38.645  -25.430  39.017 0.0000000000
39921  -34.542  -31.332  38.155 0.0000000000
40666  -34.880  -30.158  38.862 0.0000000000
40665  -34.397  -30.232  38.323 0.0000000000
125117  -33.554  -28.822  37.617 0.0000000000
42247  -34.462  -28.492  37.178 0.0000000000
113105  -35.662  -28.327  36.665 0.0000000000
108753  -35.970  -27.465  36.548 0.0000000000
43053  -36.657  -27.106  37.246 0.0000000000
43860  -36.943  -26.185  37.316 0.0000000000
36016  -26.811  -35.356  42.157 0.0000000000
35130  -26.630  -35.596  43.063 0.0000000000
36052  -24.782  -35.568  40.169 0.0000000000
62660  -48.910  -5.189  28.390 0.0000000000
62656  -49.956  -5.005  29.826 0.0000000000
62661  -49.486  -4.457  29.066 0.0000000000
62664  -49.471  -4.209  28.034 0.0000000000
63510  -50.364  -3.319  27.658 0.0000000000
63511  -51.138  -3.417  28.297 0.0000000000
64373  -52.059  -3.418  28.518 0.0000000000
32697  -0.925  -40.595  46.584 0.0000000000
111430  -0.841  -40.897  46.022 0.0000000000
31871  -0.826  -41.507  45.702 0.0000000000
30084  -0.922  -42.983  44.883 0.0000000000
30079  -0.897  -42.883  45.746 0.0000000000
29148  -1.687  -44.040  43.625 0.0000000000
29163  -2.810  -44.546  42.826 0.0000000000
51171  -45.824  -18.179  37.452 0.0000000000
52066  -46.507  -17.963  38.072 0.0000000000
51159  -45.808  -18.303  38.400 0.0000000000
52050  -44.670  -17.930  39.579 0.0000000000
51188  -40.765  -18.726  34.697 0.0000000000
49295  -42.378  -19.123  32.309 0.0000000000
50269  -43.134  -19.132  34.949 0.0000000000
50282  -43.601  -19.195  34.271 0.0000000000
50283  -44.088  -18.821  34.002 0.0000000000
50272  -44.837  -19.012  34.991 0.0000000000
51183  -44.903  -18.287  35.626 0.0000000000
26220  -15.843  -47.247  48.627 0.0000000000
25306  -15.506  -47.550  47.739 0.0000000000
25315  -14.434  -47.183  46.818 0.0000000000
26229  -15.041  -46.589  46.842 0.0000000000
25323  -15.158  -48.245  44.539 0.0000000000
25327  -15.099  -48.159  43.775 0.0000000000
25331  -14.711  -47.786  43.078 0.0000000000
31066  -15.553  -42.107  36.926 0.0000000000
31051  -15.252  -42.161  37.539 0.0000000000
31038  -14.803  -42.508  37.773 0.0000000000
30164  -14.431  -43.258  38.121 0.0000000000
29228  -14.638  -43.450  38.889 0.0000000000
29214  -14.111  -44.638  39.328 0.0000000000
28248  -13.801  -45.233  39.623 0.0000000000
28257  -13.627  -44.953  38.847 0.0000000000
28256  -13.070  -45.389  38.298 0.0000000000
37591  -2.214  -33.526  44.679 0.0000000000
38324  -2.347  -32.480  44.326 0.0000000000
37594  -4.964  -34.927  44.760 0.0000000000
37604  -5.034  -34.294  44.110 0.0000000000
119037  -5.885  -34.442  43.953 0.0000000000
37605  -6.648  -34.805  43.810 0.0000000000
36835  -7.171  -35.406  43.394 0.0000000000
35195  -3.549  -38.605  38.434 0.0000000000
35212  -3.706  -38.685  37.593 0.0000000000
109907  -3.867  -38.028  36.839 0.0000000000
34347  -3.710  -38.124  36.014 0.0000000000
106358  -4.514  -38.006  36.732 0.0000000000
105326  -4.987  -38.018  36.087 0.0000000000
105499  -6.492  -38.301  35.573 0.0000000000
30052  -9.139  -44.064  50.055 0.0000000000
30051  -8.342  -43.340  50.267 0.0000000000
30064  -8.110  -44.117  49.925 0.0000000000
117243  -7.959  -44.789  48.971 0.0000000000
23522  -8.327  -50.076  45.858 0.0000000000
126190  -8.244  -49.700  45.504 0.0000000000
24401  -7.879  -48.755  45.054 0.0000000000
25317  -6.646  -49.007  44.856 0.0000000000
26230  -7.225  -48.171  44.744 0.0000000000
26234  -6.851  -47.562  44.280 0.0000000000
27198  -6.975  -46.249  43.376 0.0000000000
26241  -6.499  -47.071  43.773 0.0000000000
26247  -5.395  -46.956  42.927 0.0000000000
26246  -4.622  -47.330  42.677 0.0000000000
26252  -4.423  -46.953  41.832 0.0000000000
26259  -3.334  -47.279  40.642 0.0000000000
124850  -36.166  -33.460  36.462 0.0000000000
36083  -35.036  -35.889  37.404 0.0000000000
36883  -35.634  -35.370  37.745 0.0000000000
118955  -36.081  -34.809  38.168 0.0000000000
36884  -36.171  -34.715  37.306 0.0000000000
37651  -36.317  -33.893  36.925 0.0000000000
38420  -36.153  -32.974  37.028 0.0000000000
39138  -35.618  -32.659  38.237 0.0000000000
125726  -35.799  -31.463  39.404 0.0000000000
39133  -36.121  -32.023  39.454 0.0000000000
39905  -35.959  -30.860  39.497 0.0000000000
35992  -28.115  -35.967  44.916 0.0000000000
36001  -28.152  -35.379  43.340 0.0000000000
36002  -29.668  -34.870  43.219 0.0000000000
36017  -27.468  -35.204  42.762 0.0000000000
124570  -27.442  -35.372  40.518 0.0000000000
36054  -27.427  -35.683  39.996 0.0000000000
59092  -48.425  -9.626  31.741 0.0000000000
59096  -47.969  -9.190  31.072 0.0000000000
59100  -47.850  -9.022  30.138 0.0000000000
61770  -49.430  -6.733  30.593 0.0000000000
60878  -50.423  -6.809  32.646 0.0000000000
61751  -50.930  -6.187  33.339 0.0000000000
61761  -50.531  -5.922  32.569 0.0000000000
62628  -51.420  -5.315  33.014 0.0000000000
52947  -42.706  -16.045  37.907 0.0000000000
54685  -40.830  -14.535  39.915 0.0000000000
54671  -38.672  -14.208  40.124 0.0000000000
52090  -39.959  -16.420  34.549 0.0000000000
113380  -40.178  -15.771  35.757 0.0000000000
52973  -40.689  -16.454  35.303 0.0000000000
32739  -20.900  -39.818  40.392 0.0000000000
32745  -20.238  -40.021  39.855 0.0000000000
31935  -19.408  -40.880  37.669 0.0000000000
31934  -18.468  -41.242  37.893 0.0000000000
122620  -16.825  -41.277  37.302 0.0000000000
31053  -16.510  -41.277  37.018 0.0000000000
31067  -16.158  -41.863  36.547 0.0000000000
38393  -5.070  -33.685  38.353 0.0000000000
34266  -3.597  -38.714  43.776 0.0000000000
34276  -3.026  -38.867  42.976 0.0000000000
34317  -2.260  -38.999  38.514 0.0000000000
32744  0.291  -40.603  39.337 0.0000000000
33531  -0.008  -39.865  39.085 0.0000000000
33536  0.012  -39.714  38.021 0.0000000000
109242  -1.598  -39.378  38.711 0.0000000000
120132  -2.603  -39.236  37.888 0.0000000000
34331  -2.476  -39.540  37.201 0.0000000000
107866  -1.690  -39.347  35.330 0.0000000000
34343  -0.165  -38.832  34.974 0.0000000000
34358  -0.737  -38.967  35.105 0.0000000000
34359  -2.094  -39.411  35.175 0.0000000000
34373  -2.330  -39.964  34.431 0.0000000000
25296  -11.612  -47.276  47.976 0.0000000000
23510  -11.130  -49.507  46.630 0.0000000000
24386  -11.151  -48.720  46.691 0.0000000000
23523  -9.281  -50.172  45.742 0.0000000000
21710  -11.470  -52.505  45.586 0.0000000000
21700  -10.162  -51.682  45.974 0.0000000000
20749  -9.432  -52.943  45.258 0.0000000000
21709  -9.535  -52.322  45.908 0.0000000000
22612  -9.356  -50.816  45.850 0.0000000000
22610  -7.061  -50.767  46.168 0.0000000000
22620  -5.328  -51.218  44.890 0.0000000000
22619  -5.479  -50.858  44.016 0.0000000000
49218  -38.566  -20.263  39.357 0.0000000000
48227  -39.247  -21.538  39.526 0.0000000000
39931  -32.854  -32.309  36.658 0.0000000000
46393  -35.208  -23.363  36.013 0.0000000000
47301  -36.338  -22.273  36.816 0.0000000000
46384  -36.345  -23.219  36.838 0.0000000000
47302  -36.695  -21.910  37.133 0.0000000000
49247  -36.960  -20.948  37.741 0.0000000000
49229  -37.281  -20.491  38.523 0.0000000000
33492  -22.015  -37.967  44.969 0.0000000000
33491  -21.430  -38.293  44.744 0.0000000000
32712  -21.795  -39.618  43.381 0.0000000000
35100  -27.105  -37.095  46.154 0.0000000000
35099  -26.368  -37.281  46.409 0.0000000000
35102  -25.801  -37.617  45.780 0.0000000000
35128  -25.339  -36.649  43.269 0.0000000000
35117  -25.781  -37.267  43.910 0.0000000000
33509  -23.049  -38.708  42.537 0.0000000000
110113  -23.309  -38.557  41.533 0.0000000000
33508  -22.585  -39.147  41.970 0.0000000000
32731  -22.049  -39.532  41.490 0.0000000000
114920  -21.505  -39.745  40.957 0.0000000000
122099  -20.479  -39.566  37.963 0.0000000000
64380  -50.986  -2.622  26.905 0.0000000000
64390  -50.804  -1.997  25.909 0.0000000000
64392  -53.160  -2.859  26.460 0.0000000000
64405  -51.970  -2.125  25.172 0.0000000000
126872  -2.991  -34.672  46.140 0.0000000000
36813  -3.650  -35.119  46.116 0.0000000000
35092  -3.121  -37.631  47.050 0.0000000000
34251  -3.680  -38.385  45.415 0.0000000000
118986  -2.250  -40.351  43.622 0.0000000000
113537  0.415  -40.868  41.041 0.0000000000
31883  -1.142  -41.462  42.569 0.0000000000
31001  -0.707  -41.416  42.211 0.0000000000
31891  0.073  -41.254  42.266 0.0000000000
31899  0.291  -41.352  41.494 0.0000000000
31905  0.348  -41.522  40.638 0.0000000000
30135  -1.630  -42.925  40.157 0.0000000000
30148  -1.631  -42.898  39.427 0.0000000000
29234  -2.073  -44.203  38.096 0.0000000000
121522  -3.075  -44.399  36.892 0.0000000000
54711  -48.543  -13.416  35.955 0.0000000000
54706  -49.151  -13.914  36.648 0.0000000000
124563  -43.575  -15.415  40.001 0.0000000000
51141  -38.875  -19.022  40.272 0.0000000000
51132  -39.329  -18.756  41.038 0.0000000000
117407  -44.234  -19.892  31.382 0.0000000000
50326  -44.541  -19.361  31.388 0.0000000000
50313  -44.135  -17.940  32.853 0.0000000000
127245  -44.863  -19.232  31.892 0.0000000000
50335  -44.807  -19.039  31.444 0.0000000000
51233  -45.058  -18.492  31.339 0.0000000000
51249  -44.468  -17.796  30.921 0.0000000000
52140  -44.821  -16.782  31.088 0.0000000000
52128  -45.444  -16.776  31.454 0.0000000000
53001  -45.669  -16.548  31.934 0.0000000000
52993  -46.062  -15.837  32.617 0.0000000000
52984  -46.494  -16.135  33.473 0.0000000000
53843  -47.778  -14.768  34.737 0.0000000000
54710  -48.364  -14.157  35.223 0.0000000000
24389  -12.496  -48.958  47.640 0.0000000000
23513  -12.684  -49.799  47.346 0.0000000000
22623  -13.263  -51.456  45.774 0.0000000000
124138  -15.071  -48.885  47.611 0.0000000000
24395  -14.527  -49.432  47.466 0.0000000000
24398  -13.815  -49.396  46.587 0.0000000000
23526  -13.595  -50.129  46.290 0.0000000000
22624  -13.539  -51.013  45.309 0.0000000000
115406  -13.182  -51.635  45.126 0.0000000000
22633  -12.826  -51.867  43.642 0.0000000000
22638  -12.616  -51.798  42.940 0.0000000000
115726  -12.382  -51.539  42.212 0.0000000000
22643  -12.224  -51.291  41.401 0.0000000000
31893  -19.601  -40.492  41.587 0.0000000000
105955  -18.530  -41.896  43.006 0.0000000000
116130  -15.554  -41.127  39.033 0.0000000000
112435  -15.788  -40.661  40.664 0.0000000000
31011  -15.467  -41.375  41.097 0.0000000000
31003  -17.884  -42.063  42.386 0.0000000000
30993  -18.538  -42.247  43.897 0.0000000000
30101  -18.040  -42.996  44.162 0.0000000000
29155  -16.843  -43.898  43.104 0.0000000000
30091  -17.442  -43.623  44.447 0.0000000000
29133  -17.134  -44.257  45.653 0.0000000000
27192  -16.601  -45.334  45.897 0.0000000000
27196  -16.228  -46.283  44.888 0.0000000000
109623  -15.381  -46.424  43.184 0.0000000000
26243  -15.393  -46.937  43.732 0.0000000000
26279  -13.410  -47.020  40.212 0.0000000000
26261  -13.696  -47.299  41.047 0.0000000000
25335  -12.491  -48.660  41.146 0.0000000000
24438  -11.028  -48.951  39.361 0.0000000000
24427  -11.062  -49.118  40.014 0.0000000000
23554  -11.566  -49.848  40.026 0.0000000000
39109  -0.440  -32.374  41.083 0.0000000000
39110  -1.498  -32.563  40.911 0.0000000000
38333  -3.040  -31.800  43.961 0.0000000000
38349  -2.744  -31.706  42.780 0.0000000000
38370  -3.735  -32.483  40.256 0.0000000000
38372  -5.222  -33.279  40.495 0.0000000000
111963  -4.789  -33.454  39.911 0.0000000000
107500  -7.099  -34.143  38.964 0.0000000000
35113  -4.392  -38.129  43.667 0.0000000000
35114  -5.306  -37.587  43.434 0.0000000000
35143  -4.591  -37.613  41.973 0.0000000000
108054  -5.334  -37.648  42.525 0.0000000000
35126  -5.938  -37.281  42.925 0.0000000000
35116  -6.478  -36.656  43.246 0.0000000000
36014  -7.251  -36.440  42.891 0.0000000000
35177  -4.739  -37.863  39.526 0.0000000000
35178  -5.446  -37.651  39.415 0.0000000000
35162  -6.585  -37.173  40.742 0.0000000000
35146  -7.091  -37.106  41.353 0.0000000000
36015  -7.608  -36.450  42.158 0.0000000000
36855  -7.741  -35.797  41.543 0.0000000000
115746  -7.901  -34.639  40.439 0.0000000000
36042  -8.177  -35.585  40.078 0.0000000000
36863  -8.264  -34.924  40.022 0.0000000000
37627  -8.067  -34.618  39.776 0.0000000000
37633  -7.818  -34.519  38.960 0.0000000000
37641  -7.867  -34.600  37.842 0.0000000000
37649  -8.390  -35.077  37.425 0.0000000000
36882  -8.749  -35.765  37.123 0.0000000000
36077  -9.151  -36.499  36.723 0.0000000000
30075  -3.278  -43.647  48.013 0.0000000000
27175  -10.663  -46.449  49.525 0.0000000000
27174  -10.296  -45.918  48.919 0.0000000000
26221  -10.554  -46.932  47.345 0.0000000000
27179  -10.160  -46.161  47.956 0.0000000000
29106  -8.273  -44.704  48.288 0.0000000000
25313  -9.503  -48.785  45.514 0.0000000000
26228  -9.617  -47.848  45.680 0.0000000000
27186  -9.799  -46.764  45.870 0.0000000000
28191  -9.144  -45.360  47.034 0.0000000000
29114  -8.588  -44.699  47.337 0.0000000000
29112  -7.061  -43.797  47.589 0.0000000000
108003  -6.204  -43.559  47.406 0.0000000000
29111  -5.221  -43.665  47.378 0.0000000000
29110  -4.190  -43.709  47.414 0.0000000000
29109  -3.238  -43.658  47.037 0.0000000000
29117  -3.138  -43.869  46.142 0.0000000000
29127  -3.025  -44.155  45.331 0.0000000000
29138  -4.539  -44.139  44.705 0.0000000000
116797  -3.770  -44.256  44.915 0.0000000000
29136  -3.001  -44.348  44.397 0.0000000000
29150  -3.432  -44.463  43.468 0.0000000000
29164  -3.284  -44.454  42.101 0.0000000000
28210  -6.405  -45.168  42.874 0.0000000000
29166  -5.834  -44.676  42.194 0.0000000000
105863  -4.312  -44.397  41.844 0.0000000000
29178  -3.662  -44.564  41.510 0.0000000000
107868  -3.651  -44.687  40.861 0.0000000000
29197  -3.573  -44.571  40.002 0.0000000000
29213  -5.434  -44.517  38.824 0.0000000000
121006  -4.370  -44.415  38.795 0.0000000000
107813  -3.883  -44.497  38.252 0.0000000000
29236  -4.057  -44.484  37.264 0.0000000000
29244  -4.542  -44.706  36.740 0.0000000000
22632  -3.734  -51.630  43.314 0.0000000000
23537  -3.439  -50.899  43.678 0.0000000000
21724  -1.739  -52.231  42.166 0.0000000000
23536  -2.734  -50.574  43.312 0.0000000000
24408  -2.733  -49.727  43.262 0.0000000000
24412  -2.249  -49.358  42.678 0.0000000000
25329  -2.490  -48.819  42.576 0.0000000000
24415  -0.968  -49.444  41.784 0.0000000000
25328  -1.780  -48.957  42.070 0.0000000000
26244  -2.569  -48.449  42.036 0.0000000000
26258  -2.544  -47.936  40.681 0.0000000000
26276  -2.670  -47.657  39.773 0.0000000000
25346  -0.821  -48.934  39.107 0.0000000000
26275  -1.800  -48.146  39.274 0.0000000000
121349  -2.381  -47.675  38.940 0.0000000000
117602  -4.839  -46.963  37.442 0.0000000000
27278  -2.955  -46.476  36.700 0.0000000000
27279  -4.356  -46.625  36.915 0.0000000000
27291  -5.351  -46.055  36.789 0.0000000000
28268  -4.891  -45.630  36.494 0.0000000000
29254  -4.510  -45.011  36.276 0.0000000000
125640  -4.214  -44.697  36.166 0.0000000000
29253  -3.804  -44.767  35.471 0.0000000000
29262  -3.794  -44.779  34.357 0.0000000000
28297  -2.790  -45.758  32.481 0.0000000000
20757  -10.570  -53.086  44.585 0.0000000000
21703  -12.415  -51.987  46.327 0.0000000000
21717  -12.710  -52.187  45.038 0.0000000000
21744  1.260  -51.412  39.236 0.0000000000
22618  -13.544  -50.921  46.115 0.0000000000
22628  -13.041  -51.790  44.379 0.0000000000
23511  -11.559  -49.367  46.919 0.0000000000
23512  -12.003  -49.548  47.125 0.0000000000
24402  -13.724  -49.577  45.854 0.0000000000
25301  -15.289  -47.964  48.757 0.0000000000
27280  -5.262  -46.609  36.999 0.0000000000
27303  -4.341  -46.014  36.049 0.0000000000
28197  -16.553  -45.558  45.231 0.0000000000
28269  -5.538  -45.460  36.951 0.0000000000
29128  -3.827  -44.039  45.587 0.0000000000
29140  -6.842  -44.008  44.647 0.0000000000
29211  -3.669  -44.529  39.091 0.0000000000
30119  0.055  -42.141  41.491 0.0000000000
33497  -2.467  -40.241  43.007 0.0000000000
33543  -21.044  -37.859  38.331 0.0000000000
33562  -0.997  -40.342  33.883 0.0000000000
35145  -6.405  -37.298  41.668 0.0000000000
35175  -2.673  -37.900  39.609 0.0000000000
36847  -7.574  -35.484  42.537 0.0000000000
46401  -35.216  -22.626  35.664 0.0000000000
50262  -44.023  -19.128  35.945 0.0000000000
50266  -34.578  -18.738  34.950 0.0000000000
50311  -41.682  -20.086  32.954 0.0000000000
50344  -44.480  -18.791  30.847 0.0000000000
51157  -44.304  -18.420  38.997 0.0000000000
51158  -45.081  -18.643  38.716 0.0000000000
51216  -45.182  -18.777  32.868 0.0000000000
51234  -45.067  -17.560  31.319 0.0000000000
52074  -46.359  -17.753  37.338 0.0000000000
52078  -35.361  -17.322  36.519 0.0000000000
52081  -42.484  -17.997  36.609 0.0000000000
52112  -45.735  -17.680  32.976 0.0000000000
53855  -46.056  -14.732  32.608 0.0000000000
54701  -39.660  -14.445  37.275 0.0000000000
54746  -45.372  -13.869  31.431 0.0000000000
55567  -37.760  -14.163  39.057 0.0000000000
55568  -37.888  -14.174  39.395 0.0000000000
55609  -47.774  -12.390  33.318 0.0000000000
56465  -48.602  -12.088  33.782 0.0000000000
59057  -51.514  -9.740  35.562 0.0000000000
59093  -49.235  -9.213  31.863 0.0000000000
59986  -49.899  -8.122  32.479 0.0000000000
106449  -5.012  -32.866  41.057 0.0000000000
108087  -35.708  -22.795  36.432 0.0000000000
108132  -43.256  -16.659  38.033 0.0000000000
109067  -17.964  -41.201  41.535 0.0000000000
109874  -39.183  -25.108  39.010 0.0000000000
110448  -48.283  -12.119  33.461 0.0000000000
112315  0.238  -41.801  41.250 0.0000000000
112436  -36.482  -34.138  41.726 0.0000000000
112681  -45.648  -12.958  31.251 0.0000000000
112834  -53.357  -2.683  31.091 0.0000000000
114563  -13.030  -51.404  43.195 0.0000000000
115562  -15.771  -46.533  46.440 0.0000000000
117442  0.221  -39.828  34.770 0.0000000000
119989  -43.776  -17.720  33.144 0.0000000000
120930  -52.667  -3.029  27.131 0.0000000000
124247  -44.993  -19.112  32.789 0.0000000000
124399  -51.160  -10.253  35.590 0.0000000000
125050  -4.661  -44.414  37.867 0.0000000000
125629  -50.410  -4.639  30.862 0.0000000000
126096  -10.135  -52.963  45.086 0.0000000000
126099  -0.446  -50.511  41.504 0.0000000000
