#!ascii label  , from subject 001 vox2ras=TkReg
898
113010  -53.396  22.414  22.491 0.0000000000
94555  -44.531  37.792  15.447 0.0000000000
90173  -43.620  30.390  23.092 0.0000000000
90865  -52.231  31.411  20.239 0.0000000000
94559  -49.605  37.419  14.358 0.0000000000
94041  -48.299  36.609  19.558 0.0000000000
92841  -50.088  34.766  17.819 0.0000000000
109782  -47.168  29.433  17.211 0.0000000000
81911  -47.701  17.211  23.496 0.0000000000
112942  -49.875  21.797  23.919 0.0000000000
96015  -38.612  40.914  12.352 0.0000000000
94570  -43.510  37.943  10.710 0.0000000000
121147  -49.692  34.671  8.163 0.0000000000
112135  -49.099  27.004  24.555 0.0000000000
92818  -44.126  34.455  20.350 0.0000000000
105652  -49.608  32.250  22.683 0.0000000000
88341  -52.474  27.744  22.346 0.0000000000
108574  -48.629  26.598  18.382 0.0000000000
87180  -43.170  25.491  16.831 0.0000000000
85861  -51.827  23.026  21.036 0.0000000000
93509  -51.300  34.876  13.265 0.0000000000
94085  -50.565  36.071  15.846 0.0000000000
116562  -49.650  34.383  15.350 0.0000000000
92838  -47.201  33.973  17.048 0.0000000000
83259  -49.356  19.144  22.512 0.0000000000
84475  -46.561  21.943  22.724 0.0000000000
96485  -36.086  41.567  14.533 0.0000000000
126683  -46.845  35.967  9.358 0.0000000000
123102  -46.393  25.640  23.625 0.0000000000
88908  -46.690  28.792  22.462 0.0000000000
94083  -41.937  36.968  15.682 0.0000000000
94051  -44.234  36.389  17.828 0.0000000000
106595  -50.602  34.299  21.226 0.0000000000
92791  -48.721  34.536  22.452 0.0000000000
91483  -51.049  32.583  22.083 0.0000000000
89524  -51.422  30.082  22.869 0.0000000000
88925  -52.016  29.363  21.228 0.0000000000
124200  -51.025  26.893  20.056 0.0000000000
111757  -51.261  27.868  17.977 0.0000000000
88387  -45.716  27.446  15.360 0.0000000000
95023  -46.660  39.218  14.407 0.0000000000
94531  -46.628  37.228  16.954 0.0000000000
94546  -48.449  38.059  17.152 0.0000000000
93481  -50.675  35.827  19.086 0.0000000000
92158  -50.084  33.283  19.619 0.0000000000
90216  -50.227  30.309  18.724 0.0000000000
91496  -47.923  31.910  19.242 0.0000000000
90881  -45.897  32.076  17.934 0.0000000000
118527  -50.306  17.758  22.073 0.0000000000
83246  -51.512  19.988  22.480 0.0000000000
84462  -51.890  22.196  24.082 0.0000000000
94993  -37.351  38.750  16.853 0.0000000000
95015  -38.970  39.084  14.822 0.0000000000
95506  -42.345  39.630  13.850 0.0000000000
95035  -44.321  38.586  13.311 0.0000000000
94097  -46.516  37.633  12.568 0.0000000000
94117  -50.001  35.914  11.188 0.0000000000
92264  -52.056  33.095  10.168 0.0000000000
91634  -50.147  32.962  7.833 0.0000000000
85836  -46.445  23.715  23.679 0.0000000000
111346  -49.528  24.171  25.227 0.0000000000
86485  -51.709  24.480  24.994 0.0000000000
91461  -43.986  32.932  22.604 0.0000000000
93463  -46.787  34.812  19.908 0.0000000000
92130  -46.388  33.778  22.339 0.0000000000
90175  -46.499  31.261  22.653 0.0000000000
89521  -49.334  29.442  22.753 0.0000000000
88315  -51.371  27.802  24.036 0.0000000000
87133  -52.653  24.941  23.250 0.0000000000
86525  -50.759  24.516  21.419 0.0000000000
86535  -48.059  24.809  20.751 0.0000000000
86545  -45.909  24.131  19.564 0.0000000000
88383  -49.279  27.232  15.893 0.0000000000
87796  -46.211  25.781  17.611 0.0000000000
85875  -43.779  23.496  17.908 0.0000000000
84493  -54.126  21.186  21.645 0.0000000000
84495  -53.445  21.646  20.537 0.0000000000
85163  -53.229  22.662  21.568 0.0000000000
92231  -51.188  33.528  13.488 0.0000000000
92879  -50.540  34.974  14.729 0.0000000000
119002  -49.623  33.988  14.621 0.0000000000
92877  -48.990  34.122  15.175 0.0000000000
107791  -44.841  29.427  22.257 0.0000000000
94554  -43.604  37.823  15.390 0.0000000000
91491  -51.720  32.982  20.967 0.0000000000
92146  -50.881  33.836  21.808 0.0000000000
91488  -51.967  32.311  21.212 0.0000000000
90848  -51.893  31.360  21.666 0.0000000000
89560  -52.516  30.617  20.103 0.0000000000
88936  -52.089  28.749  19.674 0.0000000000
122043  -52.228  29.774  19.456 0.0000000000
95031  -48.050  39.010  14.089 0.0000000000
123192  -47.722  38.804  15.519 0.0000000000
95013  -49.080  37.784  15.727 0.0000000000
93493  -50.376  35.688  17.439 0.0000000000
118936  -50.569  36.066  18.071 0.0000000000
92835  -50.584  35.389  18.480 0.0000000000
92829  -50.314  35.126  19.284 0.0000000000
92165  -49.781  33.783  18.966 0.0000000000
92157  -49.252  32.986  19.284 0.0000000000
92164  -48.870  33.567  18.705 0.0000000000
92162  -47.014  33.222  18.093 0.0000000000
125435  -49.258  20.936  22.780 0.0000000000
83244  -50.183  19.166  22.687 0.0000000000
83874  -51.040  20.727  22.867 0.0000000000
83875  -51.609  21.123  22.914 0.0000000000
84460  -50.706  21.916  24.220 0.0000000000
96493  -37.619  41.781  13.360 0.0000000000
95502  -37.636  40.091  14.636 0.0000000000
96010  -38.809  40.317  13.779 0.0000000000
95017  -40.794  38.808  14.286 0.0000000000
108484  -40.568  39.607  12.795 0.0000000000
95044  -42.571  38.783  11.101 0.0000000000
95034  -42.749  38.836  12.236 0.0000000000
119937  -43.629  37.959  11.703 0.0000000000
95036  -45.287  38.441  13.285 0.0000000000
94572  -44.958  37.054  11.678 0.0000000000
93541  -48.740  35.275  8.848 0.0000000000
94115  -48.663  35.898  10.855 0.0000000000
126581  -49.427  35.144  9.403 0.0000000000
93527  -51.214  34.904  11.134 0.0000000000
92934  -50.613  34.297  9.351 0.0000000000
92283  -50.753  32.754  8.968 0.0000000000
92964  -49.873  34.237  7.731 0.0000000000
87125  -42.504  25.044  23.290 0.0000000000
86496  -42.299  23.875  23.664 0.0000000000
114699  -44.137  23.836  23.840 0.0000000000
85136  -45.009  23.147  24.187 0.0000000000
86499  -45.128  24.186  24.228 0.0000000000
87718  -47.958  26.152  24.027 0.0000000000
86501  -47.803  24.660  24.456 0.0000000000
87115  -48.814  25.707  24.854 0.0000000000
110841  -50.482  24.069  25.508 0.0000000000
87105  -50.694  25.338  25.125 0.0000000000
92151  -42.977  33.526  21.089 0.0000000000
92127  -42.667  33.251  22.425 0.0000000000
92144  -44.231  33.591  21.868 0.0000000000
94055  -47.981  37.225  19.009 0.0000000000
94053  -46.523  36.352  18.462 0.0000000000
93480  -47.958  36.203  19.948 0.0000000000
92114  -48.590  33.585  22.963 0.0000000000
92131  -47.623  34.023  22.522 0.0000000000
106582  -47.883  33.125  22.779 0.0000000000
91463  -46.433  32.997  22.594 0.0000000000
90838  -48.020  32.379  22.754 0.0000000000
89535  -48.439  30.151  22.588 0.0000000000
104893  -49.384  30.487  22.572 0.0000000000
88911  -52.195  28.984  22.614 0.0000000000
88887  -51.449  28.625  23.618 0.0000000000
88327  -52.376  27.818  23.164 0.0000000000
87737  -52.463  25.692  23.593 0.0000000000
87745  -52.598  26.339  22.992 0.0000000000
87141  -52.346  25.097  22.435 0.0000000000
110074  -52.356  25.881  22.311 0.0000000000
87777  -50.598  26.840  19.303 0.0000000000
87765  -49.571  26.238  20.664 0.0000000000
87764  -48.597  26.474  20.490 0.0000000000
86534  -47.241  24.954  20.334 0.0000000000
126648  -47.299  26.459  19.762 0.0000000000
89569  -48.982  29.686  17.513 0.0000000000
88953  -49.439  28.763  16.783 0.0000000000
89597  -47.920  28.903  16.761 0.0000000000
121053  -44.751  26.635  15.709 0.0000000000
87822  -46.433  26.559  15.678 0.0000000000
114461  -44.621  25.217  17.313 0.0000000000
113258  -44.550  24.707  18.313 0.0000000000
125134  -43.181  24.189  17.661 0.0000000000
85884  -42.281  23.466  17.536 0.0000000000
82600  -54.078  18.962  21.002 0.0000000000
85170  -51.250  22.505  20.375 0.0000000000
94101  -50.226  36.078  13.348 0.0000000000
94088  -50.523  36.710  14.821 0.0000000000
93502  -50.724  35.676  14.729 0.0000000000
92863  -50.251  35.249  15.643 0.0000000000
92850  -49.728  34.917  16.841 0.0000000000
92840  -49.140  34.560  17.463 0.0000000000
92861  -48.978  34.599  15.925 0.0000000000
106516  -48.044  18.354  22.644 0.0000000000
83257  -47.570  19.172  22.589 0.0000000000
111220  -48.076  21.596  23.126 0.0000000000
96906  -38.397  42.540  12.397 0.0000000000
114976  -45.664  36.388  10.110 0.0000000000
93569  -48.657  36.073  7.549 0.0000000000
93571  -49.359  35.601  7.245 0.0000000000
106814  -45.091  25.602  23.555 0.0000000000
109708  -47.017  26.933  22.936 0.0000000000
88324  -47.910  27.238  23.144 0.0000000000
93477  -43.945  34.964  19.156 0.0000000000
93467  -49.204  35.266  20.777 0.0000000000
93466  -48.833  35.431  20.768 0.0000000000
92807  -49.842  34.787  21.914 0.0000000000
92132  -50.290  34.087  22.309 0.0000000000
91467  -50.573  32.462  22.371 0.0000000000
121456  -50.793  31.032  22.645 0.0000000000
90842  -50.921  32.117  22.296 0.0000000000
89536  -51.770  29.687  22.373 0.0000000000
88914  -52.243  28.551  22.088 0.0000000000
87767  -52.053  27.120  21.377 0.0000000000
88359  -51.808  27.829  20.047 0.0000000000
87788  -51.016  27.198  18.358 0.0000000000
87787  -50.373  26.876  17.940 0.0000000000
88965  -46.749  28.205  15.612 0.0000000000
90833  -42.414  31.613  23.520 0.0000000000
95022  -45.899  38.842  14.547 0.0000000000
94543  -45.954  38.040  16.331 0.0000000000
94998  -46.571  38.325  15.809 0.0000000000
94533  -48.132  37.768  17.648 0.0000000000
94524  -48.413  37.258  18.361 0.0000000000
94547  -49.576  37.055  16.319 0.0000000000
94070  -50.210  36.493  18.562 0.0000000000
94043  -49.975  36.276  19.505 0.0000000000
93468  -49.979  35.268  19.870 0.0000000000
92159  -50.132  34.482  20.284 0.0000000000
104934  -51.045  32.842  20.217 0.0000000000
90217  -51.418  30.236  19.156 0.0000000000
90863  -49.877  31.541  19.409 0.0000000000
119875  -48.741  30.540  19.202 0.0000000000
110287  -47.508  30.952  18.861 0.0000000000
92163  -47.835  33.546  18.557 0.0000000000
90883  -47.112  31.711  18.487 0.0000000000
82579  -49.837  18.292  22.521 0.0000000000
82592  -51.008  18.067  21.999 0.0000000000
81920  -53.046  17.225  22.472 0.0000000000
83260  -53.269  19.176  22.159 0.0000000000
83877  -52.772  20.978  22.711 0.0000000000
115112  -52.818  23.011  23.151 0.0000000000
94538  -38.737  37.748  16.303 0.0000000000
122942  -38.295  39.178  15.373 0.0000000000
127288  -39.117  37.756  15.614 0.0000000000
94551  -40.681  37.483  15.130 0.0000000000
95006  -42.257  38.378  14.656 0.0000000000
95020  -43.495  39.180  14.240 0.0000000000
96022  -40.476  40.488  11.214 0.0000000000
107462  -42.056  39.558  13.236 0.0000000000
95514  -43.316  39.547  13.815 0.0000000000
95021  -44.919  38.599  13.942 0.0000000000
95509  -45.966  39.225  13.911 0.0000000000
95030  -47.196  39.071  13.756 0.0000000000
94567  -48.597  37.798  12.733 0.0000000000
113172  -47.010  36.169  10.912 0.0000000000
94098  -48.548  36.917  12.371 0.0000000000
94100  -49.554  36.552  12.798 0.0000000000
93517  -50.771  35.604  12.757 0.0000000000
92899  -51.498  34.100  12.705 0.0000000000
125458  -50.987  31.744  11.076 0.0000000000
90281  -50.282  31.328  10.179 0.0000000000
92294  -49.870  34.102  7.284 0.0000000000
107990  -46.873  23.181  23.343 0.0000000000
85138  -48.035  22.798  23.928 0.0000000000
86500  -46.679  24.542  23.925 0.0000000000
85837  -47.482  23.886  24.074 0.0000000000
85122  -49.472  22.675  24.667 0.0000000000
85124  -51.279  22.772  25.024 0.0000000000
85125  -52.025  23.335  24.814 0.0000000000
85153  -53.094  23.228  23.072 0.0000000000
90834  -43.231  31.852  23.000 0.0000000000
94067  -45.968  36.809  17.647 0.0000000000
93478  -45.950  35.330  19.099 0.0000000000
92819  -45.106  34.312  20.762 0.0000000000
93451  -47.843  34.967  21.275 0.0000000000
92805  -46.982  34.464  21.881 0.0000000000
92145  -45.227  33.871  22.033 0.0000000000
92110  -44.990  33.133  22.341 0.0000000000
90836  -45.280  32.125  22.464 0.0000000000
90846  -44.946  31.412  22.533 0.0000000000
89533  -46.405  30.104  22.432 0.0000000000
88909  -47.635  28.675  22.633 0.0000000000
88326  -49.382  28.164  24.025 0.0000000000
89523  -50.718  30.086  22.966 0.0000000000
88885  -50.032  28.491  24.309 0.0000000000
87720  -49.894  27.070  24.712 0.0000000000
87712  -52.029  25.610  24.422 0.0000000000
86504  -52.525  24.245  23.929 0.0000000000
85847  -52.873  23.383  22.978 0.0000000000
122162  -52.682  23.700  22.093 0.0000000000
85853  -51.209  23.846  21.317 0.0000000000
85852  -50.385  23.913  20.962 0.0000000000
87752  -51.276  25.980  21.580 0.0000000000
86523  -49.457  24.825  21.039 0.0000000000
85858  -48.983  23.448  20.704 0.0000000000
118282  -47.645  23.107  20.354 0.0000000000
85868  -46.405  23.513  19.794 0.0000000000
89586  -50.853  28.860  17.748 0.0000000000
88968  -50.398  27.325  16.231 0.0000000000
87798  -49.661  26.673  16.435 0.0000000000
88382  -48.018  27.159  15.366 0.0000000000
104917  -47.425  26.505  16.513 0.0000000000
87784  -46.882  26.114  18.275 0.0000000000
87164  -46.062  25.700  18.799 0.0000000000
86544  -45.105  24.314  19.170 0.0000000000
105570  -53.725  21.858  22.015 0.0000000000
85164  -53.719  21.945  21.329 0.0000000000
85172  -53.207  22.382  20.911 0.0000000000
85158  -53.498  22.352  21.859 0.0000000000
91561  -50.492  33.200  13.027 0.0000000000
92230  -50.912  33.550  13.669 0.0000000000
92229  -50.076  33.773  13.733 0.0000000000
116556  -44.082  29.668  22.732 0.0000000000
107464  -44.649  30.434  22.532 0.0000000000
94541  -43.955  37.389  16.178 0.0000000000
91492  -51.969  32.196  20.666 0.0000000000
120405  -52.064  32.409  21.071 0.0000000000
90853  -52.242  31.733  20.721 0.0000000000
90184  -52.390  31.163  20.551 0.0000000000
90201  -52.402  31.134  20.246 0.0000000000
120088  -52.394  30.730  19.841 0.0000000000
94558  -48.850  38.271  14.098 0.0000000000
95025  -48.427  38.735  14.724 0.0000000000
95026  -49.058  38.049  14.936 0.0000000000
92842  -50.432  35.367  17.629 0.0000000000
92834  -50.198  34.591  18.664 0.0000000000
92833  -49.587  34.194  18.237 0.0000000000
81915  -48.400  17.644  22.607 0.0000000000
121908  -49.851  21.151  23.114 0.0000000000
83859  -50.571  21.345  23.420 0.0000000000
96495  -38.182  41.757  12.685 0.0000000000
96014  -38.230  40.915  13.262 0.0000000000
95510  -39.001  40.353  13.047 0.0000000000
95504  -39.577  39.889  13.788 0.0000000000
95519  -39.761  39.817  12.765 0.0000000000
94575  -43.745  38.214  9.958 0.0000000000
95045  -43.119  38.679  10.354 0.0000000000
95041  -43.080  38.384  11.483 0.0000000000
94564  -44.398  37.864  12.443 0.0000000000
94571  -44.147  37.428  11.161 0.0000000000
109951  -49.233  35.226  8.503 0.0000000000
104910  -49.764  34.869  9.252 0.0000000000
92933  -50.172  34.725  9.382 0.0000000000
93542  -49.776  34.519  8.508 0.0000000000
92948  -50.099  33.977  8.063 0.0000000000
92947  -49.709  34.583  7.798 0.0000000000
87730  -42.100  25.761  22.826 0.0000000000
87126  -43.427  25.037  23.334 0.0000000000
86510  -42.879  24.384  23.410 0.0000000000
86511  -43.800  24.394  23.672 0.0000000000
86498  -44.563  24.318  24.041 0.0000000000
87719  -48.567  26.321  24.555 0.0000000000
87104  -49.734  25.556  25.031 0.0000000000
87116  -49.326  26.373  24.802 0.0000000000
118158  -43.410  34.446  19.583 0.0000000000
92155  -43.235  33.884  20.250 0.0000000000
92143  -43.421  33.546  21.721 0.0000000000
92817  -43.769  33.907  21.136 0.0000000000
94040  -47.711  36.774  19.397 0.0000000000
91465  -48.677  32.791  22.950 0.0000000000
90839  -48.805  32.121  22.827 0.0000000000
90168  -48.426  31.313  22.603 0.0000000000
114783  -49.527  31.410  22.574 0.0000000000
88338  -52.448  28.109  22.742 0.0000000000
122890  -52.517  27.276  22.710 0.0000000000
87736  -52.487  27.050  23.083 0.0000000000
107624  -52.448  26.780  22.284 0.0000000000
106272  -49.558  26.642  18.857 0.0000000000
87776  -49.486  26.766  20.090 0.0000000000
87775  -48.526  26.795  19.718 0.0000000000
87763  -47.785  26.575  20.136 0.0000000000
87774  -47.617  26.581  19.155 0.0000000000
89583  -47.996  29.526  17.568 0.0000000000
89584  -48.871  29.454  16.849 0.0000000000
105593  -43.962  26.057  16.261 0.0000000000
87181  -44.751  25.786  16.450 0.0000000000
112823  -44.007  25.066  16.700 0.0000000000
87171  -44.021  24.551  17.284 0.0000000000
87170  -43.261  24.640  17.404 0.0000000000
86562  -42.633  24.227  17.551 0.0000000000
87169  -42.453  24.925  17.222 0.0000000000
105703  -52.005  22.436  20.345 0.0000000000
93508  -50.680  35.466  13.873 0.0000000000
94093  -50.635  36.151  14.504 0.0000000000
92878  -50.154  34.555  15.117 0.0000000000
92862  -49.860  34.930  15.883 0.0000000000
92876  -48.178  33.939  15.424 0.0000000000
116301  -46.771  18.887  22.727 0.0000000000
84476  -47.282  22.057  22.949 0.0000000000
97325  -37.716  43.131  13.525 0.0000000000
93568  -47.648  36.001  7.908 0.0000000000
94131  -48.806  36.794  6.795 0.0000000000
94590  -48.644  37.284  7.032 0.0000000000
113727  -45.900  28.325  22.409 0.0000000000
88335  -45.551  27.534  22.567 0.0000000000
88336  -46.449  27.661  22.589 0.0000000000
88337  -47.347  27.867  22.684 0.0000000000
94082  -41.095  36.843  15.639 0.0000000000
93485  -44.104  35.842  18.534 0.0000000000
93455  -49.632  35.033  20.766 0.0000000000
93454  -49.476  34.940  21.456 0.0000000000
92808  -50.142  34.691  21.535 0.0000000000
105967  -51.108  33.056  21.925 0.0000000000
92133  -50.860  33.614  22.021 0.0000000000
91482  -51.013  32.819  22.054 0.0000000000
92116  -50.429  33.341  22.342 0.0000000000
91468  -50.840  32.354  22.260 0.0000000000
121969  -52.242  30.973  21.139 0.0000000000
90176  -51.749  30.498  21.851 0.0000000000
89538  -51.908  30.264  21.553 0.0000000000
107999  -51.850  29.345  22.030 0.0000000000
105907  -52.142  28.455  21.376 0.0000000000
88360  -52.183  28.653  20.567 0.0000000000
88944  -51.528  28.686  18.826 0.0000000000
88365  -51.363  27.762  18.947 0.0000000000
87801  -51.016  27.310  17.890 0.0000000000
95010  -46.631  38.740  15.128 0.0000000000
95000  -48.058  38.453  16.301 0.0000000000
94545  -47.783  38.153  16.825 0.0000000000
94534  -48.782  37.382  17.873 0.0000000000
94084  -50.482  36.529  15.470 0.0000000000
118511  -50.235  36.332  16.362 0.0000000000
118959  -50.727  36.111  18.728 0.0000000000
109507  -49.851  36.605  19.103 0.0000000000
94057  -50.459  36.262  19.114 0.0000000000
94044  -50.137  35.904  19.589 0.0000000000
92828  -50.121  34.253  19.537 0.0000000000
119030  -50.484  33.793  20.144 0.0000000000
90864  -50.848  31.780  19.718 0.0000000000
91498  -50.171  32.390  19.594 0.0000000000
122416  -48.705  32.329  19.367 0.0000000000
90862  -48.879  31.380  19.421 0.0000000000
90198  -48.201  30.875  19.230 0.0000000000
92839  -48.050  34.403  17.311 0.0000000000
92832  -48.447  34.118  18.055 0.0000000000
92172  -47.512  33.863  17.764 0.0000000000
91528  -46.081  33.000  17.880 0.0000000000
91507  -46.657  32.412  18.191 0.0000000000
83258  -48.462  19.215  22.495 0.0000000000
108599  -48.938  18.322  22.433 0.0000000000
83245  -50.797  19.527  22.570 0.0000000000
82580  -50.474  18.539  22.480 0.0000000000
82581  -51.352  18.837  22.359 0.0000000000
82593  -52.285  18.022  22.230 0.0000000000
82594  -52.974  18.267  22.414 0.0000000000
82582  -52.295  19.238  22.291 0.0000000000
83861  -51.657  21.656  23.643 0.0000000000
123883  -52.470  20.646  22.626 0.0000000000
84478  -52.153  21.723  23.198 0.0000000000
84479  -52.697  21.982  22.833 0.0000000000
95493  -37.223  38.778  17.243 0.0000000000
95494  -37.909  38.442  17.651 0.0000000000
94994  -37.833  38.294  17.120 0.0000000000
110114  -38.397  37.690  17.136 0.0000000000
94997  -38.139  38.322  16.603 0.0000000000
96476  -35.796  41.507  15.604 0.0000000000
96003  -36.058  40.632  15.061 0.0000000000
95503  -38.266  39.691  14.761 0.0000000000
95003  -38.610  38.445  15.689 0.0000000000
94549  -39.382  38.232  15.046 0.0000000000
123706  -39.754  37.480  15.258 0.0000000000
95004  -40.208  38.043  14.636 0.0000000000
95505  -41.214  39.289  13.843 0.0000000000
95018  -41.825  39.028  14.211 0.0000000000
95019  -42.772  39.454  14.266 0.0000000000
108748  -41.157  39.638  12.511 0.0000000000
106815  -41.686  39.416  12.168 0.0000000000
125213  -43.636  39.075  13.453 0.0000000000
95521  -43.076  39.369  13.257 0.0000000000
95508  -43.713  39.117  13.886 0.0000000000
95515  -44.084  38.860  13.762 0.0000000000
95028  -45.185  38.633  13.712 0.0000000000
95037  -46.142  38.703  13.101 0.0000000000
95038  -46.992  38.413  13.218 0.0000000000
94561  -47.870  38.427  13.264 0.0000000000
94566  -47.719  37.535  12.516 0.0000000000
107375  -46.136  36.263  10.929 0.0000000000
94113  -46.589  35.974  10.018 0.0000000000
94116  -49.531  35.892  11.091 0.0000000000
94107  -48.952  36.217  11.820 0.0000000000
94099  -49.019  36.841  12.504 0.0000000000
94108  -49.587  36.308  11.852 0.0000000000
94109  -50.153  36.150  12.130 0.0000000000
92909  -51.802  33.902  10.836 0.0000000000
120814  -51.504  34.237  11.819 0.0000000000
92257  -51.610  33.408  11.976 0.0000000000
91579  -51.498  32.649  12.020 0.0000000000
91595  -51.703  32.340  11.155 0.0000000000
90954  -51.530  31.879  10.731 0.0000000000
91621  -50.501  32.270  8.534 0.0000000000
90985  -51.091  31.777  9.239 0.0000000000
125913  -50.794  31.589  9.122 0.0000000000
90976  -50.266  31.430  9.477 0.0000000000
90984  -50.110  31.779  8.785 0.0000000000
92963  -49.655  34.873  7.454 0.0000000000
85149  -44.772  22.897  23.920 0.0000000000
85835  -45.326  23.538  24.133 0.0000000000
85137  -45.641  23.174  23.882 0.0000000000
109922  -47.444  23.381  23.730 0.0000000000
87127  -45.750  25.325  23.738 0.0000000000
87113  -46.466  25.234  23.886 0.0000000000
86482  -48.647  24.378  24.862 0.0000000000
85820  -48.873  23.617  24.895 0.0000000000
121239  -48.977  23.013  24.795 0.0000000000
85123  -50.350  22.797  24.872 0.0000000000
85821  -49.800  23.397  25.098 0.0000000000
86484  -50.986  24.574  25.411 0.0000000000
121587  -51.439  23.547  25.185 0.0000000000
85823  -51.875  23.997  24.945 0.0000000000
85126  -52.420  23.749  24.110 0.0000000000
85825  -52.643  23.786  23.922 0.0000000000
91480  -43.261  32.991  22.431 0.0000000000
91460  -43.147  32.553  22.638 0.0000000000
94530  -45.689  37.243  16.892 0.0000000000
93479  -47.222  36.167  19.430 0.0000000000
92827  -45.069  34.661  19.756 0.0000000000
123417  -46.092  34.263  20.387 0.0000000000
93443  -48.532  34.849  21.923 0.0000000000
93452  -48.444  35.139  21.330 0.0000000000
114714  -47.122  33.779  22.463 0.0000000000
92789  -47.127  34.162  22.224 0.0000000000
92788  -46.168  34.024  22.143 0.0000000000
92804  -45.940  34.045  21.477 0.0000000000
92129  -45.430  33.592  22.240 0.0000000000
92111  -45.923  33.354  22.400 0.0000000000
121799  -46.561  31.965  22.662 0.0000000000
90837  -46.179  32.352  22.596 0.0000000000
90847  -45.857  31.677  22.620 0.0000000000
90174  -45.650  30.917  22.617 0.0000000000
89534  -47.470  29.617  22.569 0.0000000000
88910  -48.433  29.046  22.680 0.0000000000
88897  -49.193  28.406  22.957 0.0000000000
90169  -51.025  30.899  22.688 0.0000000000
88888  -52.062  28.331  23.464 0.0000000000
88886  -50.774  28.549  24.001 0.0000000000
88314  -50.404  27.815  24.510 0.0000000000
87721  -50.874  27.010  24.656 0.0000000000
87722  -51.843  26.696  24.207 0.0000000000
87746  -52.588  25.362  23.370 0.0000000000
87118  -52.453  25.139  23.979 0.0000000000
87128  -52.533  24.992  23.784 0.0000000000
116929  -52.734  23.858  23.521 0.0000000000
86518  -52.842  24.098  23.299 0.0000000000
86527  -52.745  23.895  22.764 0.0000000000
120334  -51.553  24.644  21.942 0.0000000000
105724  -51.341  26.818  20.934 0.0000000000
87150  -48.843  25.574  20.925 0.0000000000
87138  -49.899  25.476  20.972 0.0000000000
85851  -49.583  24.046  20.916 0.0000000000
86536  -48.810  24.389  20.949 0.0000000000
117365  -48.058  23.771  20.674 0.0000000000
86546  -46.500  24.413  19.925 0.0000000000
85177  -45.999  22.957  19.206 0.0000000000
85867  -45.537  23.650  19.360 0.0000000000
89571  -50.662  29.644  18.193 0.0000000000
88967  -49.977  27.750  15.965 0.0000000000
88384  -50.144  26.962  15.840 0.0000000000
87815  -50.117  26.750  16.123 0.0000000000
87814  -49.637  26.875  15.922 0.0000000000
88974  -46.153  27.810  15.396 0.0000000000
88388  -46.401  27.069  15.296 0.0000000000
87812  -46.491  26.085  16.483 0.0000000000
87823  -47.057  26.569  15.892 0.0000000000
119761  -46.979  26.017  17.225 0.0000000000
86553  -43.747  24.105  17.857 0.0000000000
86554  -44.413  23.946  18.604 0.0000000000
85876  -44.470  23.204  18.447 0.0000000000
121999  -54.221  20.326  21.638 0.0000000000
106486  -54.116  21.100  20.685 0.0000000000
84498  -52.618  21.300  19.962 0.0000000000
92890  -51.294  34.077  13.514 0.0000000000
92880  -50.776  34.812  14.097 0.0000000000
92213  -50.835  34.131  13.992 0.0000000000
92212  -50.442  34.188  14.308 0.0000000000
88907  -45.120  28.424  22.320 0.0000000000
89532  -45.720  29.196  22.276 0.0000000000
94553  -42.666  37.535  15.295 0.0000000000
94540  -43.228  37.281  15.948 0.0000000000
94077  -44.176  36.780  16.907 0.0000000000
92152  -51.216  33.481  21.448 0.0000000000
92147  -51.276  33.129  21.736 0.0000000000
92134  -51.460  32.665  21.736 0.0000000000
91484  -51.375  32.168  22.019 0.0000000000
120194  -51.801  32.155  21.524 0.0000000000
89547  -52.351  30.414  20.706 0.0000000000
88937  -52.452  29.694  20.251 0.0000000000
95024  -47.244  39.355  14.379 0.0000000000
95011  -47.251  39.122  15.024 0.0000000000
110403  -47.858  39.289  14.940 0.0000000000
95012  -48.378  38.512  15.548 0.0000000000
95001  -48.750  38.087  16.544 0.0000000000
93495  -50.340  35.681  16.314 0.0000000000
94079  -50.295  35.966  16.953 0.0000000000
93487  -50.709  35.824  18.342 0.0000000000
111017  -49.752  32.724  19.465 0.0000000000
92156  -48.222  32.970  19.186 0.0000000000
81917  -49.803  17.556  22.065 0.0000000000
83887  -48.886  20.115  22.520 0.0000000000
83873  -49.721  20.130  22.644 0.0000000000
105235  -50.419  20.354  22.739 0.0000000000
83860  -51.224  21.558  23.687 0.0000000000
84461  -51.408  22.079  24.473 0.0000000000
95497  -36.723  39.274  16.999 0.0000000000
96492  -36.858  41.534  13.905 0.0000000000
96008  -37.229  40.606  14.168 0.0000000000
96013  -37.586  41.020  13.731 0.0000000000
107345  -38.959  39.912  14.319 0.0000000000
123902  -39.537  39.471  14.281 0.0000000000
95016  -39.804  38.757  14.397 0.0000000000
108670  -40.218  39.247  13.950 0.0000000000
95511  -40.447  39.501  13.439 0.0000000000
95512  -41.373  39.518  13.338 0.0000000000
95528  -42.654  39.307  10.165 0.0000000000
95524  -42.192  39.101  11.703 0.0000000000
107334  -43.521  38.633  12.660 0.0000000000
94565  -45.501  37.691  12.594 0.0000000000
123041  -45.828  36.701  12.011 0.0000000000
93540  -47.830  35.628  8.898 0.0000000000
93531  -47.292  35.814  9.452 0.0000000000
93532  -48.262  35.696  9.757 0.0000000000
93533  -49.188  35.586  10.087 0.0000000000
121236  -49.800  35.517  10.323 0.0000000000
93534  -50.363  35.298  10.416 0.0000000000
92921  -51.084  34.704  10.085 0.0000000000
114986  -51.424  33.917  9.783 0.0000000000
126718  -52.011  32.666  9.839 0.0000000000
92949  -50.444  33.788  8.875 0.0000000000
117256  -50.228  33.446  8.155 0.0000000000
87124  -41.664  25.078  23.355 0.0000000000
86509  -41.945  24.434  23.675 0.0000000000
85834  -44.673  23.606  24.126 0.0000000000
112708  -45.753  24.122  23.943 0.0000000000
87717  -47.175  25.753  23.858 0.0000000000
106433  -47.196  25.181  24.154 0.0000000000
87114  -47.982  25.563  24.394 0.0000000000
86502  -48.464  25.086  24.764 0.0000000000
87103  -49.213  24.946  25.055 0.0000000000
86483  -50.158  24.751  25.402 0.0000000000
87106  -51.531  25.124  24.912 0.0000000000
92142  -42.755  33.553  22.020 0.0000000000
92128  -43.377  33.271  22.210 0.0000000000
91481  -44.302  33.265  22.290 0.0000000000
94068  -47.109  36.834  17.775 0.0000000000
94054  -47.432  36.942  18.814 0.0000000000
93464  -47.655  35.337  20.360 0.0000000000
92782  -48.798  34.174  22.855 0.0000000000
92790  -47.953  34.397  22.354 0.0000000000
92781  -48.180  34.106  22.714 0.0000000000
92113  -47.839  33.726  22.723 0.0000000000
92112  -46.606  33.476  22.494 0.0000000000
91464  -47.149  33.318  22.647 0.0000000000
105314  -47.063  32.598  22.709 0.0000000000
123014  -47.311  31.766  22.676 0.0000000000
115396  -47.420  30.727  22.593 0.0000000000
108031  -51.960  29.457  22.772 0.0000000000
88899  -51.902  29.152  23.215 0.0000000000
88900  -52.325  28.818  22.962 0.0000000000
88316  -52.084  27.518  23.683 0.0000000000
110508  -52.299  26.776  23.545 0.0000000000
86517  -52.722  24.653  22.939 0.0000000000
87132  -52.655  25.580  22.874 0.0000000000
87140  -51.777  25.504  21.989 0.0000000000
110020  -50.476  26.635  20.435 0.0000000000
87149  -47.893  25.880  20.603 0.0000000000
87148  -47.194  26.018  20.077 0.0000000000
87157  -46.568  25.419  19.700 0.0000000000
90215  -49.169  30.070  18.791 0.0000000000
89570  -49.717  29.732  17.975 0.0000000000
121657  -49.248  29.592  17.157 0.0000000000
88966  -48.831  28.177  16.373 0.0000000000
125332  -48.502  27.478  15.910 0.0000000000
87821  -45.689  26.795  15.447 0.0000000000
87811  -45.638  26.158  15.997 0.0000000000
87795  -45.515  25.687  16.954 0.0000000000
87172  -45.248  25.514  18.119 0.0000000000
85874  -43.056  23.748  17.734 0.0000000000
118356  -53.256  17.740  21.354 0.0000000000
94092  -49.924  36.669  13.871 0.0000000000
94089  -50.802  36.205  15.101 0.0000000000
93498  -50.668  35.760  15.310 0.0000000000
92851  -50.128  35.351  16.653 0.0000000000
92849  -48.567  34.603  16.732 0.0000000000
92848  -47.754  34.270  16.764 0.0000000000
92860  -47.960  34.191  16.140 0.0000000000
105982  -47.009  19.975  22.583 0.0000000000
83886  -47.949  20.297  22.634 0.0000000000
83872  -48.621  21.026  22.775 0.0000000000
84477  -49.030  21.619  23.544 0.0000000000
96889  -36.660  42.476  14.283 0.0000000000
96897  -37.275  42.515  13.689 0.0000000000
96898  -37.810  42.664  13.031 0.0000000000
96496  -38.641  41.671  11.958 0.0000000000
94104  -44.826  36.894  10.557 0.0000000000
93552  -47.192  35.904  8.620 0.0000000000
93553  -48.127  35.627  8.178 0.0000000000
93554  -49.154  35.456  7.731 0.0000000000
93555  -49.587  35.057  7.596 0.0000000000
121180  -49.376  35.600  7.288 0.0000000000
93570  -49.187  36.076  7.005 0.0000000000
88323  -46.114  26.694  22.836 0.0000000000
87734  -46.685  26.162  23.368 0.0000000000
87735  -47.519  26.479  23.557 0.0000000000
88312  -48.378  26.893  23.964 0.0000000000
94034  -49.339  35.859  20.064 0.0000000000
94033  -48.641  36.018  20.152 0.0000000000
93453  -48.996  35.088  21.373 0.0000000000
93444  -49.236  34.846  21.939 0.0000000000
92793  -50.385  34.396  22.046 0.0000000000
92792  -49.594  34.515  22.355 0.0000000000
92115  -49.560  33.883  22.715 0.0000000000
91466  -49.562  33.066  22.771 0.0000000000
90840  -50.399  31.636  22.523 0.0000000000
90841  -50.968  31.762  22.398 0.0000000000
90170  -51.181  31.200  22.477 0.0000000000
90843  -51.438  31.369  22.201 0.0000000000
89525  -51.514  30.360  22.423 0.0000000000
108059  -52.369  27.759  21.753 0.0000000000
88351  -51.989  27.835  20.954 0.0000000000
121845  -51.689  27.334  20.592 0.0000000000
87778  -51.306  27.232  19.737 0.0000000000
87786  -49.591  26.610  17.520 0.0000000000
89596  -46.992  28.892  16.331 0.0000000000
118705  -46.213  28.863  16.131 0.0000000000
88964  -45.766  28.470  15.786 0.0000000000
88973  -45.320  28.034  15.495 0.0000000000
88386  -45.042  27.417  15.421 0.0000000000
108831  -45.073  38.131  14.662 0.0000000000
122066  -45.290  38.076  15.681 0.0000000000
95009  -45.873  38.494  15.419 0.0000000000
94544  -47.092  37.769  16.362 0.0000000000
94999  -47.320  38.413  15.785 0.0000000000
94532  -47.546  37.565  17.269 0.0000000000
94069  -47.801  37.402  18.213 0.0000000000
94056  -48.794  36.747  19.026 0.0000000000
94556  -49.807  37.236  15.247 0.0000000000
108750  -49.133  37.473  17.342 0.0000000000
94078  -49.940  36.541  17.463 0.0000000000
94535  -49.482  36.923  18.009 0.0000000000
94525  -49.277  36.834  18.499 0.0000000000
94042  -49.179  36.374  19.586 0.0000000000
94035  -49.571  35.445  20.136 0.0000000000
92821  -50.005  34.794  20.759 0.0000000000
112367  -50.962  33.778  20.773 0.0000000000
119738  -51.653  31.870  20.164 0.0000000000
105178  -51.669  31.150  19.745 0.0000000000
90200  -50.591  30.929  19.377 0.0000000000
90199  -49.524  30.725  19.227 0.0000000000
91497  -49.408  32.216  19.451 0.0000000000
90214  -48.094  30.085  18.630 0.0000000000
90228  -47.336  29.809  17.943 0.0000000000
91508  -47.410  32.777  18.756 0.0000000000
82590  -49.413  17.755  22.277 0.0000000000
82591  -50.085  17.841  22.252 0.0000000000
81918  -51.012  17.648  21.785 0.0000000000
81203  -52.829  16.559  22.186 0.0000000000
81924  -53.252  16.832  21.993 0.0000000000
82596  -53.524  18.003  21.717 0.0000000000
82597  -53.787  18.872  21.663 0.0000000000
83261  -53.938  19.790  21.997 0.0000000000
83248  -52.836  19.941  22.557 0.0000000000
83888  -53.425  20.320  22.449 0.0000000000
83889  -53.930  20.718  22.266 0.0000000000
84489  -53.665  21.595  22.439 0.0000000000
84480  -53.329  22.245  22.494 0.0000000000
116320  -37.161  39.439  16.329 0.0000000000
96004  -36.955  40.299  14.864 0.0000000000
95500  -37.603  39.662  15.401 0.0000000000
95498  -37.891  38.991  16.110 0.0000000000
94550  -39.373  37.222  15.953 0.0000000000
94081  -40.125  36.831  15.635 0.0000000000
94552  -41.656  37.504  15.073 0.0000000000
95005  -41.242  38.297  14.738 0.0000000000
95007  -43.159  38.525  14.759 0.0000000000
95008  -44.042  38.329  14.723 0.0000000000
96021  -39.608  40.648  11.556 0.0000000000
96017  -40.120  39.838  11.907 0.0000000000
95520  -42.425  39.355  12.854 0.0000000000
95513  -42.813  39.741  13.745 0.0000000000
95507  -43.085  39.830  14.012 0.0000000000
121391  -44.254  38.672  14.183 0.0000000000
95029  -46.045  39.132  13.559 0.0000000000
95516  -46.583  39.341  13.897 0.0000000000
94562  -48.549  38.318  13.420 0.0000000000
120624  -45.417  36.521  11.053 0.0000000000
94105  -46.922  36.824  11.720 0.0000000000
94114  -47.630  35.963  10.415 0.0000000000
94106  -47.943  36.364  11.603 0.0000000000
94568  -49.172  37.536  13.273 0.0000000000
93526  -50.605  35.570  11.602 0.0000000000
93518  -51.316  34.948  12.229 0.0000000000
92248  -51.415  33.329  12.895 0.0000000000
91562  -51.222  32.897  12.895 0.0000000000
90969  -51.576  31.679  9.871 0.0000000000
90968  -51.025  31.448  10.376 0.0000000000
92295  -50.035  33.608  7.639 0.0000000000
112398  -45.884  22.559  23.276 0.0000000000
123089  -45.977  22.986  23.630 0.0000000000
85151  -46.715  22.701  23.104 0.0000000000
85152  -47.625  22.499  23.425 0.0000000000
84458  -48.531  22.243  23.951 0.0000000000
87112  -45.072  24.908  24.042 0.0000000000
106479  -45.744  24.731  23.936 0.0000000000
85121  -48.242  23.192  24.444 0.0000000000
85139  -48.724  22.600  24.452 0.0000000000
84459  -49.224  22.160  24.326 0.0000000000
84450  -50.067  22.263  24.482 0.0000000000
84451  -50.794  22.236  24.737 0.0000000000
85822  -50.789  23.502  25.304 0.0000000000
85140  -51.821  22.566  24.671 0.0000000000
84463  -52.515  22.781  23.273 0.0000000000
85154  -53.318  22.972  22.922 0.0000000000
91459  -42.521  32.354  23.062 0.0000000000
90167  -43.942  31.209  23.090 0.0000000000
94542  -44.978  37.424  16.356 0.0000000000
94066  -45.059  36.712  17.248 0.0000000000
94052  -45.231  36.034  18.192 0.0000000000
93486  -44.856  35.127  18.733 0.0000000000
93465  -48.308  35.562  20.648 0.0000000000
92806  -47.774  34.733  21.912 0.0000000000
92820  -47.112  34.339  20.858 0.0000000000
92803  -44.734  34.057  21.325 0.0000000000
124787  -44.867  33.526  22.170 0.0000000000
91462  -45.592  32.766  22.453 0.0000000000
118753  -44.678  32.577  22.484 0.0000000000
90835  -44.335  31.964  22.703 0.0000000000
119666  -45.427  30.037  22.263 0.0000000000
88896  -48.304  28.085  22.763 0.0000000000
88325  -48.757  27.665  23.394 0.0000000000
118216  -49.059  27.471  24.172 0.0000000000
108963  -50.224  30.735  22.652 0.0000000000
89522  -50.077  29.727  23.072 0.0000000000
89513  -51.098  29.262  23.397 0.0000000000
89512  -50.368  29.209  23.721 0.0000000000
88898  -49.732  28.993  23.778 0.0000000000
88313  -49.630  27.688  24.476 0.0000000000
87710  -50.288  26.209  24.807 0.0000000000
87711  -51.270  26.003  24.738 0.0000000000
87107  -52.219  24.865  24.481 0.0000000000
87723  -52.266  25.930  23.938 0.0000000000
87117  -52.443  25.144  24.067 0.0000000000
86503  -52.487  24.508  24.065 0.0000000000
123492  -52.677  23.987  23.627 0.0000000000
85841  -53.022  23.497  23.257 0.0000000000
85842  -53.471  22.984  23.026 0.0000000000
85855  -53.047  23.248  22.278 0.0000000000
85162  -52.825  23.105  21.407 0.0000000000
86526  -52.451  24.374  22.349 0.0000000000
85854  -52.070  23.773  21.804 0.0000000000
85860  -50.813  23.189  20.731 0.0000000000
87753  -52.018  26.343  21.767 0.0000000000
87139  -50.748  25.286  21.612 0.0000000000
87766  -50.535  26.042  21.081 0.0000000000
86524  -50.141  24.661  21.057 0.0000000000
85168  -49.314  22.677  20.281 0.0000000000
123603  -48.373  22.836  20.365 0.0000000000
111823  -47.689  22.398  19.897 0.0000000000
85857  -47.164  23.835  20.342 0.0000000000
85167  -47.104  23.046  20.076 0.0000000000
89572  -51.397  29.326  18.536 0.0000000000
121578  -51.315  28.593  17.990 0.0000000000
89585  -49.940  29.070  17.574 0.0000000000
88954  -50.165  28.072  17.141 0.0000000000
88373  -50.700  27.289  17.177 0.0000000000
87816  -50.437  26.938  16.343 0.0000000000
87799  -50.298  26.770  16.697 0.0000000000
107610  -48.872  26.514  17.195 0.0000000000
109479  -47.755  27.998  16.045 0.0000000000
88389  -47.161  26.912  15.436 0.0000000000
87813  -47.872  26.827  15.647 0.0000000000
108337  -48.786  27.249  15.886 0.0000000000
87797  -48.634  26.729  16.337 0.0000000000
87785  -47.811  26.498  17.595 0.0000000000
87773  -46.803  26.224  19.385 0.0000000000
87156  -45.942  24.839  19.328 0.0000000000
87163  -45.347  25.071  18.809 0.0000000000
81921  -53.219  17.062  22.219 0.0000000000
83247  -52.173  20.408  22.572 0.0000000000
83876  -52.044  21.200  22.808 0.0000000000
83878  -53.449  21.280  22.583 0.0000000000
85141  -52.210  22.767  24.148 0.0000000000
85142  -52.524  23.806  23.865 0.0000000000
85824  -52.363  24.044  24.296 0.0000000000
86481  -48.172  23.885  24.642 0.0000000000
86486  -52.304  24.377  24.416 0.0000000000
86487  -52.597  24.269  24.060 0.0000000000
86513  -52.620  24.132  23.697 0.0000000000
87800  -50.683  27.101  17.286 0.0000000000
88955  -50.879  28.011  17.542 0.0000000000
88975  -47.016  27.382  15.250 0.0000000000
90850  -52.248  31.689  21.067 0.0000000000
90977  -51.013  31.391  9.602 0.0000000000
91493  -51.641  32.818  21.399 0.0000000000
91601  -52.027  32.291  10.306 0.0000000000
91607  -51.579  32.275  9.560 0.0000000000
92271  -51.265  33.180  9.474 0.0000000000
94072  -39.735  36.738  16.440 0.0000000000
96007  -36.463  40.821  14.324 0.0000000000
96009  -38.112  40.363  14.101 0.0000000000
96016  -39.231  40.289  12.088 0.0000000000
107935  -53.326  17.962  22.159 0.0000000000
110663  -50.064  34.353  8.842 0.0000000000
110744  -51.930  32.837  11.098 0.0000000000
113149  -51.215  24.038  25.420 0.0000000000
120214  -52.836  19.152  22.259 0.0000000000
122899  -50.533  27.545  17.027 0.0000000000
124699  -52.135  29.227  22.788 0.0000000000
124844  -49.724  34.794  7.202 0.0000000000
124856  -46.000  34.665  19.757 0.0000000000
126157  -46.506  39.088  13.548 0.0000000000
126280  -47.612  24.302  20.575 0.0000000000
126912  -53.242  23.002  22.902 0.0000000000
126926  -50.849  33.837  9.355 0.0000000000
127318  -48.316  33.904  22.880 0.0000000000
