#!ascii label  , from subject 001 vox2ras=TkReg
911
35336  -37.668  -37.467  30.234 0.0000000000
110796  -19.557  -43.253  29.126 0.0000000000
110140  -28.087  -40.768  29.295 0.0000000000
59150  -42.335  -9.409  24.110 0.0000000000
61827  -48.085  -6.144  18.896 0.0000000000
28290  -12.745  -44.753  33.442 0.0000000000
109320  -40.918  -15.044  25.849 0.0000000000
38490  -39.143  -33.458  29.976 0.0000000000
33612  -33.601  -40.571  29.180 0.0000000000
30253  -16.220  -43.575  31.168 0.0000000000
25451  -15.832  -49.097  31.587 0.0000000000
36210  -32.804  -36.652  26.478 0.0000000000
38514  -34.157  -33.919  26.235 0.0000000000
32846  -23.582  -40.454  28.471 0.0000000000
35374  -30.000  -37.176  27.631 0.0000000000
46508  -40.389  -23.482  22.762 0.0000000000
119678  -43.256  -19.615  22.218 0.0000000000
53937  -45.502  -15.501  23.315 0.0000000000
22710  -7.007  -51.430  33.463 0.0000000000
19883  -5.085  -54.204  37.085 0.0000000000
119592  -32.995  -30.062  26.230 0.0000000000
108415  -33.398  -26.361  25.626 0.0000000000
44850  -36.858  -26.138  23.523 0.0000000000
23626  -11.412  -50.641  32.090 0.0000000000
28325  -20.057  -45.863  30.143 0.0000000000
110772  -21.915  -44.070  30.783 0.0000000000
33614  -36.184  -39.765  29.056 0.0000000000
31993  -18.846  -41.083  31.928 0.0000000000
30255  -17.696  -42.949  30.262 0.0000000000
27365  -17.714  -46.121  30.373 0.0000000000
36199  -32.200  -36.455  28.471 0.0000000000
35375  -31.741  -37.451  27.084 0.0000000000
48429  -38.959  -20.832  22.881 0.0000000000
48440  -41.621  -21.527  22.417 0.0000000000
51313  -40.405  -18.645  22.470 0.0000000000
54796  -42.465  -14.632  23.984 0.0000000000
56535  -43.518  -12.662  23.499 0.0000000000
55679  -46.076  -13.525  23.513 0.0000000000
58282  -44.410  -10.677  22.038 0.0000000000
118170  -46.325  -9.928  20.785 0.0000000000
39983  -31.946  -31.774  28.749 0.0000000000
40012  -32.933  -31.948  25.968 0.0000000000
41531  -30.226  -29.928  28.675 0.0000000000
44816  -30.890  -25.350  26.537 0.0000000000
45656  -33.029  -23.881  25.583 0.0000000000
44837  -34.613  -25.585  24.785 0.0000000000
46488  -34.162  -23.090  24.666 0.0000000000
47424  -36.233  -22.312  24.332 0.0000000000
33594  -26.347  -39.890  30.105 0.0000000000
25425  -9.767  -47.645  34.050 0.0000000000
26382  -11.378  -47.527  32.269 0.0000000000
18965  -3.255  -55.611  36.445 0.0000000000
18948  -1.739  -55.443  38.315 0.0000000000
52172  -40.640  -17.216  25.496 0.0000000000
39985  -38.969  -31.537  29.212 0.0000000000
32850  -30.797  -40.983  29.053 0.0000000000
29281  -14.129  -44.231  32.371 0.0000000000
26384  -13.285  -47.039  31.441 0.0000000000
27349  -15.212  -46.317  30.829 0.0000000000
61845  -49.886  -5.996  16.865 0.0000000000
35365  -35.599  -37.548  28.302 0.0000000000
36213  -36.417  -35.887  27.332 0.0000000000
36971  -33.709  -35.266  26.344 0.0000000000
32822  -20.564  -40.598  29.688 0.0000000000
31187  -22.045  -42.273  29.242 0.0000000000
33605  -21.972  -38.639  28.963 0.0000000000
34451  -23.933  -37.798  28.466 0.0000000000
34453  -26.220  -37.613  28.450 0.0000000000
36184  -28.132  -35.473  28.843 0.0000000000
33637  -28.574  -39.164  27.250 0.0000000000
33640  -31.310  -38.908  27.631 0.0000000000
34455  -34.110  -39.132  27.248 0.0000000000
44033  -40.960  -26.605  23.778 0.0000000000
52198  -41.993  -16.844  22.919 0.0000000000
52199  -44.396  -17.104  22.768 0.0000000000
59186  -47.417  -9.187  20.433 0.0000000000
20841  -5.948  -52.840  34.864 0.0000000000
18979  -4.715  -54.866  34.733 0.0000000000
38515  -36.982  -33.984  26.443 0.0000000000
40005  -36.952  -31.343  26.401 0.0000000000
41539  -36.690  -29.455  27.018 0.0000000000
43157  -30.423  -27.717  27.190 0.0000000000
42379  -32.966  -28.528  26.275 0.0000000000
42353  -36.768  -28.051  27.207 0.0000000000
43978  -37.082  -27.489  26.967 0.0000000000
43178  -37.666  -27.621  25.607 0.0000000000
44025  -39.869  -27.642  24.267 0.0000000000
45674  -38.200  -24.914  22.976 0.0000000000
127144  -38.004  -22.546  23.670 0.0000000000
31162  -23.899  -43.153  31.194 0.0000000000
24461  -8.432  -48.699  34.926 0.0000000000
23624  -9.625  -50.735  32.446 0.0000000000
24518  -12.991  -49.003  31.472 0.0000000000
18946  0.195  -55.544  38.871 0.0000000000
29307  -20.013  -44.313  29.327 0.0000000000
29301  -20.638  -45.019  30.182 0.0000000000
30264  -20.899  -44.114  29.698 0.0000000000
34432  -37.079  -38.896  30.446 0.0000000000
32039  -19.093  -41.521  29.917 0.0000000000
113162  -18.081  -42.312  30.532 0.0000000000
31183  -18.745  -43.065  29.255 0.0000000000
29306  -18.524  -44.454  29.328 0.0000000000
50410  -38.223  -19.388  23.600 0.0000000000
49406  -39.277  -20.177  22.648 0.0000000000
51289  -38.926  -18.298  23.925 0.0000000000
58251  -41.399  -10.662  24.870 0.0000000000
57374  -41.738  -11.854  24.073 0.0000000000
58273  -42.090  -10.257  23.274 0.0000000000
57401  -43.883  -11.412  22.516 0.0000000000
59168  -42.666  -9.775  22.791 0.0000000000
59170  -44.067  -9.522  22.077 0.0000000000
122361  -30.432  -30.347  28.997 0.0000000000
46480  -32.162  -22.877  26.827 0.0000000000
46487  -33.353  -22.900  25.122 0.0000000000
123046  -33.581  -21.254  25.594 0.0000000000
48397  -34.424  -21.322  25.464 0.0000000000
33610  -27.020  -39.280  29.469 0.0000000000
105239  -27.174  -40.712  30.416 0.0000000000
126886  -27.826  -40.623  30.024 0.0000000000
27313  -10.828  -46.321  33.678 0.0000000000
27322  -11.595  -45.863  33.175 0.0000000000
60971  -48.153  -7.323  18.298 0.0000000000
18065  -2.302  -55.944  37.712 0.0000000000
121734  -39.996  -34.153  30.731 0.0000000000
39230  -39.197  -32.338  29.820 0.0000000000
32852  -32.646  -40.713  29.190 0.0000000000
32049  -33.370  -41.755  30.521 0.0000000000
30247  -16.490  -42.854  31.730 0.0000000000
30237  -15.411  -42.020  32.608 0.0000000000
30236  -14.666  -42.402  33.098 0.0000000000
29282  -14.820  -43.937  32.053 0.0000000000
28300  -14.544  -44.769  31.613 0.0000000000
28312  -15.641  -44.891  30.628 0.0000000000
27352  -18.186  -46.972  30.987 0.0000000000
27351  -16.927  -47.003  30.997 0.0000000000
35378  -34.446  -37.396  26.966 0.0000000000
108929  -34.783  -36.714  26.650 0.0000000000
36218  -33.173  -35.957  26.398 0.0000000000
33592  -21.237  -39.261  30.973 0.0000000000
32844  -21.141  -40.062  29.158 0.0000000000
34430  -21.678  -38.495  30.575 0.0000000000
35342  -22.851  -36.274  29.082 0.0000000000
36195  -24.389  -35.912  28.748 0.0000000000
34452  -25.533  -37.508  28.667 0.0000000000
36196  -25.545  -35.940  28.646 0.0000000000
35343  -30.038  -36.174  29.660 0.0000000000
36185  -29.179  -35.846  28.988 0.0000000000
35372  -28.325  -37.067  27.381 0.0000000000
35373  -29.194  -37.575  27.362 0.0000000000
33639  -30.434  -38.986  27.462 0.0000000000
118382  -30.810  -38.245  27.405 0.0000000000
35376  -32.438  -37.396  26.591 0.0000000000
34465  -32.219  -38.240  26.782 0.0000000000
34467  -34.161  -38.216  27.189 0.0000000000
34456  -34.694  -38.677  27.982 0.0000000000
45676  -40.794  -25.002  23.158 0.0000000000
121836  -42.077  -25.562  23.615 0.0000000000
117563  -41.088  -24.033  23.048 0.0000000000
49409  -42.184  -20.746  22.348 0.0000000000
48431  -43.340  -21.852  22.691 0.0000000000
53055  -41.043  -15.855  25.554 0.0000000000
53066  -40.772  -16.722  24.159 0.0000000000
118562  -41.345  -15.610  24.578 0.0000000000
54809  -43.797  -14.713  23.866 0.0000000000
53081  -43.760  -16.296  23.256 0.0000000000
53082  -44.885  -16.265  23.034 0.0000000000
112584  -46.351  -18.199  22.469 0.0000000000
58304  -47.042  -9.717  20.611 0.0000000000
60081  -46.197  -8.140  20.655 0.0000000000
60956  -46.864  -7.388  20.235 0.0000000000
22690  -7.303  -50.433  35.114 0.0000000000
21781  -6.826  -51.628  35.858 0.0000000000
22698  -6.544  -51.572  33.980 0.0000000000
18980  -5.291  -55.183  34.166 0.0000000000
18081  -4.337  -56.381  35.230 0.0000000000
37728  -35.406  -34.756  26.122 0.0000000000
36965  -36.524  -34.906  26.789 0.0000000000
108958  -35.549  -34.024  25.766 0.0000000000
40770  -33.302  -30.954  26.033 0.0000000000
40014  -35.208  -31.834  25.482 0.0000000000
106071  -35.003  -30.937  25.614 0.0000000000
40757  -37.473  -30.759  27.063 0.0000000000
117378  -34.152  -29.931  26.011 0.0000000000
43964  -30.635  -26.248  28.180 0.0000000000
110289  -32.402  -26.097  25.891 0.0000000000
43992  -31.699  -26.642  26.050 0.0000000000
43993  -32.835  -26.919  26.103 0.0000000000
43158  -35.299  -28.216  25.905 0.0000000000
43176  -34.513  -27.613  25.657 0.0000000000
43160  -36.964  -27.636  27.177 0.0000000000
108868  -35.725  -26.979  25.636 0.0000000000
44848  -35.115  -25.103  24.119 0.0000000000
44012  -36.773  -27.196  25.346 0.0000000000
44022  -37.239  -26.721  24.007 0.0000000000
122800  -38.359  -27.669  24.627 0.0000000000
44023  -38.081  -27.063  23.868 0.0000000000
124560  -39.289  -26.732  23.533 0.0000000000
44860  -37.502  -25.604  23.223 0.0000000000
47411  -36.544  -21.483  25.353 0.0000000000
46498  -36.916  -22.806  23.968 0.0000000000
105592  -36.906  -21.202  24.959 0.0000000000
32067  -23.310  -41.459  28.825 0.0000000000
32041  -22.949  -42.144  29.406 0.0000000000
32042  -23.882  -42.134  29.598 0.0000000000
24489  -10.044  -49.068  32.626 0.0000000000
24488  -9.291  -49.149  32.942 0.0000000000
23625  -10.529  -50.681  32.265 0.0000000000
26395  -14.059  -47.439  31.100 0.0000000000
115956  -13.299  -48.356  31.370 0.0000000000
24519  -13.911  -49.015  31.600 0.0000000000
27337  -19.309  -46.606  32.084 0.0000000000
28313  -20.529  -45.980  31.021 0.0000000000
29284  -21.375  -44.825  32.009 0.0000000000
124307  -22.576  -44.382  32.571 0.0000000000
105129  -35.761  -40.535  29.322 0.0000000000
32834  -35.099  -41.324  30.109 0.0000000000
31147  -17.778  -40.705  32.413 0.0000000000
31159  -17.507  -42.297  31.194 0.0000000000
30261  -16.684  -43.860  30.429 0.0000000000
28321  -16.331  -45.191  30.271 0.0000000000
28336  -17.769  -44.455  29.607 0.0000000000
28323  -18.345  -45.827  30.055 0.0000000000
36209  -31.879  -36.450  26.959 0.0000000000
36954  -32.177  -35.747  27.563 0.0000000000
35344  -30.758  -36.744  29.260 0.0000000000
111774  -30.889  -37.628  27.457 0.0000000000
35363  -31.683  -36.827  27.721 0.0000000000
48430  -39.683  -21.658  22.665 0.0000000000
47444  -41.151  -23.083  22.730 0.0000000000
48439  -40.511  -21.185  22.395 0.0000000000
49408  -41.203  -20.563  22.307 0.0000000000
114937  -41.477  -18.924  21.910 0.0000000000
54795  -41.694  -14.352  24.501 0.0000000000
55665  -41.451  -13.448  24.761 0.0000000000
55667  -43.290  -13.615  23.909 0.0000000000
126617  -44.762  -14.005  23.745 0.0000000000
55678  -45.347  -13.783  23.569 0.0000000000
107125  -44.295  -12.996  23.725 0.0000000000
56545  -45.386  -12.448  22.710 0.0000000000
57402  -45.808  -11.804  22.064 0.0000000000
58289  -45.176  -10.426  21.570 0.0000000000
59171  -44.644  -8.911  21.744 0.0000000000
21807  -8.548  -52.525  32.725 0.0000000000
20857  -7.196  -53.163  33.071 0.0000000000
19915  -7.738  -54.459  33.077 0.0000000000
39244  -31.893  -32.672  27.450 0.0000000000
39261  -33.591  -32.443  25.867 0.0000000000
39992  -31.711  -32.048  27.700 0.0000000000
40010  -31.405  -31.269  26.204 0.0000000000
41537  -30.772  -29.864  26.592 0.0000000000
44798  -30.674  -25.306  27.483 0.0000000000
45641  -31.310  -23.683  27.176 0.0000000000
121602  -31.695  -24.528  26.504 0.0000000000
44818  -32.932  -25.528  25.627 0.0000000000
126580  -34.585  -26.090  25.150 0.0000000000
118213  -34.019  -24.971  24.946 0.0000000000
44847  -34.471  -24.632  24.521 0.0000000000
45666  -34.996  -24.127  24.099 0.0000000000
45672  -36.487  -24.655  23.395 0.0000000000
47423  -35.473  -22.341  24.339 0.0000000000
33593  -25.669  -40.164  29.517 0.0000000000
32825  -25.395  -41.461  29.403 0.0000000000
32826  -26.362  -41.338  29.790 0.0000000000
25439  -10.906  -48.003  32.605 0.0000000000
25449  -11.429  -48.235  31.967 0.0000000000
19888  -4.349  -54.559  36.445 0.0000000000
19875  -4.934  -53.962  38.032 0.0000000000
19881  -3.457  -54.737  37.699 0.0000000000
18941  -2.380  -54.452  38.745 0.0000000000
18940  -1.648  -54.669  38.988 0.0000000000
40736  -38.989  -30.659  29.414 0.0000000000
32849  -29.737  -41.270  28.977 0.0000000000
32830  -28.869  -41.408  29.541 0.0000000000
29272  -13.806  -43.398  33.783 0.0000000000
28291  -13.507  -44.510  32.767 0.0000000000
28298  -13.234  -45.286  32.377 0.0000000000
28299  -13.901  -45.035  31.983 0.0000000000
28310  -14.345  -45.754  31.239 0.0000000000
109517  -15.574  -47.383  30.831 0.0000000000
27363  -15.802  -45.776  30.536 0.0000000000
26396  -16.478  -47.612  31.192 0.0000000000
26385  -16.163  -48.283  31.340 0.0000000000
62714  -48.503  -5.996  18.068 0.0000000000
35348  -36.969  -37.648  29.613 0.0000000000
36187  -36.763  -36.899  29.037 0.0000000000
105748  -36.079  -36.583  27.932 0.0000000000
36964  -35.648  -35.609  26.623 0.0000000000
37736  -34.363  -34.672  26.128 0.0000000000
114729  -32.336  -34.521  27.458 0.0000000000
37726  -32.293  -34.032  27.398 0.0000000000
111500  -32.420  -33.519  27.151 0.0000000000
39984  -32.555  -32.238  29.395 0.0000000000
32063  -19.619  -41.664  29.512 0.0000000000
31186  -21.138  -42.357  29.141 0.0000000000
32843  -20.916  -40.841  28.987 0.0000000000
117958  -21.771  -39.969  28.583 0.0000000000
32864  -22.537  -39.773  28.326 0.0000000000
34439  -22.474  -37.377  29.265 0.0000000000
34449  -22.545  -38.068  28.721 0.0000000000
33621  -24.084  -38.876  28.421 0.0000000000
34440  -25.092  -38.417  28.788 0.0000000000
34441  -25.962  -38.433  29.066 0.0000000000
122259  -27.149  -38.850  28.508 0.0000000000
36182  -26.106  -35.504  29.071 0.0000000000
36198  -27.452  -35.976  28.068 0.0000000000
34460  -27.602  -37.920  27.316 0.0000000000
33623  -28.179  -39.801  27.650 0.0000000000
33625  -29.959  -40.023  27.490 0.0000000000
32868  -31.286  -40.389  28.476 0.0000000000
126584  -32.962  -40.039  28.816 0.0000000000
34464  -31.485  -38.109  27.186 0.0000000000
33641  -32.672  -39.215  27.050 0.0000000000
109201  -33.601  -39.956  28.419 0.0000000000
34443  -35.220  -39.091  28.571 0.0000000000
34444  -35.951  -38.861  28.952 0.0000000000
32017  -19.505  -40.711  31.279 0.0000000000
47445  -42.205  -23.003  22.568 0.0000000000
52196  -40.294  -17.325  23.723 0.0000000000
52211  -40.683  -17.712  22.765 0.0000000000
51314  -42.170  -18.268  22.131 0.0000000000
53934  -42.544  -15.461  23.722 0.0000000000
52214  -43.419  -17.143  22.883 0.0000000000
51317  -44.184  -18.579  22.393 0.0000000000
50411  -45.665  -19.525  22.522 0.0000000000
60083  -47.798  -8.680  20.053 0.0000000000
60091  -47.405  -7.907  19.740 0.0000000000
61826  -47.516  -6.215  19.548 0.0000000000
21772  -6.605  -52.220  36.149 0.0000000000
123487  -5.622  -53.418  36.195 0.0000000000
20849  -6.119  -53.036  33.989 0.0000000000
20848  -5.361  -53.453  34.451 0.0000000000
19896  -4.483  -54.630  35.563 0.0000000000
18966  -3.848  -55.130  35.972 0.0000000000
36202  -37.739  -35.514  28.488 0.0000000000
37718  -37.837  -34.706  28.106 0.0000000000
38506  -38.096  -33.883  27.804 0.0000000000
39262  -35.500  -32.796  25.432 0.0000000000
38526  -37.157  -33.106  26.322 0.0000000000
39247  -38.715  -32.599  28.246 0.0000000000
39995  -38.770  -31.785  28.327 0.0000000000
124550  -37.747  -30.289  27.740 0.0000000000
41533  -37.686  -29.499  28.043 0.0000000000
42352  -30.081  -28.806  28.945 0.0000000000
41547  -30.640  -28.956  26.571 0.0000000000
43977  -30.462  -26.105  27.003 0.0000000000
42378  -30.902  -28.306  26.040 0.0000000000
116098  -32.494  -29.380  26.062 0.0000000000
122572  -34.635  -28.967  25.930 0.0000000000
42368  -36.560  -28.755  26.978 0.0000000000
114186  -36.529  -27.231  26.083 0.0000000000
43996  -37.204  -27.460  26.488 0.0000000000
109316  -40.678  -27.579  24.158 0.0000000000
44863  -40.412  -25.942  23.386 0.0000000000
45675  -39.078  -24.505  22.635 0.0000000000
46506  -37.082  -23.878  23.439 0.0000000000
114275  -38.461  -23.870  22.701 0.0000000000
114359  -38.573  -22.920  23.202 0.0000000000
47441  -38.228  -21.846  23.630 0.0000000000
48398  -37.645  -20.290  24.421 0.0000000000
31172  -21.840  -42.981  29.761 0.0000000000
30257  -22.973  -43.447  31.467 0.0000000000
32019  -25.181  -42.780  31.147 0.0000000000
23600  -7.555  -49.808  34.663 0.0000000000
24474  -8.824  -48.906  33.847 0.0000000000
23610  -8.859  -49.846  32.959 0.0000000000
22711  -8.054  -51.441  33.029 0.0000000000
21808  -9.377  -52.414  32.636 0.0000000000
122751  -12.634  -46.860  31.804 0.0000000000
125915  -12.614  -48.355  31.534 0.0000000000
24505  -12.675  -49.794  31.669 0.0000000000
121013  -1.136  -57.030  37.843 0.0000000000
18050  -0.695  -55.767  38.760 0.0000000000
19862  -0.381  -54.590  39.723 0.0000000000
36156  -38.517  -37.164  30.507 0.0000000000
30274  -20.372  -43.517  29.243 0.0000000000
35335  -37.157  -38.146  30.111 0.0000000000
31184  -19.077  -42.277  29.461 0.0000000000
30273  -19.017  -43.942  29.114 0.0000000000
50404  -38.469  -18.965  24.320 0.0000000000
118974  -38.540  -18.844  23.500 0.0000000000
58261  -41.875  -9.927  24.167 0.0000000000
58260  -41.688  -10.907  24.013 0.0000000000
59161  -42.376  -9.551  23.544 0.0000000000
59162  -42.928  -9.230  23.250 0.0000000000
47408  -33.046  -21.808  25.515 0.0000000000
32848  -27.514  -39.973  29.916 0.0000000000
28283  -12.167  -45.031  34.692 0.0000000000
28289  -12.009  -45.227  33.658 0.0000000000
60970  -47.845  -6.837  18.918 0.0000000000
60112  -48.523  -7.964  17.825 0.0000000000
61834  -48.193  -6.644  18.119 0.0000000000
39231  -39.852  -32.936  30.649 0.0000000000
39237  -38.801  -32.995  29.129 0.0000000000
32832  -33.056  -41.225  29.837 0.0000000000
32833  -34.013  -41.137  29.994 0.0000000000
30246  -15.918  -42.892  32.044 0.0000000000
30245  -15.073  -42.980  32.348 0.0000000000
29283  -15.497  -43.684  31.691 0.0000000000
29291  -15.141  -44.430  31.284 0.0000000000
29292  -15.654  -44.137  31.007 0.0000000000
36211  -33.766  -36.705  26.484 0.0000000000
36945  -24.496  -34.832  29.619 0.0000000000
36180  -23.752  -35.234  29.065 0.0000000000
36181  -24.936  -35.390  29.031 0.0000000000
105135  -30.003  -36.459  28.548 0.0000000000
35360  -29.244  -36.548  27.932 0.0000000000
34463  -30.008  -38.094  27.311 0.0000000000
35377  -33.448  -37.481  26.619 0.0000000000
117399  -40.101  -24.299  22.765 0.0000000000
110001  -42.744  -20.125  22.184 0.0000000000
107247  -43.136  -20.976  22.366 0.0000000000
50425  -44.153  -19.513  22.346 0.0000000000
117992  -41.265  -15.059  24.972 0.0000000000
53936  -44.465  -15.311  23.458 0.0000000000
53083  -45.842  -16.409  23.158 0.0000000000
60955  -46.396  -7.560  20.635 0.0000000000
22700  -7.323  -50.525  33.798 0.0000000000
22699  -6.730  -50.863  34.315 0.0000000000
104988  -34.852  -34.103  25.661 0.0000000000
38523  -34.644  -33.421  25.520 0.0000000000
40769  -32.069  -30.758  25.916 0.0000000000
40771  -34.338  -30.724  25.818 0.0000000000
115472  -34.890  -30.209  25.682 0.0000000000
123369  -33.786  -27.093  25.742 0.0000000000
43177  -35.592  -27.332  25.788 0.0000000000
43994  -34.615  -26.700  25.328 0.0000000000
44849  -35.968  -25.592  23.619 0.0000000000
44021  -36.316  -26.630  24.259 0.0000000000
44030  -37.768  -26.327  23.499 0.0000000000
44859  -36.781  -25.412  23.272 0.0000000000
32824  -24.350  -41.414  29.070 0.0000000000
113395  -10.678  -49.833  32.103 0.0000000000
25464  -15.007  -48.178  30.881 0.0000000000
25463  -14.100  -48.328  31.221 0.0000000000
25450  -14.777  -49.055  31.561 0.0000000000
20832  -5.730  -53.787  36.906 0.0000000000
20824  -5.724  -53.742  37.745 0.0000000000
124160  -39.506  -35.280  30.061 0.0000000000
27367  -19.748  -46.628  30.899 0.0000000000
28301  -19.886  -45.990  32.028 0.0000000000
29302  -21.387  -44.507  30.480 0.0000000000
29293  -21.080  -45.055  31.255 0.0000000000
29294  -21.734  -44.536  31.330 0.0000000000
30248  -22.066  -44.455  32.223 0.0000000000
30256  -22.300  -43.975  31.457 0.0000000000
107173  -35.595  -40.713  29.953 0.0000000000
31160  -18.181  -41.665  31.376 0.0000000000
30254  -17.084  -43.194  31.058 0.0000000000
30262  -17.292  -43.746  30.009 0.0000000000
29300  -19.359  -45.044  29.471 0.0000000000
28337  -18.445  -45.196  29.588 0.0000000000
28324  -19.151  -45.933  30.033 0.0000000000
27366  -18.816  -46.587  30.595 0.0000000000
36200  -32.498  -35.649  28.570 0.0000000000
35345  -31.471  -37.038  28.753 0.0000000000
36169  -32.560  -36.980  29.914 0.0000000000
106574  -38.837  -21.480  23.159 0.0000000000
48438  -39.678  -20.848  22.480 0.0000000000
50422  -39.753  -19.480  22.525 0.0000000000
49407  -40.192  -20.331  22.315 0.0000000000
50423  -40.799  -19.632  22.157 0.0000000000
110058  -41.811  -19.857  22.090 0.0000000000
55659  -40.798  -13.208  25.586 0.0000000000
56524  -41.123  -12.430  24.949 0.0000000000
56534  -42.590  -12.232  23.627 0.0000000000
56525  -42.065  -12.773  24.232 0.0000000000
56526  -42.936  -13.052  23.809 0.0000000000
54798  -44.029  -13.909  24.087 0.0000000000
55676  -43.860  -13.272  23.938 0.0000000000
55677  -44.577  -13.486  23.782 0.0000000000
56544  -44.312  -12.391  23.009 0.0000000000
107165  -44.841  -11.749  22.218 0.0000000000
57415  -45.373  -11.145  21.681 0.0000000000
60064  -44.118  -8.448  22.623 0.0000000000
39993  -32.045  -32.542  28.397 0.0000000000
40742  -30.820  -30.732  27.921 0.0000000000
40755  -30.875  -30.778  26.737 0.0000000000
40741  -30.664  -30.095  27.541 0.0000000000
45655  -32.308  -23.791  26.354 0.0000000000
107129  -32.597  -24.678  25.941 0.0000000000
44836  -33.341  -24.852  25.300 0.0000000000
45660  -33.760  -24.040  24.856 0.0000000000
124026  -34.412  -23.846  24.434 0.0000000000
46495  -34.868  -23.198  24.220 0.0000000000
46496  -35.577  -23.387  23.981 0.0000000000
47422  -34.729  -22.388  24.504 0.0000000000
47410  -35.177  -21.575  25.026 0.0000000000
33608  -25.836  -39.354  29.272 0.0000000000
26369  -11.343  -46.665  32.667 0.0000000000
26368  -10.723  -47.213  33.081 0.0000000000
18957  -3.602  -54.909  36.808 0.0000000000
18956  -2.908  -55.322  37.232 0.0000000000
18949  -2.636  -54.976  38.040 0.0000000000
39977  -39.876  -31.938  30.562 0.0000000000
39976  -39.493  -31.268  30.010 0.0000000000
40727  -39.897  -30.758  30.621 0.0000000000
32070  -31.263  -41.455  29.609 0.0000000000
29273  -14.286  -43.291  32.873 0.0000000000
30235  -14.298  -42.912  33.710 0.0000000000
123262  -13.755  -43.836  33.058 0.0000000000
28311  -15.060  -45.345  30.944 0.0000000000
105929  -14.644  -46.916  30.945 0.0000000000
109018  -17.039  -45.444  30.133 0.0000000000
27364  -16.699  -46.116  30.423 0.0000000000
26397  -17.330  -47.817  31.705 0.0000000000
35347  -36.116  -37.799  29.031 0.0000000000
35366  -36.120  -37.055  28.541 0.0000000000
125870  -35.769  -37.085  28.107 0.0000000000
36219  -34.146  -36.035  26.312 0.0000000000
36220  -35.009  -36.084  26.510 0.0000000000
36972  -34.685  -35.411  26.232 0.0000000000
37727  -33.338  -34.322  26.691 0.0000000000
36955  -32.507  -35.041  28.041 0.0000000000
36963  -32.497  -35.176  26.768 0.0000000000
38496  -33.081  -33.532  29.460 0.0000000000
38505  -32.342  -33.600  28.333 0.0000000000
39236  -32.567  -32.962  28.964 0.0000000000
32040  -19.666  -40.942  30.085 0.0000000000
32064  -20.406  -41.441  29.229 0.0000000000
32863  -21.590  -39.408  28.956 0.0000000000
122002  -21.955  -39.290  28.618 0.0000000000
36194  -23.272  -36.001  28.809 0.0000000000
35354  -22.977  -37.150  28.654 0.0000000000
34450  -23.040  -38.311  28.357 0.0000000000
34442  -26.537  -38.593  28.856 0.0000000000
34454  -26.900  -37.998  27.842 0.0000000000
36153  -28.232  -36.176  30.691 0.0000000000
36166  -27.750  -35.510  29.742 0.0000000000
122459  -26.872  -35.636  29.856 0.0000000000
36183  -27.157  -35.514  28.863 0.0000000000
36197  -26.530  -36.008  28.447 0.0000000000
34461  -28.360  -38.234  27.232 0.0000000000
33622  -27.703  -38.863  27.668 0.0000000000
33624  -28.962  -40.096  27.312 0.0000000000
33626  -30.856  -39.747  27.949 0.0000000000
127331  -31.564  -39.641  28.149 0.0000000000
122493  -32.178  -40.023  28.572 0.0000000000
109334  -32.109  -39.296  27.883 0.0000000000
35362  -31.294  -37.181  27.636 0.0000000000
34466  -33.238  -38.584  26.674 0.0000000000
33628  -33.578  -39.602  27.294 0.0000000000
33629  -34.482  -39.697  27.927 0.0000000000
35364  -34.883  -37.832  27.853 0.0000000000
34457  -35.288  -38.205  28.590 0.0000000000
32805  -20.286  -40.338  30.780 0.0000000000
109550  -20.148  -40.323  31.904 0.0000000000
44026  -41.456  -27.161  24.263 0.0000000000
45668  -42.753  -25.115  23.726 0.0000000000
44852  -42.520  -25.871  24.164 0.0000000000
47459  -41.678  -22.422  22.443 0.0000000000
47460  -42.406  -22.193  22.501 0.0000000000
51282  -40.025  -17.845  25.627 0.0000000000
51290  -39.612  -17.761  24.470 0.0000000000
52183  -40.244  -17.196  24.838 0.0000000000
53079  -41.492  -16.383  23.650 0.0000000000
52197  -41.081  -16.995  23.146 0.0000000000
52212  -41.554  -17.531  22.506 0.0000000000
111431  -42.266  -17.490  22.538 0.0000000000
53922  -41.832  -15.141  24.159 0.0000000000
52215  -43.961  -17.826  22.547 0.0000000000
50426  -44.979  -18.996  22.134 0.0000000000
51318  -44.925  -18.005  22.363 0.0000000000
50412  -46.603  -19.176  22.645 0.0000000000
54799  -46.205  -14.200  23.558 0.0000000000
117046  -46.510  -10.750  21.050 0.0000000000
58305  -47.745  -9.863  20.787 0.0000000000
60962  -47.315  -7.053  19.587 0.0000000000
21780  -6.406  -52.206  35.369 0.0000000000
20833  -6.174  -52.915  35.902 0.0000000000
19914  -7.107  -53.943  33.048 0.0000000000
20856  -6.535  -53.424  33.323 0.0000000000
123349  -6.415  -54.116  33.257 0.0000000000
19904  -5.089  -54.180  34.157 0.0000000000
19897  -4.824  -53.938  34.959 0.0000000000
18972  -4.282  -55.472  35.262 0.0000000000
18074  -3.833  -57.011  35.779 0.0000000000
36201  -36.957  -36.182  28.266 0.0000000000
36188  -37.697  -36.255  29.177 0.0000000000
36956  -37.228  -35.317  27.662 0.0000000000
37729  -37.484  -34.429  27.230 0.0000000000
37719  -38.476  -34.297  28.533 0.0000000000
38516  -37.730  -33.510  26.976 0.0000000000
124045  -34.554  -32.617  25.420 0.0000000000
40015  -36.183  -32.017  26.002 0.0000000000
40016  -37.210  -32.241  26.241 0.0000000000
39257  -37.887  -32.618  26.842 0.0000000000
39246  -38.462  -32.167  27.525 0.0000000000
40006  -37.778  -31.725  26.898 0.0000000000
40756  -36.606  -30.293  26.571 0.0000000000
40744  -38.202  -30.221  28.335 0.0000000000
120467  -37.254  -29.838  27.328 0.0000000000
113364  -30.348  -27.940  28.288 0.0000000000
116170  -29.851  -28.187  29.222 0.0000000000
42365  -30.428  -28.614  27.571 0.0000000000
41536  -30.569  -29.391  27.279 0.0000000000
42377  -30.539  -28.239  26.708 0.0000000000
43174  -31.920  -27.728  26.038 0.0000000000
114374  -30.990  -27.240  26.091 0.0000000000
116057  -31.682  -28.844  25.894 0.0000000000
112279  -33.589  -29.154  26.241 0.0000000000
42367  -36.119  -28.354  26.429 0.0000000000
42366  -35.629  -28.892  26.238 0.0000000000
41532  -37.020  -28.986  27.724 0.0000000000
42354  -37.036  -28.247  27.936 0.0000000000
44010  -35.058  -26.453  25.087 0.0000000000
43997  -37.921  -27.666  26.721 0.0000000000
43207  -39.341  -28.024  24.680 0.0000000000
43199  -39.652  -28.514  25.258 0.0000000000
43208  -40.359  -28.477  24.667 0.0000000000
43209  -41.279  -28.260  24.566 0.0000000000
44861  -38.918  -25.540  23.007 0.0000000000
44862  -39.504  -26.155  23.294 0.0000000000
122588  -39.789  -25.222  23.063 0.0000000000
46497  -36.312  -23.604  23.719 0.0000000000
47440  -37.381  -22.030  24.152 0.0000000000
107942  -37.770  -23.204  23.498 0.0000000000
47442  -39.172  -22.363  23.023 0.0000000000
32065  -21.371  -41.553  28.889 0.0000000000
31174  -23.466  -42.652  30.244 0.0000000000
31161  -23.032  -43.032  30.766 0.0000000000
32807  -25.811  -42.487  30.091 0.0000000000
32043  -24.820  -42.240  29.929 0.0000000000
32020  -25.925  -42.762  31.262 0.0000000000
32045  -29.145  -41.560  30.434 0.0000000000
23601  -8.186  -49.360  34.122 0.0000000000
25412  -9.738  -47.912  35.191 0.0000000000
24475  -9.378  -48.317  33.679 0.0000000000
24503  -9.850  -49.898  32.511 0.0000000000
23609  -8.129  -50.319  33.461 0.0000000000
122893  -8.822  -50.961  32.730 0.0000000000
22722  -8.877  -51.813  32.666 0.0000000000
22723  -9.526  -51.610  32.526 0.0000000000
27334  -13.020  -46.166  31.900 0.0000000000
24517  -11.942  -48.809  31.569 0.0000000000
62727  -49.163  -5.987  17.527 0.0000000000
18055  0.044  -56.143  38.393 0.0000000000
120979  -0.284  -55.909  38.782 0.0000000000
18938  -0.321  -55.324  39.160 0.0000000000
125830  -20.044  -45.089  29.706 0.0000000000
30265  -21.665  -43.785  30.074 0.0000000000
120261  -36.488  -39.447  29.982 0.0000000000
32016  -18.978  -41.312  30.783 0.0000000000
31171  -18.579  -41.897  30.206 0.0000000000
31170  -18.283  -42.578  29.712 0.0000000000
30263  -18.098  -43.560  29.454 0.0000000000
36170  -33.069  -36.537  30.643 0.0000000000
49397  -38.486  -20.075  23.180 0.0000000000
50421  -38.796  -19.401  22.959 0.0000000000
51300  -39.222  -18.694  23.026 0.0000000000
57373  -41.183  -11.508  24.774 0.0000000000
57387  -42.303  -11.277  23.383 0.0000000000
57388  -43.209  -11.822  23.054 0.0000000000
57400  -42.894  -10.748  22.679 0.0000000000
58281  -43.380  -10.105  22.306 0.0000000000
59169  -43.403  -9.295  22.676 0.0000000000
40735  -31.449  -30.816  29.006 0.0000000000
40734  -30.163  -30.482  29.820 0.0000000000
41523  -29.021  -30.181  29.387 0.0000000000
46481  -32.725  -22.873  25.919 0.0000000000
47409  -34.041  -22.014  25.044 0.0000000000
33609  -26.481  -39.311  29.517 0.0000000000
123954  -26.984  -39.823  30.377 0.0000000000
32828  -27.490  -40.724  30.405 0.0000000000
32810  -28.032  -41.200  30.916 0.0000000000
60101  -48.335  -8.080  18.630 0.0000000000
60102  -48.801  -8.778  18.167 0.0000000000
18066  -2.828  -56.243  37.104 0.0000000000
18058  -1.898  -56.798  37.960 0.0000000000
18057  -1.180  -56.326  38.049 0.0000000000
32851  -31.724  -40.783  29.140 0.0000000000
32831  -32.130  -41.247  29.798 0.0000000000
105940  -16.374  -41.124  32.446 0.0000000000
30238  -16.025  -41.777  32.322 0.0000000000
116793  -17.426  -46.688  30.796 0.0000000000
27336  -17.776  -47.310  31.372 0.0000000000
35379  -35.401  -37.142  27.471 0.0000000000
32823  -21.037  -40.004  30.323 0.0000000000
33604  -21.410  -39.148  29.677 0.0000000000
34438  -21.959  -38.316  29.637 0.0000000000
36164  -22.679  -36.108  29.550 0.0000000000
36179  -22.911  -35.432  29.245 0.0000000000
35355  -23.983  -36.762  28.601 0.0000000000
112963  -24.762  -37.421  28.629 0.0000000000
35356  -25.071  -36.655  28.598 0.0000000000
35357  -25.972  -36.653  28.407 0.0000000000
36168  -29.419  -35.982  30.089 0.0000000000
35359  -28.434  -36.033  28.068 0.0000000000
36208  -27.908  -36.392  27.631 0.0000000000
34462  -29.155  -38.450  27.255 0.0000000000
33638  -29.537  -39.152  27.230 0.0000000000
124703  -31.838  -37.052  26.910 0.0000000000
44864  -41.344  -25.711  23.453 0.0000000000
44851  -41.763  -26.249  23.917 0.0000000000
45677  -41.920  -24.834  23.124 0.0000000000
46509  -42.068  -23.832  22.745 0.0000000000
48441  -42.533  -21.462  22.436 0.0000000000
115109  -40.976  -16.702  25.854 0.0000000000
53054  -40.740  -16.685  25.071 0.0000000000
125911  -40.953  -16.327  25.290 0.0000000000
53067  -41.123  -16.152  24.607 0.0000000000
122220  -43.051  -14.897  23.754 0.0000000000
53935  -43.413  -15.463  23.592 0.0000000000
52200  -45.344  -17.120  22.686 0.0000000000
110029  -45.763  -17.797  22.356 0.0000000000
52201  -46.322  -17.314  22.838 0.0000000000
59178  -45.881  -8.882  20.782 0.0000000000
59185  -46.657  -9.058  20.566 0.0000000000
60082  -46.947  -8.338  20.310 0.0000000000
22689  -7.077  -51.012  35.435 0.0000000000
21789  -6.562  -51.506  34.912 0.0000000000
21788  -6.326  -52.253  34.407 0.0000000000
37737  -36.180  -34.256  26.144 0.0000000000
40013  -34.165  -31.633  25.680 0.0000000000
40773  -35.917  -31.126  26.043 0.0000000000
40772  -35.590  -30.267  25.957 0.0000000000
41550  -35.161  -29.573  25.807 0.0000000000
43963  -30.457  -27.019  27.664 0.0000000000
121631  -31.475  -25.877  26.081 0.0000000000
43991  -30.813  -26.296  26.328 0.0000000000
43175  -33.391  -27.743  26.131 0.0000000000
113818  -34.072  -28.428  26.008 0.0000000000
43159  -36.278  -27.781  26.396 0.0000000000
43995  -36.487  -27.399  26.291 0.0000000000
44838  -35.357  -26.106  24.432 0.0000000000
126283  -36.942  -26.940  24.535 0.0000000000
43198  -37.466  -27.284  24.601 0.0000000000
43179  -38.709  -28.026  25.700 0.0000000000
44024  -39.076  -27.319  23.894 0.0000000000
44031  -38.688  -26.480  23.377 0.0000000000
114764  -38.227  -25.799  23.202 0.0000000000
47425  -36.683  -21.765  24.679 0.0000000000
47426  -37.331  -20.950  24.168 0.0000000000
32066  -22.326  -41.546  28.774 0.0000000000
32018  -24.323  -42.700  30.593 0.0000000000
123987  -10.211  -48.216  32.964 0.0000000000
22724  -10.330  -51.455  32.415 0.0000000000
106918  -13.493  -47.773  31.264 0.0000000000
107609  -39.251  -34.566  29.936 0.0000000000
38498  -38.770  -33.938  29.217 0.0000000000
28302  -20.720  -45.367  32.191 0.0000000000
33595  -34.821  -40.843  29.188 0.0000000000
31146  -16.982  -41.036  31.868 0.0000000000
31145  -16.630  -41.975  31.735 0.0000000000
29298  -16.166  -44.347  30.458 0.0000000000
29299  -16.960  -44.609  30.054 0.0000000000
28322  -17.663  -45.275  29.860 0.0000000000
27353  -19.032  -47.051  31.239 0.0000000000
123799  -32.369  -35.964  26.699 0.0000000000
35361  -30.708  -37.029  28.105 0.0000000000
47443  -40.095  -22.679  22.734 0.0000000000
47458  -40.781  -22.094  22.592 0.0000000000
50424  -42.430  -19.247  22.033 0.0000000000
54788  -40.967  -14.201  25.483 0.0000000000
55666  -42.441  -13.712  24.119 0.0000000000
54797  -43.158  -14.226  23.893 0.0000000000
54810  -44.479  -14.474  23.724 0.0000000000
54811  -45.288  -14.562  23.456 0.0000000000
56536  -45.134  -13.116  23.425 0.0000000000
57416  -46.207  -11.301  21.419 0.0000000000
58290  -45.820  -10.599  21.199 0.0000000000
59176  -44.727  -9.858  21.695 0.0000000000
59177  -45.390  -9.599  21.232 0.0000000000
60073  -45.201  -8.240  21.305 0.0000000000
21798  -7.598  -52.440  33.000 0.0000000000
38522  -33.672  -33.229  26.285 0.0000000000
39256  -32.674  -32.745  26.770 0.0000000000
39255  -31.965  -31.978  26.690 0.0000000000
40743  -31.342  -31.436  28.032 0.0000000000
39991  -31.169  -31.510  27.094 0.0000000000
40011  -32.285  -31.442  26.101 0.0000000000
40768  -31.247  -30.330  25.924 0.0000000000
45630  -30.875  -24.438  27.998 0.0000000000
123544  -30.860  -24.570  27.045 0.0000000000
44817  -32.046  -25.328  26.140 0.0000000000
44819  -33.913  -25.745  25.222 0.0000000000
45667  -35.697  -24.452  23.726 0.0000000000
116988  -36.075  -21.580  25.086 0.0000000000
126976  -36.545  -21.489  25.994 0.0000000000
32847  -24.818  -40.501  28.818 0.0000000000
32827  -26.908  -40.492  30.391 0.0000000000
26354  -10.225  -47.011  34.222 0.0000000000
26353  -10.296  -47.605  33.328 0.0000000000
25448  -10.880  -48.825  31.991 0.0000000000
24504  -11.616  -49.790  31.755 0.0000000000
19882  -4.275  -54.469  37.385 0.0000000000
19874  -4.184  -54.336  38.321 0.0000000000
19873  -3.324  -54.348  38.557 0.0000000000
113330  -2.306  -54.210  39.398 0.0000000000
52173  -41.071  -17.625  26.039 0.0000000000
53047  -41.355  -16.318  26.689 0.0000000000
53901  -41.049  -15.426  26.574 0.0000000000
41525  -38.833  -29.705  29.495 0.0000000000
120252  -28.794  -41.183  28.697 0.0000000000
32068  -29.619  -41.692  29.739 0.0000000000
29263  -13.115  -43.642  34.178 0.0000000000
29271  -13.274  -44.012  33.583 0.0000000000
27335  -13.659  -45.735  31.731 0.0000000000
27348  -13.819  -46.473  31.348 0.0000000000
27350  -16.075  -46.704  30.681 0.0000000000
35349  -37.406  -36.956  29.645 0.0000000000
125590  -36.519  -36.690  28.415 0.0000000000
36212  -35.594  -36.379  27.055 0.0000000000
37717  -32.627  -34.273  28.558 0.0000000000
38513  -33.301  -33.785  26.775 0.0000000000
39245  -32.008  -33.162  27.899 0.0000000000
31185  -20.167  -42.527  29.164 0.0000000000
109259  -21.607  -40.773  28.670 0.0000000000
32845  -22.528  -40.709  28.458 0.0000000000
34431  -22.151  -37.732  30.310 0.0000000000
33619  -22.435  -38.881  28.458 0.0000000000
33620  -23.252  -39.347  28.242 0.0000000000
33606  -24.145  -39.753  28.478 0.0000000000
33607  -24.998  -39.548  28.785 0.0000000000
33611  -27.666  -39.723  28.646 0.0000000000
35358  -26.689  -36.772  27.955 0.0000000000
35371  -27.373  -36.982  27.470 0.0000000000
32865  -28.379  -40.589  28.130 0.0000000000
32866  -29.381  -40.721  28.102 0.0000000000
32867  -30.377  -40.577  28.310 0.0000000000
117953  -31.947  -38.716  27.282 0.0000000000
33627  -32.855  -39.699  27.992 0.0000000000
107801  -34.238  -40.059  28.829 0.0000000000
33613  -35.247  -40.154  28.547 0.0000000000
106568  -36.549  -38.666  29.608 0.0000000000
31994  -19.437  -40.558  32.312 0.0000000000
46499  -42.921  -24.136  23.377 0.0000000000
107834  -42.956  -22.741  22.778 0.0000000000
51281  -39.278  -18.500  25.001 0.0000000000
51301  -39.769  -17.975  23.339 0.0000000000
114947  -41.264  -18.195  22.251 0.0000000000
51316  -43.262  -18.790  22.291 0.0000000000
53933  -41.783  -15.818  23.967 0.0000000000
112562  -42.287  -16.202  23.450 0.0000000000
107024  -42.941  -15.999  23.402 0.0000000000
53080  -42.820  -16.609  23.128 0.0000000000
52213  -42.683  -17.178  22.834 0.0000000000
51315  -43.048  -17.883  22.616 0.0000000000
125409  -43.636  -18.275  22.472 0.0000000000
49412  -44.949  -19.735  22.363 0.0000000000
51302  -45.735  -18.621  22.294 0.0000000000
60084  -48.732  -8.834  19.972 0.0000000000
60092  -48.117  -8.296  19.426 0.0000000000
60963  -47.885  -7.543  19.097 0.0000000000
62697  -47.812  -5.046  20.539 0.0000000000
20834  -6.707  -52.659  36.734 0.0000000000
21797  -6.703  -52.441  33.494 0.0000000000
19913  -5.797  -53.750  33.693 0.0000000000
20840  -5.332  -53.348  35.346 0.0000000000
19889  -5.035  -54.015  36.069 0.0000000000
18080  -3.689  -56.025  35.719 0.0000000000
36171  -38.030  -36.656  30.006 0.0000000000
38507  -38.590  -33.454  28.375 0.0000000000
38524  -35.232  -33.510  25.427 0.0000000000
38525  -36.180  -33.503  25.903 0.0000000000
39263  -36.458  -32.746  26.002 0.0000000000
115740  -38.369  -33.001  27.552 0.0000000000
125363  -38.876  -32.234  28.949 0.0000000000
39994  -38.083  -31.173  27.895 0.0000000000
40745  -38.708  -30.932  28.648 0.0000000000
121263  -38.699  -30.136  28.867 0.0000000000
41522  -28.966  -29.517  29.132 0.0000000000
43133  -28.994  -27.825  29.869 0.0000000000
42339  -28.603  -28.798  29.542 0.0000000000
41530  -30.350  -29.400  28.315 0.0000000000
116798  -31.613  -29.638  25.807 0.0000000000
43976  -30.533  -26.971  26.731 0.0000000000
41538  -36.045  -29.513  26.412 0.0000000000
41524  -38.303  -29.258  28.758 0.0000000000
43145  -37.144  -27.703  28.022 0.0000000000
44011  -35.848  -26.847  25.216 0.0000000000
44032  -39.973  -26.828  23.819 0.0000000000
45673  -37.287  -24.797  23.169 0.0000000000
118278  -37.783  -24.128  23.080 0.0000000000
46507  -39.383  -23.449  22.646 0.0000000000
48428  -38.135  -20.695  23.605 0.0000000000
49389  -37.919  -19.898  23.945 0.0000000000
49390  -38.418  -19.670  24.730 0.0000000000
30275  -21.088  -43.252  29.382 0.0000000000
31173  -22.606  -42.761  30.003 0.0000000000
30266  -22.372  -43.453  30.630 0.0000000000
111789  -22.762  -43.984  32.179 0.0000000000
31163  -24.718  -43.028  31.406 0.0000000000
31148  -24.618  -43.314  31.872 0.0000000000
32829  -28.262  -41.044  30.343 0.0000000000
23583  -8.032  -50.336  35.965 0.0000000000
24462  -9.039  -48.304  34.969 0.0000000000
27323  -12.472  -45.585  32.769 0.0000000000
27333  -12.128  -46.341  32.328 0.0000000000
26383  -12.035  -47.155  32.027 0.0000000000
25462  -12.763  -47.643  31.549 0.0000000000
25461  -12.053  -47.961  31.811 0.0000000000
24507  -14.537  -49.681  32.083 0.0000000000
23627  -12.382  -50.635  32.015 0.0000000000
61843  -48.662  -6.653  17.553 0.0000000000
18056  -0.593  -56.369  38.135 0.0000000000
18947  -1.186  -55.446  38.743 0.0000000000
18939  -1.030  -54.879  39.298 0.0000000000
19872  0.707  -54.882  38.828 0.0000000000
18937  0.167  -55.077  39.302 0.0000000000
34433  -37.598  -38.212  30.548 0.0000000000
36937  -39.999  -35.220  30.494 0.0000000000
38533  -34.920  -33.133  25.210 0.0000000000
41548  -30.984  -29.361  25.908 0.0000000000
41549  -32.004  -30.077  25.803 0.0000000000
43173  -30.651  -27.684  26.441 0.0000000000
46510  -42.699  -23.424  22.859 0.0000000000
50403  -38.105  -19.443  24.141 0.0000000000
60979  -48.426  -7.217  17.739 0.0000000000
62696  -47.361  -5.642  20.014 0.0000000000
110614  -6.297  -53.273  36.791 0.0000000000
126340  -43.650  -10.752  22.374 0.0000000000
