#!ascii label  , from subject 001 vox2ras=TkReg
770
19901  -16.348  -54.645  35.884 0.0000000000
36859  -42.319  -35.500  41.567 0.0000000000
43791  -45.746  -27.707  39.238 0.0000000000
43064  -53.829  -27.831  35.361 0.0000000000
33520  -38.858  -39.525  41.527 0.0000000000
107193  -49.756  -27.855  36.417 0.0000000000
119501  -50.690  -19.687  33.247 0.0000000000
114219  -54.074  -16.248  33.330 0.0000000000
35140  -46.050  -36.888  42.021 0.0000000000
124526  -45.627  -33.153  39.139 0.0000000000
39123  -44.047  -32.469  40.168 0.0000000000
20796  -17.303  -53.080  39.114 0.0000000000
23550  -20.680  -49.877  39.188 0.0000000000
108326  -24.018  -46.719  40.671 0.0000000000
29185  -28.755  -44.738  40.862 0.0000000000
29190  -33.206  -44.119  41.656 0.0000000000
30096  -37.674  -42.683  44.055 0.0000000000
32717  -41.191  -39.406  41.612 0.0000000000
39927  -49.703  -31.248  36.304 0.0000000000
53858  -55.086  -15.774  32.133 0.0000000000
36844  -43.880  -35.216  43.338 0.0000000000
38346  -45.712  -33.017  43.247 0.0000000000
38366  -42.761  -32.846  41.838 0.0000000000
23555  -16.910  -51.547  39.188 0.0000000000
22650  -18.847  -51.095  39.192 0.0000000000
31014  -33.547  -42.807  41.185 0.0000000000
118678  -34.958  -44.257  43.542 0.0000000000
31894  -36.491  -42.482  42.840 0.0000000000
35155  -40.778  -37.639  41.230 0.0000000000
33493  -40.366  -40.060  42.980 0.0000000000
35122  -41.904  -37.234  43.939 0.0000000000
34284  -44.318  -38.495  41.962 0.0000000000
40639  -46.097  -30.212  40.312 0.0000000000
39915  -46.521  -30.590  37.311 0.0000000000
41446  -48.315  -28.832  38.470 0.0000000000
42261  -51.941  -29.047  34.910 0.0000000000
40677  -51.679  -30.917  35.733 0.0000000000
40671  -54.897  -30.104  36.171 0.0000000000
42279  -54.862  -28.906  33.713 0.0000000000
49269  -52.672  -20.639  34.885 0.0000000000
47328  -52.295  -22.447  34.733 0.0000000000
32740  -36.916  -41.160  40.538 0.0000000000
42307  -51.385  -28.649  32.575 0.0000000000
52113  -52.080  -17.970  33.287 0.0000000000
50288  -54.159  -19.007  33.859 0.0000000000
53007  -56.578  -16.497  31.255 0.0000000000
35211  -46.422  -37.529  39.090 0.0000000000
37626  -47.175  -34.498  40.803 0.0000000000
117486  -45.166  -32.883  40.458 0.0000000000
18954  -16.896  -54.766  38.416 0.0000000000
23569  -22.836  -50.043  37.999 0.0000000000
25353  -22.356  -48.257  38.767 0.0000000000
25366  -24.807  -48.331  38.597 0.0000000000
26283  -25.979  -47.665  40.087 0.0000000000
26270  -28.070  -47.166  40.057 0.0000000000
27244  -30.389  -46.342  40.496 0.0000000000
29187  -30.967  -44.193  41.366 0.0000000000
27212  -35.076  -47.298  42.584 0.0000000000
32714  -37.638  -40.418  43.680 0.0000000000
30998  -39.992  -41.446  43.413 0.0000000000
31009  -41.251  -41.543  40.650 0.0000000000
32734  -42.847  -40.406  40.213 0.0000000000
33530  -44.055  -38.441  40.209 0.0000000000
41463  -50.966  -29.192  38.444 0.0000000000
45580  -52.407  -24.013  33.780 0.0000000000
43887  -54.710  -26.351  34.440 0.0000000000
18969  -15.728  -55.496  37.176 0.0000000000
37610  -42.711  -34.811  43.271 0.0000000000
38343  -43.168  -33.654  43.102 0.0000000000
37620  -42.426  -34.270  41.944 0.0000000000
31023  -34.086  -42.557  40.776 0.0000000000
31015  -34.702  -42.830  42.078 0.0000000000
31909  -35.649  -42.020  40.726 0.0000000000
36850  -41.603  -36.435  41.945 0.0000000000
36009  -41.281  -37.013  43.241 0.0000000000
36841  -41.826  -36.238  43.420 0.0000000000
36011  -42.461  -36.535  43.837 0.0000000000
41445  -46.835  -29.043  39.126 0.0000000000
119001  -46.735  -28.063  38.920 0.0000000000
126271  -52.468  -28.489  34.638 0.0000000000
41477  -53.292  -29.242  36.016 0.0000000000
42263  -53.938  -28.430  35.981 0.0000000000
42253  -55.194  -29.801  35.596 0.0000000000
43066  -54.554  -28.194  34.801 0.0000000000
49285  -53.043  -20.583  33.451 0.0000000000
48299  -52.866  -21.286  33.986 0.0000000000
47348  -53.676  -22.597  31.998 0.0000000000
52124  -52.514  -17.263  31.944 0.0000000000
52985  -53.648  -16.859  33.275 0.0000000000
110466  -53.463  -18.300  33.930 0.0000000000
52104  -53.980  -17.397  33.612 0.0000000000
51220  -54.726  -18.696  33.433 0.0000000000
52106  -54.826  -17.112  33.030 0.0000000000
120889  -55.765  -16.022  31.573 0.0000000000
112431  -45.772  -36.807  40.394 0.0000000000
36061  -46.631  -36.059  40.060 0.0000000000
36868  -46.525  -35.497  40.912 0.0000000000
39877  -44.376  -31.699  42.365 0.0000000000
39864  -45.517  -32.639  42.327 0.0000000000
39115  -44.264  -32.939  40.704 0.0000000000
118534  -45.268  -31.190  40.353 0.0000000000
39902  -44.458  -30.933  39.886 0.0000000000
19879  -17.927  -53.850  38.295 0.0000000000
20810  -17.957  -53.148  39.128 0.0000000000
22651  -19.548  -50.558  39.019 0.0000000000
27239  -23.384  -46.236  40.516 0.0000000000
25342  -23.019  -47.499  39.508 0.0000000000
25354  -23.403  -48.079  39.091 0.0000000000
126673  -23.957  -47.641  39.603 0.0000000000
125318  -24.992  -47.935  39.196 0.0000000000
26267  -25.611  -47.661  40.587 0.0000000000
27224  -28.405  -46.402  40.581 0.0000000000
27243  -29.501  -46.430  40.328 0.0000000000
27226  -29.845  -45.595  41.134 0.0000000000
30129  -32.557  -43.598  41.080 0.0000000000
30128  -31.598  -43.937  40.831 0.0000000000
29188  -31.985  -44.297  41.012 0.0000000000
28229  -32.428  -45.047  41.039 0.0000000000
28230  -33.391  -45.243  41.422 0.0000000000
106348  -34.018  -46.096  41.252 0.0000000000
27210  -34.208  -46.323  42.283 0.0000000000
29146  -36.114  -43.779  44.046 0.0000000000
28206  -36.071  -45.602  43.412 0.0000000000
29159  -37.343  -44.663  43.320 0.0000000000
30105  -38.423  -43.430  43.309 0.0000000000
32723  -37.557  -40.884  42.522 0.0000000000
123712  -38.305  -39.808  42.545 0.0000000000
33495  -41.149  -39.915  44.084 0.0000000000
116876  -40.048  -40.491  43.407 0.0000000000
31889  -40.207  -40.814  43.316 0.0000000000
31000  -40.296  -41.603  41.749 0.0000000000
32725  -40.435  -40.018  41.393 0.0000000000
32727  -42.200  -40.316  40.744 0.0000000000
35139  -45.480  -37.175  42.301 0.0000000000
34293  -44.764  -38.783  41.471 0.0000000000
34295  -45.732  -37.790  41.176 0.0000000000
35191  -45.390  -37.158  39.306 0.0000000000
20808  -16.417  -53.028  39.204 0.0000000000
19859  -16.108  -54.318  39.359 0.0000000000
18944  -15.981  -55.006  39.219 0.0000000000
37639  -46.171  -34.325  39.018 0.0000000000
38410  -46.087  -33.371  37.479 0.0000000000
109130  -47.882  -30.427  36.743 0.0000000000
123773  -49.277  -27.368  37.690 0.0000000000
43015  -50.941  -27.869  39.673 0.0000000000
116575  -51.233  -28.726  38.759 0.0000000000
39937  -52.875  -31.465  35.103 0.0000000000
39936  -51.673  -31.403  35.385 0.0000000000
46405  -52.690  -23.133  33.848 0.0000000000
46404  -52.257  -23.094  34.196 0.0000000000
112025  -52.990  -24.019  33.848 0.0000000000
45581  -53.183  -24.824  33.932 0.0000000000
117112  -54.539  -24.945  33.818 0.0000000000
43904  -55.482  -26.590  33.871 0.0000000000
53867  -53.938  -15.349  30.980 0.0000000000
53857  -54.656  -15.784  32.360 0.0000000000
54742  -54.959  -14.673  31.101 0.0000000000
55615  -55.117  -13.784  30.506 0.0000000000
36027  -45.455  -36.319  42.656 0.0000000000
36854  -46.164  -35.140  42.477 0.0000000000
114465  -44.937  -33.573  43.365 0.0000000000
39093  -43.985  -31.802  43.167 0.0000000000
39113  -43.674  -32.966  41.154 0.0000000000
21752  -16.872  -52.085  39.351 0.0000000000
120580  -18.014  -52.324  39.421 0.0000000000
24421  -19.580  -49.986  39.030 0.0000000000
30130  -33.327  -43.225  41.463 0.0000000000
29171  -34.378  -44.384  42.817 0.0000000000
30115  -34.346  -43.381  42.708 0.0000000000
30995  -35.313  -42.973  43.776 0.0000000000
30996  -36.228  -42.531  43.846 0.0000000000
107453  -40.199  -38.758  40.983 0.0000000000
34281  -39.364  -39.585  41.927 0.0000000000
34282  -40.533  -38.288  42.306 0.0000000000
35112  -41.016  -38.506  43.361 0.0000000000
34272  -41.348  -38.930  43.383 0.0000000000
33504  -42.467  -39.235  42.183 0.0000000000
106944  -42.573  -37.501  43.471 0.0000000000
36026  -44.612  -36.614  42.869 0.0000000000
22664  -16.321  -51.618  38.682 0.0000000000
39903  -45.766  -31.489  39.520 0.0000000000
105820  -45.433  -31.155  38.007 0.0000000000
40652  -46.909  -29.926  38.445 0.0000000000
112157  -48.070  -29.463  37.791 0.0000000000
40653  -49.522  -29.364  37.815 0.0000000000
111684  -50.996  -28.793  35.919 0.0000000000
42249  -51.158  -29.103  36.502 0.0000000000
42250  -51.560  -29.331  35.647 0.0000000000
122600  -53.554  -30.525  35.832 0.0000000000
110593  -51.807  -20.439  34.904 0.0000000000
49274  -50.909  -20.920  34.227 0.0000000000
48286  -52.412  -21.374  35.081 0.0000000000
47329  -52.582  -22.420  34.259 0.0000000000
120990  -41.656  -35.829  39.808 0.0000000000
36047  -40.732  -37.237  40.191 0.0000000000
43808  -47.099  -26.724  38.631 0.0000000000
43061  -49.271  -27.611  35.766 0.0000000000
43073  -50.159  -28.664  34.611 0.0000000000
42275  -50.994  -28.854  34.020 0.0000000000
42277  -52.549  -28.168  33.980 0.0000000000
51218  -50.866  -18.968  33.211 0.0000000000
51193  -52.550  -19.178  34.173 0.0000000000
50287  -53.238  -19.626  33.800 0.0000000000
49299  -53.142  -20.235  32.469 0.0000000000
52989  -54.916  -16.527  32.910 0.0000000000
52120  -55.437  -16.857  32.212 0.0000000000
36075  -45.450  -36.506  39.017 0.0000000000
37640  -47.057  -34.909  39.594 0.0000000000
38388  -46.700  -34.126  39.769 0.0000000000
37625  -46.751  -34.380  41.465 0.0000000000
39117  -45.750  -33.774  40.753 0.0000000000
39131  -45.566  -32.627  39.542 0.0000000000
39896  -45.648  -31.612  40.040 0.0000000000
41433  -45.781  -28.994  40.565 0.0000000000
38386  -42.878  -34.608  39.626 0.0000000000
39126  -43.216  -33.757  39.484 0.0000000000
40643  -43.008  -30.397  39.274 0.0000000000
117302  -16.226  -54.831  36.868 0.0000000000
109366  -17.274  -54.067  37.175 0.0000000000
114832  -23.644  -49.683  37.568 0.0000000000
25351  -19.900  -48.772  39.039 0.0000000000
25339  -20.659  -48.918  38.683 0.0000000000
24424  -21.493  -48.870  38.610 0.0000000000
24442  -23.316  -49.307  38.226 0.0000000000
26300  -26.973  -46.703  39.140 0.0000000000
26286  -28.482  -47.357  39.509 0.0000000000
30125  -28.520  -44.158  40.373 0.0000000000
30126  -29.864  -43.833  40.900 0.0000000000
28226  -29.591  -44.732  41.377 0.0000000000
27227  -30.849  -45.646  41.236 0.0000000000
28240  -31.892  -45.690  40.819 0.0000000000
27201  -34.651  -46.365  43.012 0.0000000000
122194  -36.627  -41.765  41.119 0.0000000000
31887  -36.536  -41.587  43.716 0.0000000000
31879  -37.367  -41.206  44.311 0.0000000000
33502  -39.044  -39.900  43.381 0.0000000000
31880  -38.357  -40.974  44.202 0.0000000000
30990  -37.987  -41.794  44.248 0.0000000000
30107  -39.908  -42.435  43.200 0.0000000000
30118  -40.361  -43.105  41.114 0.0000000000
31912  -44.382  -41.556  39.712 0.0000000000
33514  -44.054  -39.403  41.508 0.0000000000
32736  -44.446  -40.092  40.333 0.0000000000
32751  -44.585  -40.199  39.692 0.0000000000
116427  -43.851  -38.722  39.227 0.0000000000
18953  -16.273  -55.194  38.561 0.0000000000
112118  -49.331  -28.310  38.807 0.0000000000
112804  -50.783  -29.501  39.817 0.0000000000
39917  -50.158  -30.828  36.744 0.0000000000
40668  -51.213  -30.556  36.711 0.0000000000
39918  -50.772  -30.838  36.851 0.0000000000
39152  -50.096  -31.574  35.901 0.0000000000
43100  -51.991  -27.911  32.646 0.0000000000
112753  -53.160  -27.397  34.001 0.0000000000
47326  -51.226  -22.332  34.249 0.0000000000
46402  -51.110  -23.096  33.298 0.0000000000
44741  -52.030  -25.411  32.818 0.0000000000
43885  -53.580  -26.502  34.176 0.0000000000
43874  -54.288  -27.101  34.883 0.0000000000
43075  -54.886  -27.641  34.130 0.0000000000
18977  -15.688  -54.951  35.289 0.0000000000
36852  -42.393  -34.974  42.565 0.0000000000
31032  -34.238  -42.609  39.908 0.0000000000
31024  -34.950  -42.396  40.385 0.0000000000
125980  -41.897  -36.000  41.814 0.0000000000
36025  -41.458  -36.467  42.761 0.0000000000
36851  -41.884  -35.818  42.610 0.0000000000
120859  -42.220  -35.538  43.223 0.0000000000
42188  -46.226  -28.032  39.874 0.0000000000
42189  -46.560  -28.088  39.156 0.0000000000
42994  -46.457  -27.816  38.964 0.0000000000
43063  -53.163  -27.948  34.721 0.0000000000
42262  -52.960  -28.586  35.442 0.0000000000
42264  -54.526  -28.578  35.936 0.0000000000
43065  -54.226  -27.887  35.342 0.0000000000
48306  -52.760  -21.279  32.526 0.0000000000
47343  -52.923  -22.234  32.464 0.0000000000
52995  -53.709  -16.181  32.826 0.0000000000
52980  -54.417  -17.073  33.397 0.0000000000
52105  -54.658  -17.421  33.190 0.0000000000
52987  -54.648  -16.426  33.088 0.0000000000
35157  -45.846  -36.972  41.412 0.0000000000
36048  -46.025  -36.080  40.583 0.0000000000
36040  -46.147  -36.115  41.506 0.0000000000
39114  -43.864  -33.038  41.065 0.0000000000
115852  -44.163  -32.838  41.226 0.0000000000
39894  -44.525  -31.970  40.181 0.0000000000
39129  -44.112  -31.787  39.702 0.0000000000
19860  -16.854  -53.858  39.251 0.0000000000
20809  -17.385  -53.364  39.053 0.0000000000
23558  -20.301  -50.204  39.017 0.0000000000
26265  -23.303  -46.805  40.049 0.0000000000
25343  -24.012  -47.198  40.126 0.0000000000
25344  -24.759  -47.555  39.987 0.0000000000
26266  -24.763  -47.268  40.687 0.0000000000
28213  -28.285  -45.147  40.815 0.0000000000
28224  -28.063  -46.009  40.781 0.0000000000
28225  -28.690  -45.611  40.742 0.0000000000
27225  -29.081  -46.001  40.640 0.0000000000
127157  -29.159  -45.337  41.068 0.0000000000
29189  -32.677  -44.394  41.304 0.0000000000
29170  -33.819  -45.041  42.217 0.0000000000
30095  -36.672  -43.026  44.070 0.0000000000
29147  -36.871  -44.024  43.929 0.0000000000
30104  -37.528  -43.669  43.575 0.0000000000
33510  -38.290  -39.739  41.999 0.0000000000
33511  -38.683  -39.590  42.073 0.0000000000
32709  -40.840  -40.279  44.011 0.0000000000
32716  -40.920  -40.259  43.622 0.0000000000
31890  -39.973  -40.818  41.960 0.0000000000
32726  -41.343  -39.936  40.990 0.0000000000
35156  -45.711  -37.613  41.792 0.0000000000
20795  -16.717  -53.574  39.262 0.0000000000
111696  -15.900  -53.983  39.436 0.0000000000
38387  -45.912  -33.578  39.024 0.0000000000
38398  -46.077  -33.404  38.346 0.0000000000
39136  -45.524  -32.419  38.700 0.0000000000
39926  -48.582  -31.189  36.331 0.0000000000
39151  -49.134  -31.727  35.901 0.0000000000
43055  -49.615  -27.732  37.265 0.0000000000
43046  -49.754  -27.850  38.215 0.0000000000
43047  -50.318  -28.504  38.051 0.0000000000
49298  -50.161  -20.316  32.891 0.0000000000
46406  -53.710  -23.984  33.642 0.0000000000
36013  -44.758  -35.781  43.099 0.0000000000
36845  -45.059  -34.933  43.170 0.0000000000
37612  -44.467  -34.331  43.275 0.0000000000
38355  -43.046  -32.812  42.511 0.0000000000
38344  -43.772  -32.636  43.124 0.0000000000
39106  -43.094  -31.905  41.970 0.0000000000
39886  -43.431  -32.079  41.641 0.0000000000
123270  -43.134  -32.269  41.605 0.0000000000
31031  -33.328  -42.775  40.354 0.0000000000
30145  -32.863  -42.997  40.872 0.0000000000
30131  -33.924  -42.917  42.129 0.0000000000
31006  -35.586  -43.152  42.887 0.0000000000
30987  -35.659  -42.909  43.910 0.0000000000
31886  -36.193  -42.759  43.555 0.0000000000
34292  -40.416  -38.115  41.243 0.0000000000
35135  -40.323  -38.842  41.466 0.0000000000
35136  -40.550  -37.792  41.910 0.0000000000
35121  -41.505  -37.558  43.612 0.0000000000
35120  -40.866  -37.830  43.124 0.0000000000
34263  -41.520  -38.190  43.539 0.0000000000
34273  -42.002  -38.248  43.555 0.0000000000
36843  -42.975  -35.777  43.683 0.0000000000
36012  -43.653  -36.072  43.329 0.0000000000
22656  -16.363  -52.201  39.158 0.0000000000
109969  -46.063  -30.762  39.822 0.0000000000
40651  -45.940  -30.444  39.112 0.0000000000
40645  -46.325  -29.811  39.302 0.0000000000
41453  -47.473  -29.291  38.483 0.0000000000
41454  -49.099  -29.010  38.335 0.0000000000
42260  -50.977  -29.106  34.906 0.0000000000
40669  -53.819  -29.874  36.238 0.0000000000
40670  -54.281  -30.358  36.166 0.0000000000
40679  -53.757  -30.842  35.549 0.0000000000
40681  -55.044  -30.158  35.741 0.0000000000
50273  -52.273  -20.249  34.856 0.0000000000
49268  -52.047  -20.844  35.132 0.0000000000
48293  -52.788  -21.290  34.828 0.0000000000
47336  -53.773  -23.167  32.987 0.0000000000
36866  -41.432  -36.598  40.066 0.0000000000
43072  -49.366  -28.137  34.987 0.0000000000
42292  -50.977  -29.074  33.200 0.0000000000
123922  -51.830  -28.491  33.392 0.0000000000
52118  -52.411  -17.461  32.848 0.0000000000
51219  -51.955  -17.941  32.321 0.0000000000
121511  -51.419  -18.465  32.796 0.0000000000
51206  -51.715  -18.661  33.626 0.0000000000
51192  -51.980  -18.976  34.176 0.0000000000
51207  -52.580  -18.260  33.900 0.0000000000
51194  -53.296  -19.221  33.875 0.0000000000
50300  -53.492  -19.720  33.305 0.0000000000
116791  -53.961  -19.443  32.897 0.0000000000
50301  -54.237  -19.112  33.680 0.0000000000
51209  -55.067  -17.952  33.144 0.0000000000
53849  -54.654  -16.181  32.897 0.0000000000
53850  -54.953  -16.285  32.515 0.0000000000
52997  -56.253  -16.284  31.380 0.0000000000
53006  -55.892  -16.614  31.577 0.0000000000
36074  -46.079  -37.515  38.807 0.0000000000
36086  -45.104  -36.912  37.910 0.0000000000
36874  -47.271  -35.479  40.055 0.0000000000
123917  -46.865  -35.479  39.614 0.0000000000
37632  -47.277  -34.694  40.244 0.0000000000
38378  -46.923  -33.940  40.215 0.0000000000
37614  -46.083  -33.823  43.000 0.0000000000
37622  -46.266  -34.134  42.273 0.0000000000
38347  -46.109  -33.349  42.802 0.0000000000
39889  -45.198  -33.692  40.987 0.0000000000
39890  -45.338  -32.907  40.121 0.0000000000
115258  -45.988  -33.561  39.986 0.0000000000
126229  -45.649  -31.908  39.822 0.0000000000
40637  -45.437  -30.089  40.504 0.0000000000
18963  -16.812  -54.534  37.513 0.0000000000
19893  -16.893  -54.336  36.546 0.0000000000
19885  -17.432  -54.266  37.991 0.0000000000
20829  -18.642  -53.351  37.896 0.0000000000
21743  -18.509  -52.003  39.237 0.0000000000
23578  -22.097  -50.496  38.037 0.0000000000
23579  -22.473  -50.477  37.245 0.0000000000
23580  -23.145  -50.151  37.231 0.0000000000
25352  -20.481  -48.558  38.591 0.0000000000
24432  -20.252  -49.056  38.983 0.0000000000
24434  -21.908  -49.195  38.708 0.0000000000
25365  -23.850  -48.595  38.631 0.0000000000
24435  -22.815  -48.734  38.602 0.0000000000
24443  -24.231  -49.077  38.022 0.0000000000
24444  -25.013  -48.692  37.756 0.0000000000
25357  -25.416  -47.489  39.075 0.0000000000
110697  -26.159  -46.971  39.403 0.0000000000
27241  -27.849  -47.076  40.562 0.0000000000
26269  -27.278  -47.442  40.464 0.0000000000
26285  -27.555  -47.200  39.777 0.0000000000
26271  -28.992  -47.101  39.891 0.0000000000
26272  -29.925  -47.077  39.902 0.0000000000
26273  -30.835  -47.149  39.914 0.0000000000
27245  -31.342  -46.408  40.471 0.0000000000
30127  -30.664  -43.902  41.056 0.0000000000
29186  -30.128  -44.142  41.418 0.0000000000
28227  -30.439  -44.804  41.556 0.0000000000
28241  -32.944  -45.804  40.729 0.0000000000
27246  -32.289  -46.432  40.302 0.0000000000
27228  -34.674  -47.132  42.282 0.0000000000
27229  -34.976  -47.024  42.621 0.0000000000
29156  -34.734  -44.054  43.398 0.0000000000
114129  -34.616  -45.138  43.149 0.0000000000
111869  -37.662  -40.440  43.119 0.0000000000
32713  -37.035  -40.768  43.470 0.0000000000
31888  -37.022  -40.878  44.087 0.0000000000
34270  -39.637  -39.824  42.399 0.0000000000
33501  -38.678  -39.764  42.890 0.0000000000
31882  -40.077  -40.854  43.402 0.0000000000
31881  -39.355  -40.907  43.872 0.0000000000
30991  -39.100  -41.673  43.900 0.0000000000
30997  -38.761  -42.543  43.662 0.0000000000
31007  -40.452  -42.477  42.206 0.0000000000
31008  -40.573  -42.265  40.932 0.0000000000
31898  -42.299  -40.628  40.179 0.0000000000
32735  -43.590  -40.462  39.994 0.0000000000
34283  -43.309  -38.901  42.083 0.0000000000
33513  -43.053  -39.798  41.603 0.0000000000
106509  -44.985  -38.878  40.948 0.0000000000
33522  -44.620  -39.632  40.963 0.0000000000
33523  -44.578  -39.285  40.578 0.0000000000
32743  -44.568  -39.868  40.059 0.0000000000
33535  -43.879  -38.925  39.803 0.0000000000
34314  -43.743  -38.035  39.877 0.0000000000
106196  -46.559  -37.726  38.907 0.0000000000
35209  -45.989  -37.559  38.863 0.0000000000
35210  -46.753  -37.574  38.919 0.0000000000
18945  -16.792  -54.776  38.951 0.0000000000
18962  -16.368  -55.183  37.797 0.0000000000
39909  -46.169  -30.304  38.260 0.0000000000
39914  -45.872  -31.470  37.132 0.0000000000
44657  -47.506  -26.285  38.639 0.0000000000
43809  -47.527  -26.849  38.700 0.0000000000
42240  -51.321  -28.782  39.446 0.0000000000
42229  -51.120  -28.681  40.048 0.0000000000
41456  -51.045  -29.466  39.683 0.0000000000
41462  -50.392  -29.229  37.954 0.0000000000
41469  -51.351  -29.749  36.655 0.0000000000
39929  -51.045  -31.222  36.246 0.0000000000
39935  -50.856  -31.519  35.875 0.0000000000
39928  -50.501  -31.245  36.349 0.0000000000
39164  -50.546  -31.776  35.483 0.0000000000
43101  -52.478  -27.217  32.728 0.0000000000
43903  -52.934  -26.742  33.377 0.0000000000
48291  -51.461  -21.855  35.045 0.0000000000
48290  -51.111  -21.528  34.621 0.0000000000
47327  -51.845  -22.464  34.842 0.0000000000
120406  -51.993  -23.438  34.045 0.0000000000
46403  -51.662  -23.023  34.179 0.0000000000
46414  -51.675  -23.661  33.597 0.0000000000
46421  -50.823  -23.361  32.493 0.0000000000
45591  -51.173  -24.012  32.999 0.0000000000
45602  -51.459  -24.706  32.720 0.0000000000
45592  -51.827  -24.492  33.257 0.0000000000
44727  -54.336  -25.555  34.239 0.0000000000
44726  -53.781  -25.585  34.212 0.0000000000
43886  -54.152  -26.302  34.593 0.0000000000
43875  -54.739  -27.220  34.742 0.0000000000
43888  -55.301  -26.779  34.300 0.0000000000
112085  -43.010  -35.254  43.598 0.0000000000
37611  -43.466  -34.473  43.314 0.0000000000
37621  -42.660  -33.927  42.648 0.0000000000
38354  -42.592  -33.386  42.081 0.0000000000
114643  -34.136  -42.698  41.444 0.0000000000
31901  -34.828  -42.557  41.151 0.0000000000
31016  -35.956  -42.768  41.688 0.0000000000
36024  -41.076  -37.130  42.136 0.0000000000
36008  -40.787  -37.523  42.641 0.0000000000
36010  -41.995  -36.839  43.954 0.0000000000
36842  -42.457  -35.970  43.621 0.0000000000
41434  -46.210  -29.076  40.367 0.0000000000
41444  -46.395  -29.402  39.977 0.0000000000
41435  -46.521  -28.736  39.697 0.0000000000
42227  -47.392  -28.566  38.813 0.0000000000
42210  -47.761  -28.261  38.797 0.0000000000
42251  -54.211  -29.143  36.297 0.0000000000
42252  -54.879  -29.364  36.199 0.0000000000
42265  -54.856  -29.066  35.238 0.0000000000
42266  -54.652  -28.680  34.144 0.0000000000
49276  -52.887  -20.593  34.374 0.0000000000
108654  -52.581  -21.707  33.115 0.0000000000
52994  -52.919  -16.858  32.846 0.0000000000
52114  -52.813  -17.433  33.444 0.0000000000
52103  -53.548  -17.531  33.642 0.0000000000
51195  -54.320  -18.296  33.672 0.0000000000
51208  -54.567  -18.572  33.584 0.0000000000
51196  -54.660  -17.916  33.292 0.0000000000
52115  -55.114  -16.630  32.847 0.0000000000
54732  -55.817  -14.990  31.153 0.0000000000
53859  -55.486  -15.706  31.590 0.0000000000
54733  -56.373  -15.264  31.173 0.0000000000
53860  -56.749  -15.567  31.199 0.0000000000
53017  -56.999  -16.275  30.747 0.0000000000
125576  -46.571  -37.380  39.366 0.0000000000
35193  -46.239  -36.938  39.899 0.0000000000
36060  -46.492  -36.494  39.945 0.0000000000
36049  -46.987  -35.814  40.190 0.0000000000
36869  -47.255  -35.131  40.623 0.0000000000
39863  -45.299  -31.588  42.939 0.0000000000
39096  -45.978  -32.439  43.115 0.0000000000
39878  -44.538  -32.726  41.456 0.0000000000
39888  -44.397  -33.312  40.735 0.0000000000
39895  -45.136  -32.187  40.253 0.0000000000
40636  -44.335  -29.845  39.908 0.0000000000
19878  -17.261  -54.249  38.643 0.0000000000
19871  -17.604  -53.670  38.807 0.0000000000
20820  -18.290  -53.294  38.658 0.0000000000
23568  -22.206  -50.090  38.588 0.0000000000
25355  -24.477  -47.971  39.235 0.0000000000
25356  -25.242  -47.673  39.726 0.0000000000
27242  -28.647  -46.708  40.271 0.0000000000
30144  -32.255  -43.519  40.502 0.0000000000
30143  -31.309  -43.662  40.394 0.0000000000
28228  -31.409  -44.890  41.293 0.0000000000
27211  -34.642  -47.015  42.668 0.0000000000
29145  -35.290  -43.534  43.958 0.0000000000
29157  -35.669  -44.521  43.731 0.0000000000
29158  -36.534  -44.722  43.653 0.0000000000
29161  -38.968  -44.127  42.706 0.0000000000
30106  -39.410  -43.323  43.040 0.0000000000
32741  -37.972  -41.110  40.763 0.0000000000
32732  -37.497  -41.253  41.395 0.0000000000
32733  -38.017  -40.463  41.788 0.0000000000
32724  -37.947  -40.091  42.537 0.0000000000
33500  -38.049  -39.970  43.164 0.0000000000
33494  -40.771  -39.999  44.142 0.0000000000
30999  -40.410  -41.931  42.878 0.0000000000
113865  -40.389  -41.456  42.961 0.0000000000
31896  -40.633  -40.924  41.199 0.0000000000
31897  -41.547  -40.661  40.649 0.0000000000
35138  -44.486  -37.564  42.409 0.0000000000
34285  -45.247  -38.131  41.991 0.0000000000
34294  -45.338  -38.224  41.402 0.0000000000
34304  -45.150  -38.430  41.003 0.0000000000
34303  -44.252  -37.783  40.364 0.0000000000
35174  -45.026  -37.244  40.450 0.0000000000
35192  -46.248  -37.404  39.215 0.0000000000
20807  -15.513  -53.533  39.330 0.0000000000
19858  -15.370  -54.766  39.794 0.0000000000
19869  -16.384  -54.466  39.215 0.0000000000
39925  -46.930  -31.102  36.374 0.0000000000
43847  -49.006  -27.092  38.038 0.0000000000
43830  -48.862  -27.201  38.333 0.0000000000
43034  -49.881  -27.732  38.642 0.0000000000
43035  -51.023  -27.935  39.151 0.0000000000
40678  -52.663  -30.992  35.352 0.0000000000
45582  -53.934  -24.734  33.975 0.0000000000
44728  -54.774  -25.625  34.075 0.0000000000
111780  -55.203  -26.106  34.057 0.0000000000
53856  -54.295  -15.687  32.312 0.0000000000
53848  -54.506  -15.992  32.998 0.0000000000
53868  -54.724  -15.317  31.706 0.0000000000
108770  -54.849  -15.322  31.646 0.0000000000
54731  -55.244  -14.616  30.988 0.0000000000
55616  -55.552  -13.458  30.408 0.0000000000
36028  -46.077  -36.058  42.298 0.0000000000
36853  -45.622  -35.500  42.856 0.0000000000
36846  -45.853  -34.624  43.012 0.0000000000
106151  -44.028  -33.611  43.228 0.0000000000
38345  -44.718  -32.827  43.355 0.0000000000
39095  -45.197  -32.073  43.207 0.0000000000
39876  -43.773  -31.700  42.440 0.0000000000
39122  -43.836  -32.878  40.280 0.0000000000
21741  -17.216  -52.737  39.251 0.0000000000
112506  -17.716  -52.631  39.365 0.0000000000
23547  -18.610  -50.891  39.241 0.0000000000
23548  -19.255  -50.448  39.109 0.0000000000
23549  -19.958  -50.083  38.917 0.0000000000
24422  -20.304  -49.609  38.994 0.0000000000
29184  -28.091  -44.561  40.439 0.0000000000
30114  -33.787  -43.739  42.192 0.0000000000
30102  -34.723  -43.462  43.357 0.0000000000
31005  -34.712  -43.113  43.042 0.0000000000
29144  -34.896  -43.401  43.761 0.0000000000
30093  -35.107  -43.017  44.018 0.0000000000
30094  -35.706  -43.019  44.034 0.0000000000
30988  -36.281  -42.483  44.048 0.0000000000
34291  -39.447  -39.389  41.410 0.0000000000
114423  -40.165  -39.253  41.984 0.0000000000
123449  -40.526  -39.676  42.478 0.0000000000
34271  -40.718  -38.768  42.941 0.0000000000
34261  -40.746  -39.332  43.938 0.0000000000
34262  -40.928  -39.352  43.849 0.0000000000
33503  -41.283  -39.395  43.144 0.0000000000
121966  -41.658  -39.187  42.213 0.0000000000
114154  -42.172  -39.013  43.086 0.0000000000
34274  -42.693  -38.549  43.006 0.0000000000
35137  -43.431  -37.912  42.561 0.0000000000
35123  -43.492  -36.914  43.059 0.0000000000
112921  -45.595  -32.302  39.272 0.0000000000
39908  -45.679  -31.264  39.013 0.0000000000
40659  -47.320  -29.956  37.528 0.0000000000
40660  -48.711  -30.078  37.212 0.0000000000
39916  -49.238  -30.829  36.831 0.0000000000
43056  -50.473  -28.536  36.762 0.0000000000
41475  -51.679  -30.184  35.734 0.0000000000
106669  -52.262  -29.501  35.512 0.0000000000
41476  -52.622  -30.278  35.603 0.0000000000
50285  -51.397  -20.303  34.376 0.0000000000
108854  -50.830  -20.242  33.668 0.0000000000
49275  -51.388  -21.032  35.007 0.0000000000
48285  -51.787  -21.419  35.155 0.0000000000
47317  -51.984  -22.006  35.096 0.0000000000
121584  -52.718  -21.813  34.539 0.0000000000
48292  -52.592  -21.912  34.967 0.0000000000
46415  -53.254  -23.245  33.517 0.0000000000
46416  -54.383  -23.942  33.394 0.0000000000
36867  -42.294  -35.698  40.355 0.0000000000
106673  -39.617  -39.227  40.986 0.0000000000
35173  -40.404  -37.961  40.699 0.0000000000
36039  -41.580  -37.119  40.996 0.0000000000
36858  -41.898  -36.224  40.949 0.0000000000
43806  -45.709  -27.168  38.662 0.0000000000
43807  -46.689  -26.817  38.633 0.0000000000
44667  -46.708  -25.810  38.424 0.0000000000
44685  -47.222  -25.693  37.993 0.0000000000
43863  -48.533  -26.500  36.997 0.0000000000
43864  -49.203  -27.078  36.570 0.0000000000
43062  -50.169  -28.425  35.631 0.0000000000
42276  -51.791  -28.682  34.249 0.0000000000
105807  -50.656  -18.873  32.350 0.0000000000
50299  -51.334  -19.421  33.912 0.0000000000
50286  -51.956  -19.746  34.490 0.0000000000
50274  -52.675  -19.937  34.408 0.0000000000
50275  -52.906  -20.039  34.311 0.0000000000
48317  -52.732  -21.179  31.819 0.0000000000
124983  -54.486  -19.098  33.215 0.0000000000
52988  -54.787  -16.535  33.013 0.0000000000
52996  -55.264  -16.498  32.165 0.0000000000
35194  -45.733  -36.561  39.756 0.0000000000
36880  -45.775  -35.807  39.345 0.0000000000
37647  -46.371  -35.017  38.842 0.0000000000
39130  -45.820  -33.381  39.535 0.0000000000
36860  -46.497  -35.349  41.829 0.0000000000
36861  -47.047  -34.906  41.339 0.0000000000
39116  -45.860  -33.329  42.122 0.0000000000
38356  -46.258  -33.929  41.682 0.0000000000
38367  -46.803  -33.878  40.797 0.0000000000
40638  -45.749  -30.763  40.392 0.0000000000
123952  -46.010  -29.872  40.659 0.0000000000
42992  -45.005  -27.476  40.041 0.0000000000
37624  -42.817  -35.088  40.890 0.0000000000
39120  -43.451  -34.120  40.474 0.0000000000
39112  -43.357  -33.233  41.267 0.0000000000
39121  -43.683  -33.367  40.290 0.0000000000
38377  -43.630  -32.807  39.771 0.0000000000
39128  -43.683  -32.269  39.557 0.0000000000
39901  -43.502  -31.233  39.413 0.0000000000
40644  -43.730  -30.401  39.536 0.0000000000
43805  -45.070  -27.874  38.800 0.0000000000
19894  -17.542  -53.840  36.445 0.0000000000
20797  -18.068  -52.840  39.271 0.0000000000
20811  -18.498  -52.737  39.040 0.0000000000
24431  -19.755  -49.417  39.062 0.0000000000
24433  -21.242  -49.674  39.067 0.0000000000
24441  -22.443  -49.523  38.529 0.0000000000
25367  -25.523  -48.201  38.270 0.0000000000
26268  -26.515  -47.635  40.680 0.0000000000
26284  -26.755  -47.478  40.102 0.0000000000
30142  -30.384  -43.682  40.412 0.0000000000
115187  -29.034  -43.965  40.458 0.0000000000
117048  -29.326  -44.170  40.979 0.0000000000
28214  -34.223  -46.006  42.875 0.0000000000
123689  -34.959  -47.169  42.710 0.0000000000
28205  -35.141  -45.380  43.314 0.0000000000
27202  -35.440  -46.503  43.045 0.0000000000
123010  -36.786  -42.155  42.105 0.0000000000
112939  -37.279  -41.653  42.008 0.0000000000
31895  -36.787  -41.358  42.947 0.0000000000
31878  -36.663  -41.657  44.219 0.0000000000
30989  -36.993  -42.011  44.411 0.0000000000
32715  -38.350  -40.031  43.719 0.0000000000
32708  -38.754  -40.259  43.979 0.0000000000
32707  -37.841  -40.513  44.125 0.0000000000
30117  -40.117  -43.257  42.380 0.0000000000
33512  -41.901  -39.604  41.314 0.0000000000
112767  -42.755  -40.130  40.965 0.0000000000
33521  -43.722  -40.357  40.968 0.0000000000
33546  -44.119  -38.905  37.544 0.0000000000
119035  -44.536  -37.836  38.950 0.0000000000
34328  -44.384  -38.108  38.323 0.0000000000
18961  -15.948  -55.950  38.059 0.0000000000
39141  -45.532  -32.242  37.752 0.0000000000
118871  -47.028  -27.132  38.661 0.0000000000
42996  -47.964  -27.697  38.826 0.0000000000
42228  -48.992  -28.699  38.534 0.0000000000
42997  -50.462  -27.893  39.527 0.0000000000
41436  -50.411  -29.166  39.654 0.0000000000
110485  -50.059  -29.225  39.180 0.0000000000
41455  -50.424  -29.430  39.157 0.0000000000
40661  -49.818  -30.206  37.234 0.0000000000
41468  -50.920  -29.247  37.566 0.0000000000
40663  -51.034  -29.875  37.420 0.0000000000
40662  -50.829  -30.061  37.422 0.0000000000
113626  -50.457  -30.334  37.217 0.0000000000
43087  -52.631  -27.743  33.231 0.0000000000
49284  -50.533  -20.860  33.400 0.0000000000
48298  -50.708  -21.618  33.520 0.0000000000
47334  -50.712  -22.402  32.990 0.0000000000
46413  -50.550  -22.836  32.638 0.0000000000
44742  -52.652  -25.845  33.229 0.0000000000
45593  -52.546  -25.020  33.525 0.0000000000
44725  -53.172  -25.721  33.832 0.0000000000
43074  -53.808  -27.175  34.705 0.0000000000
43076  -54.959  -28.033  33.705 0.0000000000
43889  -55.452  -27.159  33.921 0.0000000000
43088  -55.268  -27.856  33.465 0.0000000000
30103  -34.931  -43.134  43.758 0.0000000000
37613  -45.424  -34.041  43.234 0.0000000000
38365  -42.804  -33.811  41.387 0.0000000000
39094  -44.417  -32.042  43.285 0.0000000000
39107  -43.560  -32.097  42.642 0.0000000000
39862  -44.501  -31.563  43.173 0.0000000000
39887  -44.023  -32.044  41.679 0.0000000000
40688  -54.595  -30.374  35.401 0.0000000000
41447  -51.027  -29.294  39.988 0.0000000000
41457  -51.268  -29.041  39.897 0.0000000000
41470  -54.467  -29.770  36.324 0.0000000000
42209  -46.745  -28.257  39.144 0.0000000000
42211  -50.740  -28.612  40.008 0.0000000000
42995  -46.941  -27.731  38.761 0.0000000000
42998  -50.967  -28.087  40.036 0.0000000000
43014  -50.082  -27.741  38.918 0.0000000000
43036  -51.247  -28.315  39.703 0.0000000000
43792  -46.076  -27.340  38.760 0.0000000000
43793  -46.767  -27.298  38.659 0.0000000000
43794  -47.268  -27.340  38.771 0.0000000000
43795  -48.032  -27.240  38.772 0.0000000000
43828  -45.656  -26.144  38.534 0.0000000000
44656  -47.014  -26.265  38.629 0.0000000000
44668  -47.494  -26.033  38.581 0.0000000000
47342  -49.975  -22.441  32.339 0.0000000000
52126  -56.677  -16.799  31.021 0.0000000000
52981  -54.794  -16.717  32.985 0.0000000000
52986  -54.026  -16.937  33.465 0.0000000000
108566  -46.582  -34.763  42.015 0.0000000000
111523  -46.063  -37.523  38.852 0.0000000000
111900  -46.166  -34.481  42.591 0.0000000000
113290  -47.114  -27.802  38.842 0.0000000000
116571  -49.080  -26.885  37.406 0.0000000000
116583  -46.022  -26.921  38.650 0.0000000000
116668  -48.967  -27.750  38.533 0.0000000000
122016  -45.996  -27.768  39.523 0.0000000000
125428  -52.366  -19.824  34.495 0.0000000000
126376  -45.860  -36.659  42.280 0.0000000000
