#!ascii label  , from subject 001 vox2ras=TkReg
1259
76234  -41.438  10.622  17.647 0.0000000000
76334  -52.288  10.286  9.158 0.0000000000
80433  -48.452  15.421  19.069 0.0000000000
74544  -50.922  8.670  15.883 0.0000000000
73637  -48.927  8.758  24.963 0.0000000000
79606  -44.989  14.887  10.983 0.0000000000
85274  -49.459  22.881  10.303 0.0000000000
119543  -44.766  21.863  17.557 0.0000000000
71166  -41.799  4.778  26.451 0.0000000000
74527  -45.394  8.385  16.184 0.0000000000
76293  -47.471  10.819  12.511 0.0000000000
77886  -43.760  11.648  14.920 0.0000000000
81923  -52.733  17.011  21.193 0.0000000000
82641  -49.533  20.039  15.088 0.0000000000
85220  -52.436  22.304  16.056 0.0000000000
85244  -47.755  23.086  14.499 0.0000000000
85180  -49.767  22.055  19.751 0.0000000000
116949  -49.333  11.328  7.759 0.0000000000
79539  -39.722  14.856  19.326 0.0000000000
106219  -44.947  13.123  18.049 0.0000000000
118033  -55.333  9.840  19.593 0.0000000000
72839  -50.289  6.966  20.231 0.0000000000
72033  -44.468  5.466  19.795 0.0000000000
73645  -42.651  7.578  23.843 0.0000000000
78759  -50.133  14.131  9.503 0.0000000000
109876  -46.684  16.003  6.213 0.0000000000
113916  -46.239  16.015  14.780 0.0000000000
82672  -45.742  19.743  10.913 0.0000000000
83993  -45.935  20.658  3.970 0.0000000000
85288  -44.389  22.435  7.432 0.0000000000
105296  -42.945  23.150  11.580 0.0000000000
74518  -43.585  8.257  16.823 0.0000000000
75396  -44.648  9.751  14.845 0.0000000000
76241  -43.237  10.268  16.575 0.0000000000
83263  -54.261  19.614  21.281 0.0000000000
83275  -53.085  19.706  17.655 0.0000000000
125481  -51.917  21.147  19.339 0.0000000000
85197  -51.065  22.160  18.149 0.0000000000
76346  -50.969  11.376  8.114 0.0000000000
81206  -39.662  16.408  21.043 0.0000000000
80408  -42.576  16.193  19.916 0.0000000000
72821  -49.568  6.115  22.867 0.0000000000
72036  -47.286  5.414  19.617 0.0000000000
71997  -46.786  5.128  22.535 0.0000000000
72786  -43.487  6.918  25.511 0.0000000000
75334  -38.084  9.197  21.950 0.0000000000
76222  -36.984  10.613  19.912 0.0000000000
107100  -35.997  9.941  22.853 0.0000000000
76261  -51.711  9.389  13.868 0.0000000000
113233  -45.730  11.815  11.387 0.0000000000
77088  -48.107  12.044  10.453 0.0000000000
77930  -47.152  13.113  9.518 0.0000000000
79621  -48.108  15.338  7.779 0.0000000000
80488  -45.230  15.484  8.942 0.0000000000
79556  -46.424  14.431  18.241 0.0000000000
78717  -46.193  13.621  16.771 0.0000000000
80442  -47.801  15.816  17.373 0.0000000000
83941  -50.162  20.965  12.597 0.0000000000
83311  -48.112  19.900  13.195 0.0000000000
83956  -47.713  21.403  10.769 0.0000000000
83355  -46.319  20.219  7.019 0.0000000000
84605  -48.477  22.186  6.922 0.0000000000
85993  -45.186  23.380  4.368 0.0000000000
86626  -47.720  24.325  8.927 0.0000000000
84546  -45.914  22.007  16.100 0.0000000000
123399  -45.059  24.097  12.304 0.0000000000
118399  -43.623  22.581  14.789 0.0000000000
120834  -41.345  23.416  12.251 0.0000000000
85227  -42.280  22.377  15.818 0.0000000000
74530  -48.316  8.578  16.199 0.0000000000
114263  -49.128  9.112  14.633 0.0000000000
75398  -46.497  9.140  14.270 0.0000000000
76290  -44.871  10.842  13.002 0.0000000000
77898  -43.853  12.930  12.452 0.0000000000
81225  -50.803  16.241  19.726 0.0000000000
81934  -49.395  17.183  17.457 0.0000000000
117188  -51.553  18.473  17.677 0.0000000000
83919  -52.699  21.010  14.820 0.0000000000
110533  -50.758  22.823  13.730 0.0000000000
85935  -49.061  24.498  12.669 0.0000000000
85233  -49.874  22.995  15.426 0.0000000000
84536  -48.176  22.166  16.895 0.0000000000
85178  -47.304  22.185  19.185 0.0000000000
77951  -47.318  13.133  6.151 0.0000000000
77868  -41.254  12.852  17.797 0.0000000000
77870  -43.474  12.413  17.714 0.0000000000
79553  -43.224  14.173  18.206 0.0000000000
80424  -45.213  15.528  19.665 0.0000000000
105720  -47.044  15.698  20.800 0.0000000000
80376  -46.735  16.257  23.056 0.0000000000
81210  -48.482  16.714  21.381 0.0000000000
74522  -53.444  8.745  17.541 0.0000000000
73690  -53.836  7.220  19.387 0.0000000000
73714  -50.202  7.609  17.752 0.0000000000
72877  -47.898  6.710  17.783 0.0000000000
72874  -45.103  6.904  17.813 0.0000000000
73603  -48.414  8.405  26.717 0.0000000000
114997  -44.917  5.234  27.214 0.0000000000
73600  -45.990  7.152  25.868 0.0000000000
73648  -45.739  7.067  24.406 0.0000000000
72008  -42.910  4.939  22.194 0.0000000000
75355  -40.015  9.206  18.590 0.0000000000
77926  -54.409  11.533  10.195 0.0000000000
77052  -49.985  10.517  12.592 0.0000000000
121950  -50.704  12.869  10.979 0.0000000000
78769  -51.862  13.440  9.336 0.0000000000
79633  -50.663  14.782  8.173 0.0000000000
126002  -48.609  15.321  6.109 0.0000000000
112155  -46.783  15.637  5.829 0.0000000000
77877  -44.683  12.529  17.140 0.0000000000
79566  -44.729  14.245  14.985 0.0000000000
124157  -44.504  15.782  13.310 0.0000000000
81942  -47.740  18.122  16.105 0.0000000000
81968  -45.956  18.222  12.865 0.0000000000
81981  -44.437  17.727  10.558 0.0000000000
82687  -44.663  18.384  7.705 0.0000000000
82012  -46.072  17.837  5.145 0.0000000000
81320  -45.254  16.182  2.968 0.0000000000
86599  -46.574  24.300  11.133 0.0000000000
85954  -44.238  22.823  9.877 0.0000000000
84590  -41.486  21.241  9.234 0.0000000000
85264  -41.132  22.427  10.917 0.0000000000
84566  -40.399  22.165  11.953 0.0000000000
75365  -42.403  9.559  17.047 0.0000000000
126674  -43.431  9.521  16.444 0.0000000000
76236  -42.846  10.438  16.958 0.0000000000
84499  -53.513  20.889  20.113 0.0000000000
85183  -52.212  22.100  19.927 0.0000000000
116355  -51.483  10.602  8.643 0.0000000000
72809  -49.196  6.682  23.812 0.0000000000
71999  -48.689  5.729  22.594 0.0000000000
119049  -47.894  6.962  24.085 0.0000000000
75318  -38.024  8.864  23.711 0.0000000000
75326  -37.376  9.154  22.572 0.0000000000
75375  -51.848  9.178  15.762 0.0000000000
75402  -51.124  8.767  14.462 0.0000000000
77918  -45.006  13.115  10.876 0.0000000000
77920  -46.716  12.616  10.228 0.0000000000
78746  -45.674  13.586  10.365 0.0000000000
79615  -46.468  14.482  8.739 0.0000000000
80481  -45.178  15.163  10.140 0.0000000000
79548  -48.011  15.168  19.041 0.0000000000
79561  -46.869  14.919  18.022 0.0000000000
80438  -48.075  15.547  18.052 0.0000000000
84575  -49.784  21.778  11.878 0.0000000000
84567  -48.958  21.425  12.187 0.0000000000
84584  -49.062  22.204  10.278 0.0000000000
115569  -48.954  21.756  8.568 0.0000000000
85289  -49.483  22.270  8.291 0.0000000000
85975  -49.090  23.278  7.519 0.0000000000
85957  -49.557  23.984  8.999 0.0000000000
117425  -45.041  21.766  16.393 0.0000000000
85242  -45.012  22.838  14.656 0.0000000000
84544  -43.668  21.930  16.090 0.0000000000
85240  -42.804  22.826  14.893 0.0000000000
84531  -43.175  21.785  16.853 0.0000000000
73721  -46.903  7.975  16.798 0.0000000000
74541  -47.632  9.041  15.769 0.0000000000
74540  -46.431  8.961  15.605 0.0000000000
76256  -43.533  10.841  15.053 0.0000000000
76258  -44.961  9.880  13.978 0.0000000000
77044  -43.940  11.258  14.227 0.0000000000
116011  -44.177  12.127  12.407 0.0000000000
77893  -43.869  12.587  13.169 0.0000000000
117095  -52.224  16.013  20.746 0.0000000000
81930  -51.387  17.201  18.974 0.0000000000
81931  -52.035  17.669  19.243 0.0000000000
84537  -52.764  21.470  16.785 0.0000000000
83915  -52.749  20.802  16.266 0.0000000000
84550  -53.284  21.919  15.225 0.0000000000
84556  -52.328  22.468  14.253 0.0000000000
84548  -52.304  23.037  14.409 0.0000000000
85246  -51.175  23.216  14.265 0.0000000000
85234  -51.265  23.045  15.419 0.0000000000
114341  -50.329  22.010  19.023 0.0000000000
85208  -49.823  22.355  17.155 0.0000000000
84508  -49.176  21.840  18.986 0.0000000000
123352  -47.501  21.922  18.385 0.0000000000
84497  -48.101  21.935  19.217 0.0000000000
77116  -48.516  12.066  7.291 0.0000000000
78701  -40.517  13.328  18.135 0.0000000000
118883  -41.796  13.945  18.039 0.0000000000
79541  -41.509  14.691  18.830 0.0000000000
80409  -44.027  16.433  20.353 0.0000000000
125512  -44.071  16.426  19.587 0.0000000000
80410  -44.927  16.020  20.471 0.0000000000
80425  -45.930  15.285  19.509 0.0000000000
107930  -46.284  15.991  20.961 0.0000000000
81180  -46.324  16.833  24.258 0.0000000000
80389  -47.870  16.438  21.709 0.0000000000
81199  -48.415  16.861  22.011 0.0000000000
81200  -49.610  17.322  21.783 0.0000000000
82590  -49.413  17.755  22.277 0.0000000000
75369  -54.467  9.656  17.794 0.0000000000
74513  -54.564  9.281  18.693 0.0000000000
73673  -53.398  7.756  20.933 0.0000000000
109793  -51.814  7.436  19.797 0.0000000000
73701  -52.075  7.841  18.753 0.0000000000
73700  -50.462  7.442  19.074 0.0000000000
73699  -49.658  6.985  18.078 0.0000000000
72869  -49.192  6.443  18.555 0.0000000000
114644  -45.939  5.215  20.055 0.0000000000
72851  -45.965  6.154  19.092 0.0000000000
72850  -45.058  6.070  19.075 0.0000000000
71168  -43.540  4.975  26.703 0.0000000000
72787  -44.411  7.229  25.504 0.0000000000
73631  -44.048  7.811  24.667 0.0000000000
73633  -45.543  7.196  24.850 0.0000000000
72804  -44.426  7.114  23.934 0.0000000000
72818  -44.819  6.549  23.484 0.0000000000
71982  -43.190  6.276  23.413 0.0000000000
76229  -39.321  10.713  18.661 0.0000000000
112113  -37.932  9.966  18.976 0.0000000000
76321  -55.495  10.973  9.685 0.0000000000
75414  -47.795  9.674  13.318 0.0000000000
76277  -49.492  9.905  12.992 0.0000000000
76294  -48.352  10.807  12.600 0.0000000000
77922  -48.940  12.736  10.556 0.0000000000
77908  -49.757  12.789  11.169 0.0000000000
77923  -50.410  13.441  10.262 0.0000000000
78749  -51.310  13.879  9.779 0.0000000000
79608  -51.005  14.457  9.626 0.0000000000
78777  -51.554  13.552  8.131 0.0000000000
79624  -50.502  15.123  8.940 0.0000000000
79631  -47.205  15.274  7.305 0.0000000000
123849  -49.027  15.629  7.389 0.0000000000
105764  -47.135  15.439  6.264 0.0000000000
79640  -48.221  14.940  5.788 0.0000000000
108537  -46.682  16.127  5.428 0.0000000000
111244  -43.947  12.657  17.723 0.0000000000
77032  -44.167  12.039  17.385 0.0000000000
122915  -45.284  12.783  17.523 0.0000000000
80444  -46.302  14.924  15.786 0.0000000000
79567  -45.656  14.252  15.608 0.0000000000
79577  -45.256  14.874  14.888 0.0000000000
80452  -44.877  15.354  13.897 0.0000000000
80463  -45.366  16.019  13.996 0.0000000000
82616  -49.667  18.640  16.249 0.0000000000
81943  -48.862  17.456  16.748 0.0000000000
109113  -49.417  19.217  15.529 0.0000000000
83327  -46.617  19.793  11.525 0.0000000000
106234  -46.804  18.913  12.704 0.0000000000
82664  -46.066  19.039  11.655 0.0000000000
81976  -45.136  17.957  11.929 0.0000000000
82662  -44.694  18.574  10.804 0.0000000000
81985  -44.357  17.610  9.451 0.0000000000
83339  -44.674  19.135  9.491 0.0000000000
117699  -46.269  20.159  4.919 0.0000000000
83360  -45.963  19.413  6.527 0.0000000000
83366  -45.859  19.382  4.807 0.0000000000
82020  -45.975  17.499  3.751 0.0000000000
82714  -45.349  18.959  3.543 0.0000000000
82026  -45.052  17.676  2.801 0.0000000000
83380  -45.067  19.596  3.292 0.0000000000
85979  -45.120  23.537  5.460 0.0000000000
85309  -43.988  21.732  4.160 0.0000000000
110175  -48.558  24.252  13.301 0.0000000000
86600  -47.770  24.540  11.408 0.0000000000
126347  -47.172  24.194  12.503 0.0000000000
85930  -43.790  23.548  11.840 0.0000000000
104862  -44.686  23.733  10.851 0.0000000000
85947  -44.198  22.815  10.879 0.0000000000
112960  -42.847  21.947  9.653 0.0000000000
85272  -42.669  22.497  10.591 0.0000000000
84582  -41.468  21.679  10.189 0.0000000000
85271  -41.782  22.528  10.636 0.0000000000
85915  -40.889  23.758  12.958 0.0000000000
112748  -40.528  23.590  12.211 0.0000000000
85927  -39.670  24.049  12.539 0.0000000000
85257  -39.541  23.017  12.499 0.0000000000
73718  -44.226  7.822  16.760 0.0000000000
74538  -44.993  8.844  15.738 0.0000000000
107209  -43.758  9.043  16.301 0.0000000000
75383  -43.696  9.731  16.009 0.0000000000
77038  -43.661  11.265  15.865 0.0000000000
82607  -53.321  18.868  18.920 0.0000000000
83267  -54.011  19.730  19.783 0.0000000000
84509  -51.970  20.861  18.644 0.0000000000
84524  -52.244  21.517  17.693 0.0000000000
85209  -51.784  22.071  17.205 0.0000000000
104923  -51.687  21.840  19.047 0.0000000000
85182  -51.674  22.112  19.551 0.0000000000
77117  -50.375  11.924  7.893 0.0000000000
80419  -39.938  15.589  19.651 0.0000000000
80420  -40.874  15.216  19.633 0.0000000000
80406  -40.539  15.857  20.225 0.0000000000
72838  -50.065  6.421  20.959 0.0000000000
72038  -49.054  5.916  19.924 0.0000000000
72013  -48.542  5.490  21.518 0.0000000000
125457  -47.156  4.717  20.897 0.0000000000
72010  -45.568  4.692  21.472 0.0000000000
71957  -42.625  5.534  26.271 0.0000000000
73614  -40.947  7.707  24.642 0.0000000000
74497  -38.182  8.773  20.281 0.0000000000
75348  -37.431  9.877  19.573 0.0000000000
75341  -37.714  9.159  20.912 0.0000000000
75332  -36.415  9.961  21.415 0.0000000000
76305  -46.594  10.976  12.164 0.0000000000
77063  -48.092  11.320  12.064 0.0000000000
77087  -47.156  11.944  10.606 0.0000000000
77921  -47.561  12.539  10.019 0.0000000000
77931  -48.009  13.231  9.457 0.0000000000
78767  -49.157  15.171  8.703 0.0000000000
78765  -47.298  14.512  8.409 0.0000000000
79620  -47.019  14.924  7.952 0.0000000000
80495  -46.255  15.867  7.260 0.0000000000
79555  -45.689  13.555  18.088 0.0000000000
78708  -45.387  13.043  17.446 0.0000000000
125693  -46.484  14.243  17.682 0.0000000000
79564  -46.794  14.740  17.391 0.0000000000
80445  -46.831  15.607  15.925 0.0000000000
83305  -49.956  20.647  14.544 0.0000000000
83304  -49.238  20.234  14.267 0.0000000000
83321  -48.884  20.222  12.915 0.0000000000
83947  -47.767  21.490  12.075 0.0000000000
124638  -47.099  20.896  10.658 0.0000000000
83341  -46.271  19.775  8.879 0.0000000000
83963  -47.504  20.815  8.918 0.0000000000
83977  -47.452  21.596  6.918 0.0000000000
84611  -46.869  21.906  5.493 0.0000000000
85323  -45.718  21.785  3.722 0.0000000000
85302  -46.993  22.584  6.053 0.0000000000
85973  -47.354  23.424  6.976 0.0000000000
85964  -45.977  23.135  7.982 0.0000000000
106398  -46.876  22.441  14.833 0.0000000000
85920  -46.329  23.510  13.476 0.0000000000
85907  -45.716  23.261  14.034 0.0000000000
85906  -44.818  23.316  13.779 0.0000000000
105669  -42.926  23.429  12.284 0.0000000000
85929  -42.114  22.909  12.051 0.0000000000
85905  -42.492  23.401  14.031 0.0000000000
122142  -41.666  23.640  13.769 0.0000000000
114294  -40.880  23.751  14.035 0.0000000000
74531  -49.326  8.434  16.323 0.0000000000
75388  -49.514  8.974  15.192 0.0000000000
118129  -48.291  9.025  15.639 0.0000000000
75399  -47.589  9.276  14.242 0.0000000000
75413  -46.895  9.322  13.395 0.0000000000
75397  -45.548  9.313  14.451 0.0000000000
75412  -45.889  9.478  13.622 0.0000000000
76291  -45.763  10.725  12.619 0.0000000000
77062  -45.740  11.319  11.934 0.0000000000
77905  -44.394  12.744  11.641 0.0000000000
125013  -44.479  13.560  11.388 0.0000000000
80435  -49.517  16.341  19.447 0.0000000000
81230  -49.335  16.228  18.630 0.0000000000
81231  -49.999  16.730  19.099 0.0000000000
81935  -49.841  17.845  17.936 0.0000000000
82618  -50.800  19.238  16.334 0.0000000000
83274  -52.906  19.451  17.328 0.0000000000
83284  -51.619  19.938  16.131 0.0000000000
83296  -50.917  20.092  15.006 0.0000000000
83925  -50.369  21.137  14.261 0.0000000000
84561  -50.623  21.802  12.985 0.0000000000
85260  -50.277  22.960  12.346 0.0000000000
127131  -49.590  23.906  11.225 0.0000000000
121414  -50.162  23.554  12.913 0.0000000000
85908  -48.923  23.731  14.004 0.0000000000
85245  -48.723  23.120  14.772 0.0000000000
106174  -50.632  22.573  16.466 0.0000000000
85217  -48.826  22.514  16.228 0.0000000000
85232  -47.727  22.532  15.214 0.0000000000
84547  -46.818  22.176  15.708 0.0000000000
84521  -46.256  21.663  17.465 0.0000000000
84506  -45.939  21.826  18.124 0.0000000000
77026  -41.523  11.608  17.660 0.0000000000
77030  -42.066  11.353  17.406 0.0000000000
108387  -42.021  12.467  17.644 0.0000000000
78704  -43.561  13.096  17.836 0.0000000000
119721  -44.103  13.710  18.000 0.0000000000
80422  -43.069  16.021  19.276 0.0000000000
79543  -43.618  15.356  18.740 0.0000000000
79544  -45.333  13.966  18.652 0.0000000000
79545  -45.911  14.480  18.751 0.0000000000
79547  -47.400  15.274  18.834 0.0000000000
80426  -47.954  15.330  19.779 0.0000000000
111381  -45.183  16.485  21.801 0.0000000000
80398  -46.767  15.875  21.535 0.0000000000
80400  -48.011  16.383  20.958 0.0000000000
80415  -48.822  16.061  20.182 0.0000000000
80416  -50.146  16.857  20.721 0.0000000000
81201  -50.995  17.173  21.436 0.0000000000
81213  -51.902  16.323  21.858 0.0000000000
75367  -53.136  8.940  16.780 0.0000000000
74534  -52.332  8.649  16.734 0.0000000000
74490  -54.540  9.163  21.099 0.0000000000
116101  -54.787  8.909  19.375 0.0000000000
73702  -53.419  7.695  18.582 0.0000000000
122186  -52.070  8.058  17.975 0.0000000000
108970  -50.614  8.068  17.139 0.0000000000
73723  -48.800  8.037  16.841 0.0000000000
73712  -48.361  7.327  17.247 0.0000000000
73710  -46.465  7.345  17.300 0.0000000000
72853  -47.761  5.991  19.090 0.0000000000
72866  -46.446  6.472  18.484 0.0000000000
73709  -45.522  7.342  17.248 0.0000000000
73707  -43.804  7.458  17.201 0.0000000000
71941  -46.086  5.921  27.205 0.0000000000
125646  -44.236  6.210  26.641 0.0000000000
72754  -45.306  6.333  26.674 0.0000000000
72756  -46.802  7.305  26.926 0.0000000000
107043  -47.548  8.574  26.555 0.0000000000
74445  -47.319  8.768  25.825 0.0000000000
73650  -47.538  7.827  24.459 0.0000000000
72806  -46.312  6.687  23.833 0.0000000000
106693  -44.971  5.095  22.350 0.0000000000
71196  -43.581  4.735  21.369 0.0000000000
75356  -40.818  9.745  18.096 0.0000000000
76230  -40.105  10.717  18.525 0.0000000000
77024  -39.806  11.455  18.505 0.0000000000
77863  -39.047  13.228  18.923 0.0000000000
79538  -38.902  14.250  19.422 0.0000000000
74583  -54.366  9.456  10.131 0.0000000000
108543  -54.911  10.298  9.308 0.0000000000
76335  -53.175  10.996  9.226 0.0000000000
75401  -49.920  9.054  14.404 0.0000000000
76278  -50.362  9.902  12.919 0.0000000000
77064  -49.070  11.212  11.992 0.0000000000
77079  -50.372  12.273  11.757 0.0000000000
77899  -51.781  12.120  12.025 0.0000000000
77924  -52.732  12.550  10.616 0.0000000000
77933  -52.579  12.605  9.914 0.0000000000
113599  -52.031  11.161  8.848 0.0000000000
77939  -51.755  12.868  8.163 0.0000000000
77947  -51.324  12.956  7.849 0.0000000000
78775  -49.867  13.665  7.192 0.0000000000
80497  -49.376  15.548  8.117 0.0000000000
79642  -49.525  14.615  6.790 0.0000000000
78785  -49.192  14.033  6.362 0.0000000000
77952  -48.389  13.871  6.041 0.0000000000
78784  -47.245  14.216  5.907 0.0000000000
79651  -46.059  14.966  5.228 0.0000000000
110083  -43.604  11.734  17.467 0.0000000000
77035  -44.131  11.818  16.715 0.0000000000
77039  -44.001  12.083  15.746 0.0000000000
78712  -45.951  13.242  16.985 0.0000000000
77879  -44.440  12.902  15.763 0.0000000000
78724  -44.410  13.481  14.911 0.0000000000
78730  -44.416  13.904  14.034 0.0000000000
79594  -43.962  14.478  12.557 0.0000000000
113738  -44.183  15.301  12.232 0.0000000000
81238  -48.396  16.505  16.989 0.0000000000
81242  -48.057  17.258  16.516 0.0000000000
81953  -46.989  17.714  15.220 0.0000000000
83303  -48.012  19.952  14.232 0.0000000000
82639  -46.933  18.967  14.494 0.0000000000
81258  -45.929  17.426  13.759 0.0000000000
81961  -45.374  17.487  13.134 0.0000000000
81271  -44.522  16.781  12.128 0.0000000000
80480  -44.515  15.761  11.008 0.0000000000
120348  -44.265  16.949  10.182 0.0000000000
81996  -45.378  16.921  6.690 0.0000000000
83353  -45.157  19.247  7.470 0.0000000000
82693  -45.056  18.546  6.501 0.0000000000
81300  -45.896  16.845  5.900 0.0000000000
81307  -46.607  16.832  4.957 0.0000000000
80528  -45.724  15.379  3.829 0.0000000000
84620  -44.163  21.337  3.669 0.0000000000
86611  -48.857  24.439  10.300 0.0000000000
109606  -47.316  24.305  9.913 0.0000000000
85955  -45.528  23.462  9.112 0.0000000000
85932  -45.749  24.111  12.093 0.0000000000
85948  -45.107  24.290  10.426 0.0000000000
85280  -44.229  22.713  8.658 0.0000000000
85286  -42.587  21.421  7.442 0.0000000000
84602  -41.745  20.601  7.365 0.0000000000
83967  -40.243  20.352  8.044 0.0000000000
85928  -41.338  23.171  11.638 0.0000000000
108865  -40.707  22.675  11.489 0.0000000000
85877  -45.169  23.129  18.933 0.0000000000
85192  -43.777  22.904  17.800 0.0000000000
85205  -42.414  22.166  17.427 0.0000000000
85215  -41.723  22.486  16.663 0.0000000000
85897  -40.258  23.840  15.528 0.0000000000
76235  -42.118  10.556  17.168 0.0000000000
73638  -49.953  8.566  24.963 0.0000000000
73652  -49.568  7.636  24.321 0.0000000000
72808  -48.467  6.632  23.851 0.0000000000
73651  -48.524  7.591  24.362 0.0000000000
74472  -37.642  8.741  23.872 0.0000000000
75390  -51.405  8.968  15.272 0.0000000000
75389  -50.396  8.821  15.217 0.0000000000
78745  -45.065  13.987  10.928 0.0000000000
79607  -45.525  14.363  10.203 0.0000000000
79558  -47.781  15.327  18.478 0.0000000000
111593  -49.344  22.348  11.169 0.0000000000
84574  -49.092  21.863  11.460 0.0000000000
85281  -49.500  22.518  9.205 0.0000000000
85967  -49.668  23.143  8.571 0.0000000000
85958  -49.556  23.450  9.502 0.0000000000
113193  -44.833  21.584  17.092 0.0000000000
84545  -44.467  21.944  15.928 0.0000000000
84532  -44.185  21.806  16.624 0.0000000000
84519  -43.902  21.981  17.251 0.0000000000
73720  -45.950  7.874  16.728 0.0000000000
74528  -46.384  8.522  16.168 0.0000000000
112396  -43.938  12.146  14.068 0.0000000000
81926  -52.295  17.324  20.164 0.0000000000
85221  -52.882  21.969  15.991 0.0000000000
107739  -52.945  21.399  15.985 0.0000000000
85236  -53.051  22.460  15.369 0.0000000000
84549  -53.114  22.441  14.608 0.0000000000
85235  -52.576  22.931  15.288 0.0000000000
85179  -48.717  22.162  19.796 0.0000000000
78697  -39.856  13.906  18.869 0.0000000000
79551  -40.862  14.086  18.358 0.0000000000
79540  -40.484  14.639  19.086 0.0000000000
80397  -45.497  16.212  21.131 0.0000000000
81191  -48.284  16.976  22.879 0.0000000000
81916  -49.020  17.420  22.122 0.0000000000
76225  -55.841  9.793  19.073 0.0000000000
75358  -54.847  9.562  18.479 0.0000000000
125168  -55.252  9.724  19.045 0.0000000000
73688  -50.749  7.404  19.763 0.0000000000
72856  -50.085  7.019  19.596 0.0000000000
72870  -49.898  6.951  18.880 0.0000000000
72855  -49.481  6.460  19.385 0.0000000000
72034  -45.506  5.561  19.616 0.0000000000
118863  -44.141  6.111  19.022 0.0000000000
118890  -43.604  5.878  19.619 0.0000000000
71167  -42.701  5.025  26.632 0.0000000000
117540  -43.399  7.598  24.527 0.0000000000
108534  -43.469  7.640  24.241 0.0000000000
73646  -44.198  7.499  24.315 0.0000000000
72803  -43.543  7.199  23.838 0.0000000000
74504  -38.809  8.516  19.240 0.0000000000
75349  -38.377  9.288  19.126 0.0000000000
77901  -53.239  11.768  11.500 0.0000000000
76275  -47.916  10.380  12.869 0.0000000000
76276  -48.592  9.968  13.015 0.0000000000
77932  -48.997  13.640  9.821 0.0000000000
110777  -49.653  13.384  10.348 0.0000000000
78748  -50.989  14.243  9.661 0.0000000000
78760  -50.737  14.725  9.321 0.0000000000
79616  -50.021  15.161  8.930 0.0000000000
80505  -47.097  15.392  6.702 0.0000000000
80506  -48.025  15.650  6.943 0.0000000000
77871  -44.676  12.746  17.508 0.0000000000
80454  -46.282  15.441  15.303 0.0000000000
79578  -45.936  14.802  15.411 0.0000000000
80453  -45.714  15.510  14.711 0.0000000000
82627  -49.783  19.347  15.637 0.0000000000
81944  -49.364  18.514  16.229 0.0000000000
83319  -47.041  19.276  12.182 0.0000000000
82671  -45.316  19.061  11.095 0.0000000000
83335  -44.881  19.376  10.231 0.0000000000
83336  -45.863  19.894  9.924 0.0000000000
83987  -46.359  20.746  4.349 0.0000000000
83367  -45.846  20.137  4.296 0.0000000000
83373  -45.635  19.343  4.123 0.0000000000
83381  -45.356  19.712  3.632 0.0000000000
83374  -45.585  20.293  3.793 0.0000000000
85294  -44.481  22.610  6.280 0.0000000000
110300  -43.927  22.104  5.952 0.0000000000
122735  -43.685  22.073  6.755 0.0000000000
122746  -47.788  23.731  13.763 0.0000000000
85934  -47.609  24.168  13.012 0.0000000000
120176  -47.028  23.659  13.407 0.0000000000
85940  -44.027  23.149  11.343 0.0000000000
85946  -43.053  22.814  11.140 0.0000000000
125330  -43.411  22.576  10.889 0.0000000000
85266  -42.153  22.843  10.971 0.0000000000
74526  -44.409  8.475  16.237 0.0000000000
76248  -43.570  10.500  16.010 0.0000000000
82603  -54.091  19.142  20.195 0.0000000000
83265  -54.332  19.674  20.459 0.0000000000
84498  -52.618  21.300  19.962 0.0000000000
83895  -52.520  20.625  19.473 0.0000000000
122030  -51.732  21.452  18.722 0.0000000000
85199  -51.518  21.577  17.796 0.0000000000
120471  -52.102  21.717  19.615 0.0000000000
85171  -52.612  22.518  20.665 0.0000000000
85170  -51.250  22.505  20.375 0.0000000000
113230  -51.053  10.081  8.461 0.0000000000
76332  -50.784  10.504  8.258 0.0000000000
80405  -39.551  16.123  20.385 0.0000000000
81216  -40.184  16.292  20.758 0.0000000000
72822  -50.327  6.638  22.542 0.0000000000
125432  -50.000  6.299  21.878 0.0000000000
72014  -49.364  5.990  21.696 0.0000000000
71998  -47.771  5.399  22.563 0.0000000000
72012  -47.596  4.916  21.519 0.0000000000
72011  -46.529  4.681  21.431 0.0000000000
74481  -39.301  8.389  22.813 0.0000000000
74480  -38.693  8.886  22.367 0.0000000000
74488  -39.171  8.519  21.790 0.0000000000
74487  -38.537  8.977  21.385 0.0000000000
75325  -36.595  9.525  22.408 0.0000000000
76217  -35.947  10.145  22.079 0.0000000000
77075  -46.631  11.463  11.379 0.0000000000
77907  -46.229  12.194  10.917 0.0000000000
78747  -46.411  13.298  9.924 0.0000000000
78757  -47.613  13.836  8.899 0.0000000000
118634  -46.806  13.783  9.128 0.0000000000
79614  -45.739  14.689  9.248 0.0000000000
79619  -46.155  15.174  8.181 0.0000000000
124172  -45.669  15.586  8.061 0.0000000000
78709  -45.804  13.487  17.776 0.0000000000
79560  -46.403  14.240  17.954 0.0000000000
80437  -47.354  15.300  17.870 0.0000000000
80441  -47.161  15.405  16.957 0.0000000000
79569  -46.621  14.778  16.457 0.0000000000
83313  -49.773  20.683  13.687 0.0000000000
83933  -49.749  20.483  12.959 0.0000000000
83948  -48.534  21.752  11.377 0.0000000000
83946  -47.168  20.682  11.317 0.0000000000
116692  -47.005  21.221  9.972 0.0000000000
84599  -48.985  21.958  7.777 0.0000000000
113668  -48.207  21.750  7.534 0.0000000000
83982  -46.953  21.615  6.043 0.0000000000
84612  -47.509  22.116  6.291 0.0000000000
85311  -46.558  22.580  4.942 0.0000000000
85303  -48.021  22.528  6.506 0.0000000000
85965  -48.594  24.015  7.984 0.0000000000
85974  -48.262  23.576  7.121 0.0000000000
114396  -47.576  23.905  7.810 0.0000000000
85972  -46.394  23.163  6.880 0.0000000000
125289  -46.814  23.564  7.622 0.0000000000
85231  -46.153  22.322  15.388 0.0000000000
85243  -45.963  22.674  14.750 0.0000000000
118543  -44.159  22.772  14.295 0.0000000000
85251  -43.962  23.412  13.512 0.0000000000
105637  -43.800  23.683  12.609 0.0000000000
85917  -43.103  23.497  13.245 0.0000000000
85241  -43.369  23.117  14.141 0.0000000000
85239  -41.743  23.070  14.866 0.0000000000
74542  -48.991  8.770  15.696 0.0000000000
75386  -47.007  9.199  15.191 0.0000000000
75387  -47.924  9.290  15.167 0.0000000000
75384  -44.344  9.368  15.652 0.0000000000
75385  -45.243  9.226  15.229 0.0000000000
76272  -44.542  10.674  13.669 0.0000000000
76273  -45.320  10.175  13.239 0.0000000000
76274  -46.281  9.994  12.988 0.0000000000
77061  -44.910  11.363  12.469 0.0000000000
78738  -43.913  13.622  12.076 0.0000000000
80429  -50.105  16.504  20.080 0.0000000000
81936  -50.808  17.977  18.220 0.0000000000
82610  -50.603  18.485  17.206 0.0000000000
83269  -53.224  19.495  18.599 0.0000000000
82612  -53.103  19.109  18.054 0.0000000000
83298  -52.366  20.640  15.712 0.0000000000
83285  -52.520  19.994  16.590 0.0000000000
83297  -51.714  20.369  15.230 0.0000000000
82629  -50.943  19.814  15.645 0.0000000000
83306  -50.865  20.526  14.620 0.0000000000
83307  -51.774  20.723  14.694 0.0000000000
84555  -50.888  22.134  14.166 0.0000000000
84562  -50.500  22.127  12.510 0.0000000000
85253  -50.569  22.884  12.906 0.0000000000
85909  -49.943  23.221  14.150 0.0000000000
120955  -49.650  23.138  14.840 0.0000000000
105242  -50.813  22.244  17.192 0.0000000000
85207  -48.943  22.364  17.044 0.0000000000
84535  -47.725  22.153  16.175 0.0000000000
121344  -46.691  21.753  18.049 0.0000000000
85195  -46.552  22.233  18.733 0.0000000000
77115  -47.628  11.755  6.923 0.0000000000
111303  -41.152  12.172  17.788 0.0000000000
79552  -42.319  14.270  18.315 0.0000000000
78703  -42.635  13.527  17.919 0.0000000000
80407  -41.502  15.719  20.205 0.0000000000
80421  -41.951  15.512  19.501 0.0000000000
81229  -44.248  16.238  19.357 0.0000000000
80423  -43.930  16.242  19.191 0.0000000000
80432  -44.580  15.316  18.956 0.0000000000
126437  -45.426  14.805  19.128 0.0000000000
80412  -46.515  15.587  20.086 0.0000000000
79546  -46.617  15.275  19.048 0.0000000000
79536  -47.288  15.485  19.808 0.0000000000
80413  -47.713  15.789  20.536 0.0000000000
118550  -46.652  16.463  23.995 0.0000000000
80386  -45.834  16.318  22.556 0.0000000000
114124  -46.069  16.259  21.675 0.0000000000
80387  -46.736  16.035  22.127 0.0000000000
80414  -48.338  15.886  20.319 0.0000000000
80401  -48.649  16.488  20.814 0.0000000000
80402  -49.355  16.689  20.800 0.0000000000
118857  -50.378  17.506  21.716 0.0000000000
81212  -50.048  17.227  21.326 0.0000000000
124989  -50.922  17.419  21.658 0.0000000000
81918  -51.012  17.648  21.785 0.0000000000
76244  -55.854  10.268  16.809 0.0000000000
75357  -54.093  9.494  18.125 0.0000000000
75368  -53.892  9.582  17.197 0.0000000000
74521  -52.653  8.321  17.315 0.0000000000
73681  -53.912  6.946  20.169 0.0000000000
74499  -54.185  8.190  20.517 0.0000000000
73682  -54.449  7.880  19.681 0.0000000000
74500  -54.730  8.771  20.094 0.0000000000
74505  -54.279  8.228  18.927 0.0000000000
121439  -50.740  7.690  18.470 0.0000000000
73715  -51.408  7.910  18.304 0.0000000000
120381  -50.937  7.855  17.814 0.0000000000
74520  -51.582  8.177  17.284 0.0000000000
74519  -49.725  8.067  17.015 0.0000000000
72878  -48.832  6.684  17.793 0.0000000000
73711  -47.405  7.355  17.287 0.0000000000
72876  -46.927  6.845  17.876 0.0000000000
72037  -48.219  5.556  19.733 0.0000000000
72854  -48.702  6.024  19.167 0.0000000000
72865  -45.566  6.497  18.469 0.0000000000
72875  -46.019  6.841  17.833 0.0000000000
73708  -44.613  7.364  17.204 0.0000000000
72873  -44.190  6.926  17.722 0.0000000000
74440  -48.031  8.984  26.494 0.0000000000
71150  -45.668  4.753  27.446 0.0000000000
112645  -46.525  5.046  27.441 0.0000000000
71940  -45.389  5.898  27.082 0.0000000000
71973  -42.400  6.231  25.468 0.0000000000
72768  -43.290  6.248  26.103 0.0000000000
114811  -45.068  6.820  25.889 0.0000000000
72770  -45.619  6.753  26.319 0.0000000000
72755  -45.966  6.619  26.785 0.0000000000
72771  -46.395  7.387  26.475 0.0000000000
72772  -46.974  8.098  26.687 0.0000000000
73601  -46.694  8.154  26.311 0.0000000000
73634  -46.438  8.060  25.087 0.0000000000
73635  -47.240  8.534  25.099 0.0000000000
73649  -46.673  7.622  24.475 0.0000000000
118140  -45.517  6.588  23.600 0.0000000000
71994  -43.390  5.415  23.068 0.0000000000
71995  -44.432  5.666  23.021 0.0000000000
107646  -43.867  4.802  22.358 0.0000000000
74509  -40.325  8.438  18.464 0.0000000000
73695  -40.884  7.748  18.457 0.0000000000
125839  -40.543  9.041  18.217 0.0000000000
74510  -41.049  8.721  17.818 0.0000000000
76231  -40.773  10.695  18.107 0.0000000000
112845  -40.323  10.075  18.523 0.0000000000
77023  -39.108  11.406  18.652 0.0000000000
78696  -38.166  13.461  19.307 0.0000000000
120203  -38.139  14.010  19.947 0.0000000000
79534  -38.446  14.717  20.206 0.0000000000
74584  -54.569  9.387  10.895 0.0000000000
75442  -55.382  10.546  9.863 0.0000000000
77089  -55.054  11.307  10.172 0.0000000000
77099  -55.281  10.809  9.459 0.0000000000
77098  -54.901  11.232  9.737 0.0000000000
76320  -54.528  10.868  9.359 0.0000000000
77097  -53.858  11.302  9.541 0.0000000000
75415  -49.097  9.319  13.787 0.0000000000
77076  -47.700  11.541  11.187 0.0000000000
77077  -48.792  11.853  11.261 0.0000000000
77909  -51.170  12.399  11.592 0.0000000000
77910  -52.026  12.423  11.244 0.0000000000
78740  -51.515  12.776  10.682 0.0000000000
78762  -51.985  13.422  10.107 0.0000000000
77107  -52.661  11.874  9.333 0.0000000000
77940  -52.095  12.827  8.890 0.0000000000
77106  -51.790  12.056  8.601 0.0000000000
118258  -51.816  13.335  8.556 0.0000000000
79634  -51.186  14.443  8.533 0.0000000000
78776  -50.987  13.865  7.677 0.0000000000
77946  -50.566  12.880  7.660 0.0000000000
79632  -50.194  14.628  7.522 0.0000000000
79622  -48.832  15.500  8.234 0.0000000000
79623  -49.394  15.421  8.384 0.0000000000
80515  -49.117  15.290  6.584 0.0000000000
79641  -48.990  14.716  5.966 0.0000000000
79639  -47.092  15.099  5.840 0.0000000000
78783  -46.383  14.365  5.659 0.0000000000
77027  -42.669  12.050  17.657 0.0000000000
77031  -42.908  11.402  17.403 0.0000000000
77028  -43.420  11.985  17.664 0.0000000000
115549  -44.476  12.415  16.530 0.0000000000
78713  -46.078  13.565  17.511 0.0000000000
78715  -44.830  13.726  15.789 0.0000000000
113095  -44.133  13.018  13.937 0.0000000000
79587  -44.264  14.537  13.453 0.0000000000
110236  -44.253  15.296  13.049 0.0000000000
80470  -44.403  16.120  12.762 0.0000000000
81234  -49.154  16.348  17.821 0.0000000000
81239  -49.068  16.756  17.246 0.0000000000
122951  -48.489  18.103  16.415 0.0000000000
81241  -47.394  16.733  15.791 0.0000000000
82648  -46.379  18.628  13.724 0.0000000000
81952  -46.409  18.048  14.400 0.0000000000
81257  -45.292  16.776  13.596 0.0000000000
81975  -44.778  17.834  11.351 0.0000000000
81966  -44.700  17.409  12.040 0.0000000000
117200  -44.574  17.165  11.341 0.0000000000
124632  -44.460  16.513  11.493 0.0000000000
81276  -44.444  16.588  10.849 0.0000000000
80487  -44.430  15.982  10.041 0.0000000000
82682  -44.581  18.522  9.018 0.0000000000
81989  -44.527  17.754  8.414 0.0000000000
81293  -44.776  17.335  7.535 0.0000000000
83348  -46.275  20.092  8.001 0.0000000000
83347  -45.663  19.592  8.297 0.0000000000
83354  -45.917  19.711  7.508 0.0000000000
82694  -45.687  18.690  5.526 0.0000000000
82005  -45.547  17.590  5.913 0.0000000000
82006  -46.282  17.158  5.275 0.0000000000
81321  -45.976  16.597  3.506 0.0000000000
115985  -46.420  16.999  4.277 0.0000000000
81314  -45.560  15.751  3.331 0.0000000000
80527  -45.003  15.545  2.967 0.0000000000
85316  -45.493  22.832  4.053 0.0000000000
84627  -44.652  21.578  3.563 0.0000000000
85315  -44.704  22.710  4.080 0.0000000000
126730  -43.431  21.060  4.967 0.0000000000
83986  -43.651  21.333  4.183 0.0000000000
86602  -49.341  24.381  11.796 0.0000000000
86612  -49.248  24.213  10.829 0.0000000000
86601  -48.728  24.599  11.195 0.0000000000
86610  -47.467  24.469  10.554 0.0000000000
86609  -46.409  24.221  10.428 0.0000000000
86619  -46.509  24.022  9.715 0.0000000000
86608  -45.526  24.216  10.223 0.0000000000
85919  -45.540  23.668  13.019 0.0000000000
121650  -45.026  24.326  10.935 0.0000000000
107558  -44.778  23.710  10.192 0.0000000000
108597  -44.884  23.364  9.407 0.0000000000
85287  -43.405  21.974  7.761 0.0000000000
120317  -43.545  22.150  9.234 0.0000000000
84591  -42.102  21.478  8.871 0.0000000000
84596  -41.415  20.995  8.129 0.0000000000
83968  -40.909  20.577  7.653 0.0000000000
83961  -40.755  20.759  8.490 0.0000000000
84589  -41.038  20.786  9.594 0.0000000000
84581  -40.992  21.192  10.529 0.0000000000
85258  -40.160  23.323  12.140 0.0000000000
85259  -40.872  23.140  11.485 0.0000000000
85206  -43.282  22.374  17.451 0.0000000000
85885  -42.857  22.893  17.635 0.0000000000
85883  -41.980  22.487  17.444 0.0000000000
85898  -41.170  23.192  16.141 0.0000000000
74517  -42.857  8.596  17.266 0.0000000000
75366  -43.152  9.323  16.854 0.0000000000
121798  -43.222  11.108  17.051 0.0000000000
83891  -54.363  20.404  20.859 0.0000000000
106486  -54.116  21.100  20.685 0.0000000000
85184  -52.765  21.978  20.308 0.0000000000
85172  -53.207  22.382  20.911 0.0000000000
85162  -52.825  23.105  21.407 0.0000000000
76333  -51.114  10.584  8.398 0.0000000000
81207  -40.368  16.201  21.535 0.0000000000
73653  -50.479  7.811  24.048 0.0000000000
72810  -50.060  6.842  23.552 0.0000000000
72820  -48.790  6.102  23.415 0.0000000000
71985  -47.945  6.135  23.470 0.0000000000
71984  -46.964  5.932  23.339 0.0000000000
75327  -38.059  8.963  22.964 0.0000000000
126612  -52.850  9.664  15.815 0.0000000000
115000  -51.970  9.410  15.439 0.0000000000
75403  -51.980  9.577  14.938 0.0000000000
77906  -45.225  12.369  11.061 0.0000000000
77919  -45.879  12.883  10.601 0.0000000000
78756  -46.115  13.997  9.591 0.0000000000
79557  -47.058  15.190  18.282 0.0000000000
84568  -49.738  21.290  12.191 0.0000000000
83940  -49.446  20.755  12.562 0.0000000000
84583  -48.555  21.959  10.362 0.0000000000
84592  -48.122  21.639  9.413 0.0000000000
84593  -49.127  21.890  9.234 0.0000000000
84606  -49.148  22.504  7.562 0.0000000000
85295  -48.583  22.833  6.948 0.0000000000
123565  -49.564  22.900  7.966 0.0000000000
85966  -49.482  23.680  8.260 0.0000000000
86627  -48.988  24.337  8.868 0.0000000000
85230  -45.243  22.265  15.497 0.0000000000
85229  -44.195  22.249  15.175 0.0000000000
85228  -43.227  22.295  15.534 0.0000000000
84543  -42.724  21.931  16.436 0.0000000000
74529  -47.343  8.554  16.276 0.0000000000
115776  -46.947  8.953  15.852 0.0000000000
74547  -46.092  9.061  15.034 0.0000000000
76249  -43.743  10.108  15.246 0.0000000000
76257  -44.091  10.427  14.456 0.0000000000
77051  -44.249  11.581  13.290 0.0000000000
81226  -51.555  15.861  20.304 0.0000000000
123943  -51.078  16.529  19.392 0.0000000000
81227  -51.883  16.161  19.682 0.0000000000
81937  -51.789  18.142  18.437 0.0000000000
125748  -53.109  20.304  17.375 0.0000000000
83286  -53.108  20.154  17.013 0.0000000000
123261  -53.012  20.816  16.811 0.0000000000
83920  -53.072  21.242  15.277 0.0000000000
113048  -52.764  21.539  14.414 0.0000000000
105094  -51.894  23.089  13.915 0.0000000000
85196  -50.024  22.258  18.102 0.0000000000
84523  -49.067  22.221  17.938 0.0000000000
84522  -48.206  22.063  17.688 0.0000000000
84507  -48.387  21.957  18.506 0.0000000000
76345  -48.195  11.183  7.487 0.0000000000
77944  -47.973  12.686  6.607 0.0000000000
78702  -41.313  13.530  17.889 0.0000000000
81218  -43.046  16.399  20.451 0.0000000000
81223  -43.541  16.452  19.724 0.0000000000
81224  -44.474  16.221  19.588 0.0000000000
80411  -45.728  15.781  20.390 0.0000000000
80377  -47.338  16.388  23.052 0.0000000000
80388  -47.331  16.174  22.283 0.0000000000
81198  -47.809  16.516  22.597 0.0000000000
81211  -49.194  16.926  21.363 0.0000000000
123577  -48.960  17.061  21.730 0.0000000000
75370  -55.272  9.858  17.646 0.0000000000
122442  -52.733  6.980  20.429 0.0000000000
72841  -53.436  6.818  19.794 0.0000000000
73689  -52.966  7.132  19.430 0.0000000000
107920  -51.148  7.789  19.071 0.0000000000
126827  -50.237  7.350  18.476 0.0000000000
72868  -48.260  6.308  18.485 0.0000000000
72035  -46.375  5.542  19.582 0.0000000000
72864  -44.644  6.484  18.381 0.0000000000
72863  -43.752  6.564  18.327 0.0000000000
72796  -42.792  7.195  24.785 0.0000000000
73615  -43.785  7.697  25.021 0.0000000000
107947  -44.480  7.599  25.016 0.0000000000
111419  -45.187  7.115  25.270 0.0000000000
73616  -46.098  7.495  25.447 0.0000000000
73632  -44.786  7.436  24.788 0.0000000000
73647  -44.893  7.211  24.401 0.0000000000
72805  -45.044  7.004  23.952 0.0000000000
71983  -43.909  6.351  23.530 0.0000000000
71993  -42.716  5.914  22.757 0.0000000000
73687  -40.192  6.974  19.383 0.0000000000
74508  -39.474  8.308  18.805 0.0000000000
75354  -39.049  9.077  18.802 0.0000000000
108678  -39.677  9.945  18.744 0.0000000000
75353  -38.691  9.914  18.781 0.0000000000
76228  -38.389  10.870  18.748 0.0000000000
77090  -55.292  11.224  10.167 0.0000000000
77913  -54.252  11.508  10.674 0.0000000000
110450  -48.325  9.420  13.755 0.0000000000
76295  -49.220  10.609  12.516 0.0000000000
78739  -51.134  13.386  10.097 0.0000000000
118766  -51.749  13.355  10.138 0.0000000000
78761  -51.315  14.017  9.626 0.0000000000
79625  -51.021  14.660  9.345 0.0000000000
80496  -48.733  15.631  7.741 0.0000000000
80507  -48.484  15.630  6.844 0.0000000000
80514  -47.903  15.662  6.148 0.0000000000
77873  -44.047  12.307  17.622 0.0000000000
77874  -44.733  12.602  17.417 0.0000000000
79568  -46.232  14.158  16.065 0.0000000000
78716  -45.828  13.623  16.318 0.0000000000
79576  -44.739  14.631  14.233 0.0000000000
81256  -44.743  16.242  13.435 0.0000000000
81939  -49.360  17.825  16.925 0.0000000000
82626  -48.641  18.731  15.769 0.0000000000
83320  -47.828  19.965  12.799 0.0000000000
82656  -47.437  19.432  12.712 0.0000000000
82655  -46.340  18.796  12.279 0.0000000000
82654  -45.677  18.417  12.144 0.0000000000
82663  -45.275  18.493  11.537 0.0000000000
82670  -44.311  18.707  10.024 0.0000000000
83346  -44.895  19.147  8.557 0.0000000000
83361  -46.496  20.188  5.924 0.0000000000
125144  -46.081  19.524  5.464 0.0000000000
82700  -45.859  18.553  4.727 0.0000000000
82013  -46.239  17.613  4.638 0.0000000000
82707  -45.759  18.349  4.013 0.0000000000
82027  -45.433  17.067  2.991 0.0000000000
81319  -44.975  16.477  2.831 0.0000000000
82713  -45.054  18.655  3.118 0.0000000000
85988  -44.961  23.692  4.824 0.0000000000
85310  -44.627  22.988  4.503 0.0000000000
85301  -44.513  22.977  5.213 0.0000000000
84616  -43.609  21.453  4.922 0.0000000000
86593  -48.575  24.634  12.040 0.0000000000
86592  -47.718  24.395  12.284 0.0000000000
86591  -46.745  24.271  11.951 0.0000000000
85931  -44.515  23.935  12.092 0.0000000000
105119  -44.630  23.865  11.430 0.0000000000
85273  -43.553  22.396  10.321 0.0000000000
85278  -42.033  21.969  9.888 0.0000000000
85926  -39.181  24.081  12.609 0.0000000000
73719  -44.991  7.851  16.701 0.0000000000
81927  -52.836  18.171  20.566 0.0000000000
82602  -53.448  18.862  19.917 0.0000000000
82608  -53.518  19.258  19.493 0.0000000000
83896  -53.478  20.287  19.760 0.0000000000
83270  -53.110  19.952  19.311 0.0000000000
83900  -52.511  20.331  18.823 0.0000000000
84525  -52.641  20.866  17.754 0.0000000000
85210  -52.370  21.838  16.851 0.0000000000
85198  -51.715  22.015  18.441 0.0000000000
121623  -51.215  22.051  18.977 0.0000000000
85181  -50.775  22.052  19.752 0.0000000000
85169  -50.291  22.559  20.285 0.0000000000
77945  -49.512  12.484  7.509 0.0000000000
124314  -40.224  15.105  19.388 0.0000000000
81217  -41.171  15.949  21.040 0.0000000000
109281  -42.124  15.960  20.655 0.0000000000
72832  -51.218  7.052  21.719 0.0000000000
111758  -49.725  6.469  20.125 0.0000000000
72027  -49.270  5.923  20.762 0.0000000000
72026  -48.577  5.458  20.548 0.0000000000
110802  -48.221  5.093  21.008 0.0000000000
72025  -47.744  4.976  20.440 0.0000000000
72024  -46.702  4.901  20.288 0.0000000000
72023  -45.188  5.050  20.427 0.0000000000
71956  -41.574  5.457  26.007 0.0000000000
71972  -41.111  6.153  25.492 0.0000000000
72785  -41.608  7.007  24.954 0.0000000000
116732  -41.870  7.593  24.473 0.0000000000
74503  -38.236  8.922  19.648 0.0000000000
74496  -37.615  9.233  19.965 0.0000000000
75340  -36.995  9.711  20.505 0.0000000000
75333  -37.076  9.262  21.577 0.0000000000
76221  -36.442  10.619  20.666 0.0000000000
113397  -47.290  11.234  11.918 0.0000000000
115219  -48.283  12.771  10.073 0.0000000000
78758  -48.553  14.172  8.998 0.0000000000
110179  -49.401  14.574  9.161 0.0000000000
78766  -48.262  14.837  8.438 0.0000000000
78706  -45.382  13.070  17.572 0.0000000000
79563  -46.506  14.043  16.964 0.0000000000
83312  -49.081  20.158  13.385 0.0000000000
83939  -48.337  20.847  12.698 0.0000000000
83328  -47.426  20.340  12.219 0.0000000000
83955  -46.493  20.479  10.564 0.0000000000
83962  -46.750  20.256  9.368 0.0000000000
83969  -46.910  20.339  8.489 0.0000000000
84598  -48.165  21.572  8.394 0.0000000000
83970  -47.468  21.185  8.005 0.0000000000
83976  -46.799  20.765  7.521 0.0000000000
83981  -46.747  20.948  6.421 0.0000000000
106100  -46.780  21.000  5.244 0.0000000000
84622  -46.210  21.200  3.964 0.0000000000
84617  -46.606  21.520  4.584 0.0000000000
85990  -46.317  23.331  5.312 0.0000000000
85982  -47.769  23.071  6.582 0.0000000000
85981  -46.762  23.134  6.260 0.0000000000
85980  -45.868  23.434  5.836 0.0000000000
85971  -45.362  22.939  6.862 0.0000000000
85252  -46.784  23.087  14.074 0.0000000000
85918  -44.601  23.742  12.896 0.0000000000
85916  -42.102  23.363  12.924 0.0000000000
74543  -49.870  8.782  15.830 0.0000000000
118507  -48.685  9.108  15.180 0.0000000000
75400  -48.446  9.255  14.504 0.0000000000
75424  -47.214  10.039  12.864 0.0000000000
74539  -45.761  8.821  15.657 0.0000000000
76292  -46.670  10.493  12.576 0.0000000000
77074  -44.915  11.863  11.713 0.0000000000
79601  -44.268  14.452  11.621 0.0000000000
80428  -48.838  15.775  19.556 0.0000000000
80434  -49.033  15.895  18.897 0.0000000000
81235  -49.618  16.951  18.273 0.0000000000
81929  -50.388  17.234  18.669 0.0000000000
81940  -49.664  18.139  17.037 0.0000000000
82617  -50.089  18.732  16.436 0.0000000000
82628  -50.220  19.432  15.736 0.0000000000
81932  -52.716  18.392  19.536 0.0000000000
82606  -52.731  18.545  18.591 0.0000000000
82611  -52.469  18.787  17.770 0.0000000000
82619  -51.940  19.073  16.923 0.0000000000
83295  -50.166  20.209  15.153 0.0000000000
83934  -50.312  21.041  13.242 0.0000000000
83926  -51.500  21.347  14.312 0.0000000000
84569  -50.258  21.482  12.309 0.0000000000
84570  -50.283  22.045  12.086 0.0000000000
85267  -49.939  22.548  11.717 0.0000000000
122834  -49.612  23.170  11.154 0.0000000000
85942  -49.835  23.519  11.834 0.0000000000
85936  -49.761  23.919  12.516 0.0000000000
85921  -49.495  24.043  13.215 0.0000000000
85922  -50.065  23.491  13.514 0.0000000000
85219  -51.646  22.556  16.243 0.0000000000
85218  -49.827  22.667  16.298 0.0000000000
107505  -48.699  22.736  15.456 0.0000000000
84534  -46.602  21.877  16.626 0.0000000000
107958  -47.295  21.924  17.337 0.0000000000
84533  -45.649  21.577  16.902 0.0000000000
84520  -45.419  21.668  17.571 0.0000000000
84505  -45.168  22.050  18.070 0.0000000000
114626  -42.058  13.185  17.758 0.0000000000
77869  -42.789  12.748  17.771 0.0000000000
78705  -44.479  13.053  17.802 0.0000000000
79542  -42.570  14.990  18.872 0.0000000000
125630  -44.123  14.508  18.332 0.0000000000
79554  -44.752  13.788  18.412 0.0000000000
80427  -48.481  15.482  19.610 0.0000000000
80399  -47.395  16.062  21.456 0.0000000000
107262  -49.434  16.349  20.134 0.0000000000
124491  -50.535  16.969  20.927 0.0000000000
81219  -50.894  16.748  20.895 0.0000000000
108472  -51.774  15.972  21.281 0.0000000000
81220  -52.582  16.324  21.631 0.0000000000
81919  -51.977  17.350  22.005 0.0000000000
75378  -54.782  9.860  17.022 0.0000000000
115535  -54.186  9.801  16.472 0.0000000000
75377  -53.397  9.610  16.198 0.0000000000
75376  -52.528  9.273  16.115 0.0000000000
74533  -51.702  8.733  16.349 0.0000000000
115591  -51.010  8.362  16.584 0.0000000000
74512  -53.819  8.668  18.271 0.0000000000
74511  -53.049  7.919  17.862 0.0000000000
74532  -50.211  8.439  16.460 0.0000000000
73713  -49.294  7.428  17.387 0.0000000000
73722  -47.854  8.041  16.816 0.0000000000
72867  -47.336  6.381  18.466 0.0000000000
72852  -46.859  6.023  19.072 0.0000000000
75364  -41.570  9.688  17.436 0.0000000000
74463  -48.428  9.178  25.804 0.0000000000
71152  -47.141  4.117  27.218 0.0000000000
111655  -47.275  5.378  27.394 0.0000000000
71958  -43.584  5.789  26.588 0.0000000000
72769  -44.135  6.643  26.234 0.0000000000
71959  -44.826  6.364  26.509 0.0000000000
71939  -44.912  5.983  26.919 0.0000000000
127007  -46.387  6.580  27.062 0.0000000000
71943  -47.786  6.288  27.261 0.0000000000
72757  -47.617  7.315  27.078 0.0000000000
73591  -47.524  8.222  26.780 0.0000000000
73602  -47.928  8.722  26.613 0.0000000000
74438  -47.472  8.725  26.348 0.0000000000
74439  -47.937  8.895  26.504 0.0000000000
74446  -47.966  9.088  26.314 0.0000000000
74462  -47.811  8.982  25.732 0.0000000000
73636  -48.065  8.629  25.090 0.0000000000
72807  -47.165  6.871  23.951 0.0000000000
72819  -46.084  5.970  23.108 0.0000000000
123967  -45.318  5.952  22.958 0.0000000000
71996  -45.891  5.209  22.386 0.0000000000
72009  -44.587  4.666  21.434 0.0000000000
115731  -43.626  5.308  20.420 0.0000000000
72802  -42.641  6.906  23.297 0.0000000000
72830  -42.011  6.681  22.326 0.0000000000
72007  -42.355  5.978  21.632 0.0000000000
72006  -41.927  6.324  21.241 0.0000000000
72022  -42.935  5.471  21.031 0.0000000000
72032  -43.013  6.026  20.158 0.0000000000
77025  -40.596  11.460  18.118 0.0000000000
77867  -40.338  12.367  18.171 0.0000000000
78700  -39.746  13.022  18.450 0.0000000000
125106  -37.877  9.445  19.427 0.0000000000
76224  -37.555  10.730  19.178 0.0000000000
79535  -39.174  15.300  19.837 0.0000000000
80404  -38.683  15.608  20.604 0.0000000000
79533  -38.122  14.973  20.853 0.0000000000
80392  -38.197  15.588  21.331 0.0000000000
80393  -38.912  16.237  21.271 0.0000000000
73779  -53.778  8.880  10.218 0.0000000000
117005  -54.739  9.994  9.455 0.0000000000
74595  -53.926  9.284  9.812 0.0000000000
75453  -54.061  9.659  9.612 0.0000000000
76319  -53.680  10.262  9.396 0.0000000000
76260  -50.721  9.038  13.486 0.0000000000
76259  -49.869  9.391  13.497 0.0000000000
76279  -51.346  9.876  12.959 0.0000000000
77065  -50.052  11.296  12.160 0.0000000000
77078  -49.617  11.940  11.746 0.0000000000
77066  -50.959  11.920  12.292 0.0000000000
77900  -52.504  12.091  11.611 0.0000000000
77911  -52.788  12.364  11.085 0.0000000000
77925  -53.556  11.954  10.488 0.0000000000
77934  -53.728  11.773  9.957 0.0000000000
117843  -51.345  11.282  8.415 0.0000000000
77119  -51.360  12.155  8.123 0.0000000000
77118  -51.033  12.272  7.865 0.0000000000
116869  -49.864  15.309  8.615 0.0000000000
80498  -50.051  15.282  8.219 0.0000000000
80508  -49.532  15.234  7.445 0.0000000000
78774  -48.848  13.125  6.993 0.0000000000
107239  -46.217  13.574  6.042 0.0000000000
77034  -43.600  11.267  16.816 0.0000000000
77875  -45.336  12.740  17.589 0.0000000000
78711  -45.068  12.964  16.735 0.0000000000
77887  -44.085  12.559  14.858 0.0000000000
116966  -43.854  13.578  13.043 0.0000000000
115828  -44.415  15.316  11.553 0.0000000000
80439  -48.653  15.716  18.400 0.0000000000
81233  -48.627  15.994  17.618 0.0000000000
81237  -47.605  16.211  16.566 0.0000000000
80455  -46.825  16.229  15.157 0.0000000000
82640  -48.798  19.572  15.057 0.0000000000
115823  -47.733  18.983  15.288 0.0000000000
82649  -47.288  19.328  13.354 0.0000000000
81249  -46.369  16.926  14.577 0.0000000000
81248  -45.848  16.367  14.240 0.0000000000
81265  -44.700  17.021  12.859 0.0000000000
81967  -45.212  17.767  12.493 0.0000000000
80475  -44.389  16.019  11.910 0.0000000000
81294  -45.643  16.392  7.219 0.0000000000
114169  -46.058  16.443  6.462 0.0000000000
83340  -45.367  19.480  9.237 0.0000000000
82004  -44.979  17.669  6.779 0.0000000000
81301  -46.464  16.514  5.604 0.0000000000
116227  -46.426  16.226  4.281 0.0000000000
80522  -46.358  15.653  4.759 0.0000000000
79656  -45.617  15.093  4.353 0.0000000000
83998  -45.459  20.744  3.442 0.0000000000
83996  -44.592  20.430  3.405 0.0000000000
83992  -43.902  20.664  3.701 0.0000000000
86622  -49.316  24.073  9.864 0.0000000000
86621  -49.105  24.343  9.521 0.0000000000
86620  -48.313  24.577  9.795 0.0000000000
113062  -48.276  24.649  10.653 0.0000000000
85956  -46.534  23.718  8.729 0.0000000000
85963  -45.029  23.003  8.300 0.0000000000
85933  -46.597  23.893  12.737 0.0000000000
86590  -45.844  24.260  11.500 0.0000000000
85941  -45.167  24.282  11.548 0.0000000000
86598  -45.516  24.318  10.848 0.0000000000
85949  -45.181  24.059  9.887 0.0000000000
85279  -42.749  21.657  8.459 0.0000000000
84597  -42.137  21.077  7.798 0.0000000000
83974  -41.584  20.413  7.388 0.0000000000
83960  -40.371  20.282  8.952 0.0000000000
85939  -42.145  22.898  11.403 0.0000000000
85265  -41.512  22.911  11.130 0.0000000000
85859  -49.869  23.278  20.644 0.0000000000
105558  -46.816  22.682  19.552 0.0000000000
85177  -45.999  22.957  19.206 0.0000000000
85194  -45.625  22.444  18.605 0.0000000000
110473  -44.942  22.618  18.432 0.0000000000
85866  -44.855  23.709  19.041 0.0000000000
85193  -44.368  22.408  17.860 0.0000000000
84518  -42.696  21.886  17.187 0.0000000000
85216  -41.981  21.921  16.776 0.0000000000
84517  -41.852  22.127  17.141 0.0000000000
85226  -41.620  22.641  15.933 0.0000000000
85904  -40.885  23.360  15.143 0.0000000000
71197  -45.966  4.837  20.644 0.0000000000
71942  -46.923  6.286  27.294 0.0000000000
73617  -46.718  8.404  25.850 0.0000000000
75350  -54.955  9.624  19.240 0.0000000000
75391  -52.444  9.627  15.533 0.0000000000
75441  -54.843  10.001  10.059 0.0000000000
75454  -55.245  10.479  9.385 0.0000000000
77912  -53.475  12.002  10.998 0.0000000000
78750  -52.196  12.809  10.559 0.0000000000
78768  -51.500  13.955  8.917 0.0000000000
80417  -50.713  16.394  20.392 0.0000000000
81202  -51.463  17.159  21.769 0.0000000000
82599  -53.679  18.604  20.848 0.0000000000
82712  -44.802  18.385  3.090 0.0000000000
83893  -54.189  20.358  20.174 0.0000000000
83908  -52.992  20.241  18.149 0.0000000000
83927  -53.206  21.567  14.708 0.0000000000
83997  -44.907  20.967  3.329 0.0000000000
84530  -42.366  21.732  17.012 0.0000000000
84603  -42.204  20.958  7.137 0.0000000000
84621  -44.382  21.957  3.933 0.0000000000
84628  -45.293  21.325  3.441 0.0000000000
84629  -45.822  20.915  3.587 0.0000000000
85300  -44.036  22.056  4.871 0.0000000000
85317  -46.221  22.273  4.196 0.0000000000
85322  -44.961  22.259  3.714 0.0000000000
85950  -49.495  23.728  10.469 0.0000000000
85989  -45.522  23.767  4.933 0.0000000000
85994  -45.991  23.376  4.468 0.0000000000
107847  -45.209  20.309  3.380 0.0000000000
108529  -45.487  18.059  3.151 0.0000000000
114944  -48.340  24.452  12.695 0.0000000000
119645  -42.071  21.869  17.221 0.0000000000
120969  -45.052  22.927  4.053 0.0000000000
124471  -45.371  7.159  25.054 0.0000000000
124475  -44.461  17.121  10.742 0.0000000000
124750  -44.225  4.873  20.638 0.0000000000
124845  -44.332  22.257  4.221 0.0000000000
126466  -55.379  11.142  9.786 0.0000000000
126563  -52.404  20.601  18.431 0.0000000000
126662  -51.508  15.911  19.775 0.0000000000
126818  -45.748  23.872  9.649 0.0000000000
