#!ascii label  , from subject 001 vox2ras=TkReg
1148
22663  -10.024  -51.151  38.462 0.0000000000
36139  -33.395  -36.879  32.450 0.0000000000
41505  -29.604  -29.228  31.615 0.0000000000
36090  -25.193  -35.138  36.000 0.0000000000
50394  -39.153  -19.359  25.381 0.0000000000
48369  -33.023  -20.902  27.001 0.0000000000
35223  -34.100  -37.255  37.576 0.0000000000
107178  -29.518  -37.150  34.270 0.0000000000
52148  -43.691  -16.780  29.838 0.0000000000
57326  -45.646  -11.379  30.965 0.0000000000
60893  -47.971  -7.280  28.567 0.0000000000
45576  -33.086  -23.642  35.344 0.0000000000
44780  -31.253  -25.400  29.976 0.0000000000
50278  -34.169  -18.723  34.183 0.0000000000
51215  -38.404  -17.952  32.283 0.0000000000
31960  -19.281  -39.951  34.582 0.0000000000
20772  -6.926  -53.305  42.757 0.0000000000
122149  -34.061  -32.896  31.434 0.0000000000
42257  -32.768  -28.672  37.315 0.0000000000
34420  -21.539  -38.646  31.673 0.0000000000
36946  -25.402  -35.164  29.552 0.0000000000
60938  -45.618  -6.610  22.170 0.0000000000
63516  -49.927  -2.862  26.544 0.0000000000
127271  -37.249  -22.068  27.150 0.0000000000
49310  -42.437  -19.489  31.227 0.0000000000
25395  -10.765  -47.787  36.853 0.0000000000
19852  -2.184  -53.824  40.243 0.0000000000
54753  -45.583  -14.758  30.640 0.0000000000
47333  -34.265  -21.915  34.017 0.0000000000
105940  -16.374  -41.124  32.446 0.0000000000
20793  -8.956  -52.645  40.645 0.0000000000
37708  -33.182  -34.277  29.655 0.0000000000
120344  -34.289  -34.758  31.865 0.0000000000
35277  -22.576  -36.199  33.834 0.0000000000
36149  -22.700  -36.326  30.535 0.0000000000
36903  -25.030  -34.917  33.394 0.0000000000
34408  -31.181  -37.636  33.172 0.0000000000
35316  -29.290  -37.274  31.276 0.0000000000
35333  -31.379  -37.163  30.215 0.0000000000
36064  -23.588  -35.468  37.969 0.0000000000
34364  -21.627  -37.549  35.757 0.0000000000
118798  -40.699  -11.877  25.449 0.0000000000
60056  -44.559  -7.247  22.943 0.0000000000
62660  -48.910  -5.189  28.390 0.0000000000
46454  -31.446  -22.649  29.060 0.0000000000
47387  -36.012  -21.327  26.649 0.0000000000
49293  -40.552  -19.725  31.924 0.0000000000
30218  -13.792  -42.540  35.121 0.0000000000
28270  -12.507  -44.365  36.895 0.0000000000
27272  -13.031  -46.304  38.500 0.0000000000
27304  -10.875  -46.336  34.829 0.0000000000
19865  -4.255  -54.125  39.342 0.0000000000
35265  -33.717  -36.803  35.076 0.0000000000
108627  -34.814  -35.258  34.208 0.0000000000
36887  -35.529  -35.350  36.951 0.0000000000
36068  -27.458  -36.230  38.535 0.0000000000
123908  -27.593  -36.703  35.542 0.0000000000
34335  -29.900  -37.877  36.960 0.0000000000
34351  -31.494  -38.632  35.623 0.0000000000
113308  -42.292  -18.846  27.648 0.0000000000
53897  -42.603  -15.530  28.379 0.0000000000
55639  -42.474  -12.827  28.616 0.0000000000
58242  -43.265  -9.475  27.285 0.0000000000
59131  -45.269  -8.157  27.164 0.0000000000
59099  -47.219  -9.451  29.519 0.0000000000
43913  -30.610  -25.635  33.946 0.0000000000
110249  -29.926  -27.024  31.385 0.0000000000
44765  -32.037  -24.181  32.248 0.0000000000
109778  -32.605  -22.491  31.178 0.0000000000
49318  -32.711  -19.861  30.273 0.0000000000
49320  -34.908  -19.397  29.218 0.0000000000
51200  -36.063  -17.402  32.791 0.0000000000
31069  -17.142  -40.477  35.561 0.0000000000
30229  -15.083  -41.575  33.504 0.0000000000
63566  -50.591  -3.623  21.186 0.0000000000
21713  -5.646  -51.565  42.850 0.0000000000
120293  -33.115  -32.728  29.840 0.0000000000
40715  -32.781  -30.716  31.875 0.0000000000
39199  -33.769  -34.020  34.435 0.0000000000
40694  -32.077  -32.177  34.940 0.0000000000
42268  -31.121  -28.552  35.370 0.0000000000
43866  -32.773  -25.904  36.510 0.0000000000
104958  -27.421  -36.330  31.849 0.0000000000
118178  -21.274  -38.816  36.571 0.0000000000
32787  -19.947  -39.186  33.670 0.0000000000
120810  -46.377  -5.952  25.487 0.0000000000
61804  -47.562  -5.111  24.163 0.0000000000
126864  -48.241  -3.842  22.472 0.0000000000
64414  -50.824  -2.774  23.880 0.0000000000
22680  -8.080  -51.093  36.575 0.0000000000
21764  -7.294  -52.376  37.303 0.0000000000
48399  -38.411  -20.310  25.745 0.0000000000
48323  -37.444  -20.901  30.012 0.0000000000
47363  -39.795  -22.058  28.979 0.0000000000
48372  -41.141  -20.623  27.455 0.0000000000
50334  -44.375  -19.458  30.714 0.0000000000
23586  -9.782  -48.770  37.823 0.0000000000
20800  -6.028  -53.664  39.731 0.0000000000
20781  -4.250  -53.423  41.598 0.0000000000
21725  -2.680  -52.538  42.379 0.0000000000
21747  -9.421  -52.227  39.619 0.0000000000
36170  -33.069  -36.537  30.643 0.0000000000
36934  -33.131  -35.509  30.433 0.0000000000
36140  -33.647  -35.837  32.115 0.0000000000
106785  -23.848  -35.330  34.916 0.0000000000
36125  -23.986  -35.083  33.543 0.0000000000
105004  -24.797  -35.035  34.699 0.0000000000
35300  -32.540  -37.496  32.384 0.0000000000
35318  -31.525  -37.369  31.322 0.0000000000
35319  -32.702  -37.367  31.586 0.0000000000
36169  -32.560  -36.980  29.914 0.0000000000
36066  -25.715  -34.765  38.329 0.0000000000
111161  -24.941  -34.793  39.255 0.0000000000
36078  -24.328  -34.792  37.306 0.0000000000
120816  -23.192  -35.503  36.300 0.0000000000
60063  -43.543  -8.647  23.450 0.0000000000
40723  -30.792  -30.280  30.703 0.0000000000
41516  -29.047  -30.065  30.531 0.0000000000
48368  -32.189  -21.127  27.525 0.0000000000
47398  -32.545  -21.922  26.339 0.0000000000
116629  -35.084  -19.586  27.207 0.0000000000
29263  -13.115  -43.642  34.178 0.0000000000
29247  -12.894  -43.325  36.765 0.0000000000
28276  -12.202  -44.493  35.340 0.0000000000
27306  -11.945  -45.297  35.880 0.0000000000
27314  -11.385  -45.614  34.250 0.0000000000
35252  -33.951  -37.054  35.848 0.0000000000
36106  -35.163  -35.997  35.617 0.0000000000
36083  -35.036  -35.889  37.404 0.0000000000
35183  -28.627  -36.806  39.288 0.0000000000
35221  -28.499  -37.347  37.237 0.0000000000
35206  -30.202  -37.278  38.734 0.0000000000
34325  -33.097  -37.777  38.055 0.0000000000
114290  -31.951  -37.963  37.308 0.0000000000
34353  -32.841  -38.252  36.535 0.0000000000
34382  -32.664  -37.648  35.222 0.0000000000
51268  -42.869  -18.240  28.800 0.0000000000
52166  -42.178  -17.368  27.804 0.0000000000
53041  -42.927  -16.443  28.930 0.0000000000
117597  -45.202  -12.376  31.134 0.0000000000
114479  -44.044  -13.881  29.078 0.0000000000
56490  -44.407  -12.189  29.220 0.0000000000
57344  -43.354  -10.915  28.267 0.0000000000
57346  -44.678  -10.337  28.990 0.0000000000
58233  -45.638  -9.406  28.759 0.0000000000
58209  -45.940  -10.301  30.355 0.0000000000
44736  -31.562  -24.566  34.657 0.0000000000
44750  -30.560  -24.610  33.660 0.0000000000
44752  -32.215  -24.132  33.945 0.0000000000
49272  -34.185  -20.300  34.337 0.0000000000
47340  -33.514  -22.144  32.329 0.0000000000
114781  -33.628  -20.748  32.824 0.0000000000
48321  -32.323  -20.672  30.953 0.0000000000
50303  -33.640  -19.471  31.448 0.0000000000
51225  -35.088  -17.893  30.934 0.0000000000
51198  -34.430  -18.043  33.608 0.0000000000
127040  -19.923  -40.451  36.169 0.0000000000
114561  -18.750  -40.959  36.909 0.0000000000
31947  -18.005  -40.402  35.216 0.0000000000
31128  -15.888  -41.208  33.254 0.0000000000
63554  -51.694  -3.227  22.575 0.0000000000
63568  -52.356  -3.396  21.721 0.0000000000
20752  -6.263  -52.270  42.930 0.0000000000
38497  -33.561  -33.927  30.361 0.0000000000
38496  -33.081  -33.532  29.460 0.0000000000
38488  -33.545  -33.130  30.516 0.0000000000
39975  -33.065  -31.956  30.368 0.0000000000
39959  -33.312  -31.451  32.544 0.0000000000
37659  -35.697  -33.593  35.352 0.0000000000
38456  -33.857  -34.326  34.159 0.0000000000
38432  -35.333  -32.753  35.399 0.0000000000
41473  -33.387  -29.864  37.631 0.0000000000
39931  -32.854  -32.309  36.658 0.0000000000
40672  -32.011  -30.433  36.349 0.0000000000
40684  -31.584  -31.053  35.422 0.0000000000
42256  -31.901  -28.785  36.563 0.0000000000
42269  -31.547  -27.452  36.168 0.0000000000
42270  -32.349  -27.659  36.991 0.0000000000
36944  -23.433  -34.792  29.746 0.0000000000
35250  -29.116  -36.719  34.916 0.0000000000
36128  -27.636  -35.485  33.772 0.0000000000
35295  -27.889  -36.926  33.420 0.0000000000
36167  -28.688  -35.614  29.877 0.0000000000
33544  -21.067  -37.361  38.005 0.0000000000
34392  -21.153  -37.323  33.987 0.0000000000
34376  -20.503  -37.878  34.367 0.0000000000
33571  -20.663  -38.996  33.124 0.0000000000
32806  -20.796  -39.876  31.483 0.0000000000
60021  -46.496  -7.712  27.308 0.0000000000
124687  -45.215  -6.957  26.613 0.0000000000
60022  -47.053  -6.809  26.994 0.0000000000
62669  -49.375  -3.919  27.049 0.0000000000
61794  -47.953  -4.620  26.101 0.0000000000
62675  -48.327  -4.077  25.535 0.0000000000
62684  -47.920  -4.512  23.741 0.0000000000
63532  -49.434  -3.832  23.980 0.0000000000
116919  -49.688  -3.468  23.362 0.0000000000
64390  -50.804  -1.997  25.909 0.0000000000
43939  -30.585  -26.014  31.046 0.0000000000
43133  -28.994  -27.825  29.869 0.0000000000
47426  -37.331  -20.950  24.168 0.0000000000
47401  -37.273  -21.185  26.218 0.0000000000
50324  -37.061  -18.113  30.082 0.0000000000
48322  -36.896  -20.473  29.497 0.0000000000
49290  -38.138  -19.766  31.450 0.0000000000
112878  -41.077  -20.083  31.939 0.0000000000
105974  -39.820  -21.559  30.477 0.0000000000
48326  -41.397  -21.338  29.853 0.0000000000
47374  -40.874  -21.930  28.054 0.0000000000
48357  -42.310  -21.219  28.522 0.0000000000
48374  -43.444  -20.155  27.761 0.0000000000
49324  -43.658  -20.389  29.941 0.0000000000
26312  -12.466  -47.503  37.385 0.0000000000
25378  -12.181  -48.343  38.025 0.0000000000
24447  -11.301  -48.696  38.490 0.0000000000
24455  -10.194  -48.100  37.418 0.0000000000
24454  -9.415  -48.315  36.944 0.0000000000
123990  -9.368  -48.143  35.967 0.0000000000
110614  -6.297  -53.273  36.791 0.0000000000
20815  -7.123  -53.028  38.585 0.0000000000
20824  -5.724  -53.742  37.745 0.0000000000
113161  -2.672  -54.067  40.003 0.0000000000
19854  -4.031  -54.040  40.241 0.0000000000
19847  -3.000  -53.691  40.717 0.0000000000
20768  -3.452  -52.918  42.189 0.0000000000
20779  -2.307  -53.412  41.065 0.0000000000
35186  -31.587  -36.525  39.266 0.0000000000
53014  -45.883  -16.232  30.865 0.0000000000
53880  -44.975  -15.479  30.648 0.0000000000
53876  -45.916  -15.072  31.183 0.0000000000
46412  -34.254  -23.214  34.432 0.0000000000
31974  -18.720  -40.564  32.987 0.0000000000
31112  -17.622  -40.781  33.976 0.0000000000
20786  -9.627  -53.093  42.120 0.0000000000
20784  -8.239  -52.748  41.824 0.0000000000
36200  -32.498  -35.649  28.570 0.0000000000
123304  -33.503  -34.685  30.456 0.0000000000
38481  -34.329  -33.504  31.846 0.0000000000
121275  -34.047  -27.691  36.184 0.0000000000
35276  -22.055  -36.980  33.433 0.0000000000
35313  -22.372  -37.166  31.078 0.0000000000
36136  -23.300  -35.930  32.242 0.0000000000
36919  -23.769  -35.320  31.777 0.0000000000
36921  -25.241  -34.791  31.356 0.0000000000
35280  -30.131  -37.592  33.170 0.0000000000
35297  -29.285  -37.645  32.827 0.0000000000
35298  -30.724  -37.615  32.716 0.0000000000
35332  -30.513  -37.029  30.290 0.0000000000
35345  -31.471  -37.038  28.753 0.0000000000
127161  -22.896  -35.514  39.559 0.0000000000
34333  -21.477  -36.852  37.490 0.0000000000
35232  -22.460  -35.788  36.812 0.0000000000
35261  -21.907  -36.725  34.424 0.0000000000
55647  -40.425  -13.099  26.115 0.0000000000
60937  -45.223  -6.986  22.351 0.0000000000
115558  -49.521  -6.241  30.403 0.0000000000
61779  -48.481  -6.094  28.258 0.0000000000
45624  -31.506  -23.697  29.728 0.0000000000
116988  -36.075  -21.580  25.086 0.0000000000
47399  -36.630  -21.844  26.662 0.0000000000
51187  -39.596  -17.132  33.428 0.0000000000
50308  -38.895  -19.156  31.908 0.0000000000
51203  -40.660  -18.459  33.585 0.0000000000
31066  -15.553  -42.107  36.926 0.0000000000
30184  -14.035  -42.921  37.195 0.0000000000
28257  -13.627  -44.953  38.847 0.0000000000
27282  -12.893  -45.950  37.492 0.0000000000
26327  -12.694  -46.724  36.903 0.0000000000
26325  -11.193  -47.371  36.310 0.0000000000
25412  -9.738  -47.912  35.191 0.0000000000
26354  -10.225  -47.011  34.222 0.0000000000
35302  -33.167  -36.632  33.394 0.0000000000
118769  -33.419  -35.798  33.122 0.0000000000
36116  -34.189  -36.250  34.524 0.0000000000
121026  -35.332  -35.378  35.404 0.0000000000
36080  -26.276  -35.700  37.475 0.0000000000
105936  -25.936  -35.862  35.706 0.0000000000
35220  -27.697  -37.079  36.912 0.0000000000
35235  -28.392  -37.542  36.230 0.0000000000
34365  -30.160  -37.830  35.548 0.0000000000
34322  -30.638  -37.748  38.086 0.0000000000
34336  -30.788  -38.148  36.437 0.0000000000
106614  -30.575  -38.201  34.929 0.0000000000
34380  -31.205  -38.435  34.716 0.0000000000
34395  -31.816  -37.160  34.146 0.0000000000
115880  -27.062  -35.280  39.268 0.0000000000
50396  -41.055  -19.255  26.248 0.0000000000
51282  -40.025  -17.845  25.627 0.0000000000
124878  -41.522  -17.707  26.509 0.0000000000
53047  -41.355  -16.318  26.689 0.0000000000
53902  -41.515  -15.658  27.197 0.0000000000
53888  -43.908  -15.217  29.301 0.0000000000
53886  -42.609  -14.780  28.440 0.0000000000
54769  -40.734  -14.043  27.529 0.0000000000
56499  -41.255  -12.153  27.578 0.0000000000
57356  -41.684  -10.627  26.799 0.0000000000
58241  -42.492  -9.326  25.797 0.0000000000
60030  -43.534  -7.757  25.471 0.0000000000
59130  -44.685  -8.584  27.479 0.0000000000
59120  -46.320  -9.238  27.760 0.0000000000
60004  -47.315  -8.869  28.517 0.0000000000
58203  -47.536  -10.023  31.503 0.0000000000
60887  -49.244  -7.616  30.830 0.0000000000
42299  -29.910  -28.298  32.700 0.0000000000
42311  -29.343  -28.003  31.537 0.0000000000
43107  -30.090  -26.985  32.514 0.0000000000
110348  -30.787  -25.115  32.062 0.0000000000
45607  -31.836  -24.643  31.449 0.0000000000
45600  -32.727  -23.572  33.278 0.0000000000
119742  -32.459  -23.955  31.341 0.0000000000
45615  -32.059  -23.821  30.648 0.0000000000
47350  -32.043  -22.531  30.572 0.0000000000
48332  -32.063  -21.210  29.480 0.0000000000
49331  -32.924  -20.382  28.667 0.0000000000
49333  -33.682  -20.130  28.997 0.0000000000
50333  -34.291  -19.022  29.982 0.0000000000
50305  -36.295  -17.478  30.802 0.0000000000
51201  -37.000  -16.611  32.422 0.0000000000
52098  -37.489  -16.328  33.954 0.0000000000
52111  -38.196  -15.942  33.011 0.0000000000
31939  -17.038  -40.748  36.504 0.0000000000
31090  -17.353  -40.788  34.408 0.0000000000
31089  -16.488  -40.731  34.960 0.0000000000
112747  -16.058  -41.455  35.639 0.0000000000
30219  -14.455  -42.175  34.741 0.0000000000
40725  -32.685  -30.931  30.816 0.0000000000
40714  -31.526  -30.458  32.360 0.0000000000
36913  -34.298  -34.737  32.737 0.0000000000
37669  -34.438  -34.079  33.172 0.0000000000
39212  -34.211  -33.063  33.679 0.0000000000
39941  -32.668  -33.078  35.503 0.0000000000
39960  -33.369  -32.669  33.469 0.0000000000
39949  -32.679  -31.823  33.802 0.0000000000
40705  -31.148  -30.652  33.308 0.0000000000
41500  -30.513  -29.918  33.494 0.0000000000
42284  -30.683  -27.912  34.453 0.0000000000
43080  -31.513  -26.409  35.417 0.0000000000
43877  -32.567  -25.166  36.314 0.0000000000
43858  -34.211  -26.848  35.617 0.0000000000
43867  -34.684  -25.908  35.634 0.0000000000
36114  -26.805  -35.238  34.698 0.0000000000
36911  -26.134  -34.815  32.180 0.0000000000
36922  -26.056  -35.279  31.142 0.0000000000
35315  -28.373  -37.170  31.470 0.0000000000
123552  -27.455  -35.910  30.615 0.0000000000
114500  -20.852  -39.130  37.169 0.0000000000
32773  -20.454  -40.153  35.792 0.0000000000
33556  -21.522  -38.312  36.098 0.0000000000
33563  -21.025  -39.264  34.684 0.0000000000
109137  -19.730  -39.754  34.326 0.0000000000
32794  -19.927  -40.253  32.673 0.0000000000
60046  -43.955  -7.259  24.898 0.0000000000
60919  -45.162  -6.581  24.492 0.0000000000
60929  -45.593  -6.253  23.401 0.0000000000
120301  -47.207  -5.821  26.718 0.0000000000
61798  -46.967  -5.405  24.877 0.0000000000
61802  -45.847  -5.808  22.979 0.0000000000
62686  -47.297  -5.193  22.318 0.0000000000
62690  -47.490  -5.520  21.395 0.0000000000
63564  -48.634  -4.391  20.871 0.0000000000
111098  -49.839  -3.600  21.914 0.0000000000
106804  -50.649  -3.028  22.951 0.0000000000
22669  -9.020  -50.943  37.964 0.0000000000
21766  -8.632  -51.693  38.052 0.0000000000
21774  -7.730  -51.694  37.003 0.0000000000
42326  -28.234  -28.529  29.997 0.0000000000
49379  -39.026  -19.939  25.583 0.0000000000
48334  -35.928  -19.915  28.657 0.0000000000
48355  -36.540  -20.832  28.068 0.0000000000
47371  -37.699  -21.330  28.050 0.0000000000
49306  -38.641  -20.664  31.273 0.0000000000
47351  -38.715  -22.040  29.669 0.0000000000
105656  -38.084  -21.702  27.581 0.0000000000
106855  -39.149  -21.672  26.754 0.0000000000
48382  -40.358  -20.607  26.675 0.0000000000
48401  -40.538  -20.173  26.562 0.0000000000
49368  -41.775  -19.526  27.655 0.0000000000
50372  -43.750  -19.593  27.693 0.0000000000
50361  -43.778  -18.338  30.324 0.0000000000
23553  -10.987  -50.161  39.905 0.0000000000
23564  -10.896  -49.453  39.666 0.0000000000
23562  -10.220  -50.244  38.532 0.0000000000
23572  -8.952  -49.983  37.682 0.0000000000
23592  -8.117  -49.324  35.513 0.0000000000
20816  -7.862  -52.701  38.873 0.0000000000
111501  -7.678  -53.026  40.323 0.0000000000
121102  -6.775  -52.999  40.824 0.0000000000
19866  -5.258  -53.947  39.570 0.0000000000
123249  -5.294  -53.634  41.007 0.0000000000
20782  -5.679  -53.266  41.749 0.0000000000
20760  -5.029  -52.804  42.530 0.0000000000
21719  -4.026  -52.149  42.803 0.0000000000
19850  -0.767  -53.734  40.263 0.0000000000
21731  -1.297  -52.588  41.485 0.0000000000
21749  -10.615  -51.531  39.964 0.0000000000
21748  -10.117  -51.720  39.299 0.0000000000
36154  -33.401  -36.709  31.545 0.0000000000
36102  -24.594  -35.082  35.488 0.0000000000
35320  -33.145  -37.271  31.967 0.0000000000
35334  -33.018  -37.152  31.057 0.0000000000
36079  -25.323  -35.096  37.411 0.0000000000
109057  -25.013  -35.037  36.738 0.0000000000
36089  -24.194  -34.879  36.363 0.0000000000
59151  -42.958  -8.927  24.194 0.0000000000
40734  -30.163  -30.482  29.820 0.0000000000
47397  -31.964  -21.929  27.195 0.0000000000
48378  -32.507  -21.327  26.789 0.0000000000
48379  -33.015  -20.830  26.025 0.0000000000
48380  -34.150  -20.643  25.996 0.0000000000
48370  -34.058  -20.137  26.777 0.0000000000
28284  -12.613  -44.196  34.322 0.0000000000
29255  -12.569  -43.632  34.952 0.0000000000
28283  -12.167  -45.031  34.692 0.0000000000
35238  -33.986  -37.190  36.708 0.0000000000
36093  -34.472  -36.444  36.216 0.0000000000
108383  -34.394  -36.376  37.069 0.0000000000
35184  -29.526  -37.124  39.358 0.0000000000
35205  -29.202  -37.250  38.558 0.0000000000
119877  -33.687  -37.651  37.992 0.0000000000
120127  -33.424  -37.918  37.271 0.0000000000
35237  -33.415  -37.724  36.285 0.0000000000
35166  -28.883  -36.981  39.974 0.0000000000
125502  -43.161  -17.324  29.274 0.0000000000
52158  -42.780  -17.179  28.918 0.0000000000
52147  -43.397  -16.582  29.308 0.0000000000
56492  -45.059  -11.439  30.623 0.0000000000
56491  -44.354  -12.036  30.626 0.0000000000
57334  -44.507  -11.300  28.858 0.0000000000
57336  -45.412  -10.626  30.155 0.0000000000
58219  -45.217  -10.015  29.409 0.0000000000
44737  -32.315  -24.208  35.148 0.0000000000
111366  -34.040  -19.576  34.025 0.0000000000
49289  -33.631  -19.689  32.514 0.0000000000
50290  -33.982  -18.915  33.193 0.0000000000
50304  -34.250  -18.808  31.882 0.0000000000
31949  -19.730  -40.294  35.421 0.0000000000
31941  -18.855  -40.154  36.011 0.0000000000
31948  -18.708  -40.125  34.980 0.0000000000
63555  -52.704  -3.182  22.746 0.0000000000
105823  -7.670  -53.657  42.935 0.0000000000
20762  -7.101  -53.496  43.367 0.0000000000
20753  -6.483  -53.135  43.788 0.0000000000
20761  -6.460  -53.171  42.990 0.0000000000
39223  -33.588  -32.386  30.993 0.0000000000
39967  -33.939  -32.147  31.962 0.0000000000
40673  -32.645  -31.033  36.964 0.0000000000
41472  -32.521  -29.765  37.048 0.0000000000
42258  -33.129  -27.930  37.310 0.0000000000
34430  -21.678  -38.495  30.575 0.0000000000
118180  -28.827  -36.387  34.456 0.0000000000
35278  -28.874  -37.300  33.497 0.0000000000
34407  -21.701  -38.134  32.433 0.0000000000
34391  -20.780  -38.070  33.517 0.0000000000
34406  -21.238  -38.660  32.541 0.0000000000
33580  -21.119  -39.282  32.087 0.0000000000
60947  -45.924  -7.202  21.235 0.0000000000
60005  -47.434  -7.850  28.087 0.0000000000
60012  -47.337  -7.510  27.372 0.0000000000
60898  -47.828  -7.149  27.606 0.0000000000
62668  -48.450  -4.231  26.494 0.0000000000
63515  -48.831  -3.291  26.019 0.0000000000
62681  -48.622  -4.449  24.403 0.0000000000
63522  -49.053  -3.535  24.967 0.0000000000
63523  -49.743  -2.732  25.376 0.0000000000
43951  -30.712  -26.412  29.625 0.0000000000
44789  -30.979  -25.391  28.713 0.0000000000
47400  -36.977  -21.864  26.540 0.0000000000
47412  -36.815  -21.366  25.571 0.0000000000
50325  -37.591  -18.809  31.080 0.0000000000
49305  -37.438  -19.281  30.258 0.0000000000
50307  -37.995  -18.504  31.684 0.0000000000
49309  -41.628  -19.561  31.459 0.0000000000
111027  -40.743  -21.104  30.612 0.0000000000
48315  -41.782  -20.378  30.704 0.0000000000
48338  -42.034  -21.490  29.151 0.0000000000
48327  -42.593  -21.039  29.840 0.0000000000
113069  -43.998  -20.316  31.052 0.0000000000
25396  -11.778  -47.838  37.054 0.0000000000
25377  -11.136  -48.273  37.646 0.0000000000
24463  -9.921  -47.844  36.452 0.0000000000
20825  -6.356  -53.441  37.511 0.0000000000
19853  -3.356  -54.000  40.293 0.0000000000
122166  -2.913  -53.384  41.236 0.0000000000
46401  -35.216  -22.626  35.664 0.0000000000
31147  -17.778  -40.705  32.413 0.0000000000
21732  -9.627  -52.515  40.877 0.0000000000
111547  -9.818  -52.763  41.501 0.0000000000
20785  -9.061  -52.715  41.465 0.0000000000
107346  -8.895  -53.048  42.091 0.0000000000
20792  -8.329  -52.735  40.985 0.0000000000
36186  -32.648  -36.047  29.611 0.0000000000
113862  -34.027  -35.275  31.545 0.0000000000
121528  -33.738  -35.195  30.967 0.0000000000
37690  -34.074  -34.756  31.157 0.0000000000
106206  -34.237  -34.192  31.467 0.0000000000
35294  -22.708  -36.486  32.803 0.0000000000
36909  -24.390  -34.989  32.877 0.0000000000
36902  -23.775  -35.312  32.685 0.0000000000
118843  -24.267  -35.035  32.278 0.0000000000
36920  -24.383  -34.813  31.527 0.0000000000
36910  -25.155  -34.827  32.406 0.0000000000
34393  -30.745  -37.740  33.581 0.0000000000
108117  -30.902  -37.233  30.976 0.0000000000
35346  -32.082  -36.981  28.958 0.0000000000
36065  -23.762  -35.312  38.810 0.0000000000
36052  -24.782  -35.568  40.169 0.0000000000
35202  -22.932  -35.891  38.500 0.0000000000
35219  -22.819  -35.985  37.707 0.0000000000
35262  -22.710  -35.963  34.909 0.0000000000
35248  -22.571  -36.038  35.876 0.0000000000
56515  -40.491  -12.463  25.777 0.0000000000
116729  -31.121  -23.573  28.538 0.0000000000
48381  -35.155  -21.186  25.965 0.0000000000
106849  -35.902  -21.384  25.906 0.0000000000
126976  -36.545  -21.489  25.994 0.0000000000
47388  -36.633  -21.645  27.277 0.0000000000
52100  -39.798  -16.712  33.921 0.0000000000
51202  -39.894  -17.863  33.128 0.0000000000
50294  -41.742  -19.813  33.552 0.0000000000
30204  -14.454  -42.099  35.703 0.0000000000
30185  -14.690  -42.307  36.777 0.0000000000
30203  -13.603  -42.471  36.220 0.0000000000
28271  -13.156  -44.256  37.384 0.0000000000
28256  -13.070  -45.389  38.298 0.0000000000
28263  -12.863  -44.958  37.552 0.0000000000
27305  -11.547  -45.752  35.369 0.0000000000
27293  -12.505  -45.787  36.613 0.0000000000
27292  -12.145  -46.280  36.175 0.0000000000
26326  -12.109  -47.184  36.525 0.0000000000
26341  -11.381  -46.655  35.853 0.0000000000
26340  -10.661  -47.107  35.429 0.0000000000
35283  -33.168  -36.553  34.365 0.0000000000
118532  -33.444  -35.780  33.960 0.0000000000
36094  -34.983  -35.885  36.624 0.0000000000
36892  -35.480  -35.363  36.138 0.0000000000
36081  -27.136  -36.370  37.658 0.0000000000
36092  -26.881  -36.498  36.693 0.0000000000
35222  -29.229  -37.537  37.618 0.0000000000
35236  -29.100  -37.596  36.817 0.0000000000
34348  -29.131  -37.477  35.636 0.0000000000
34349  -29.430  -37.783  36.178 0.0000000000
34310  -31.984  -36.107  38.541 0.0000000000
34309  -31.263  -36.816  38.707 0.0000000000
34338  -32.187  -38.314  36.452 0.0000000000
34337  -31.499  -38.278  36.464 0.0000000000
124552  -31.146  -38.562  35.816 0.0000000000
34350  -30.925  -38.663  35.344 0.0000000000
34366  -31.155  -38.883  35.066 0.0000000000
34379  -30.964  -38.649  34.793 0.0000000000
34367  -31.667  -38.614  35.260 0.0000000000
35264  -33.112  -37.142  34.925 0.0000000000
34396  -32.535  -37.148  34.583 0.0000000000
35282  -32.710  -36.991  33.710 0.0000000000
36055  -27.802  -36.262  39.294 0.0000000000
36067  -26.662  -35.347  38.457 0.0000000000
50397  -41.495  -18.916  26.645 0.0000000000
51283  -41.008  -18.534  26.043 0.0000000000
122232  -41.528  -18.199  26.509 0.0000000000
53048  -42.227  -16.743  27.969 0.0000000000
52165  -41.832  -16.929  27.300 0.0000000000
53039  -42.047  -16.110  27.662 0.0000000000
53896  -42.036  -15.252  27.753 0.0000000000
110945  -45.420  -15.002  29.807 0.0000000000
53889  -44.457  -15.374  30.019 0.0000000000
54763  -44.507  -14.600  30.222 0.0000000000
55630  -43.500  -13.521  28.807 0.0000000000
54761  -43.379  -14.303  28.812 0.0000000000
54760  -42.432  -13.903  28.668 0.0000000000
54770  -41.748  -14.434  27.975 0.0000000000
55638  -41.492  -13.479  28.199 0.0000000000
55637  -40.884  -12.935  27.343 0.0000000000
56500  -41.968  -11.932  28.039 0.0000000000
118160  -43.125  -10.361  27.660 0.0000000000
57343  -42.409  -10.978  27.738 0.0000000000
58229  -42.580  -10.181  27.041 0.0000000000
118901  -42.086  -10.010  26.205 0.0000000000
59129  -43.796  -8.503  27.114 0.0000000000
58243  -44.174  -9.252  27.703 0.0000000000
59106  -46.430  -9.601  28.636 0.0000000000
59119  -45.319  -8.826  28.006 0.0000000000
59121  -46.971  -9.301  27.873 0.0000000000
121972  -47.657  -8.784  29.392 0.0000000000
59999  -48.557  -8.455  30.682 0.0000000000
43096  -30.374  -27.134  33.596 0.0000000000
43108  -30.311  -26.014  33.170 0.0000000000
44764  -30.884  -24.343  32.744 0.0000000000
43927  -30.315  -25.022  33.105 0.0000000000
47332  -34.056  -22.528  33.854 0.0000000000
123400  -33.522  -23.189  33.691 0.0000000000
47346  -33.010  -22.538  31.833 0.0000000000
46428  -33.050  -22.921  32.558 0.0000000000
46427  -32.801  -23.223  31.561 0.0000000000
46436  -32.483  -23.288  30.924 0.0000000000
46444  -31.852  -23.073  30.181 0.0000000000
49302  -32.926  -19.936  31.107 0.0000000000
49317  -32.273  -20.526  29.940 0.0000000000
121996  -32.474  -20.552  29.180 0.0000000000
49332  -32.809  -20.029  29.446 0.0000000000
49319  -33.535  -19.521  29.677 0.0000000000
50321  -33.482  -19.452  30.559 0.0000000000
51212  -35.725  -17.556  31.819 0.0000000000
51213  -36.663  -17.037  31.675 0.0000000000
52087  -36.678  -16.561  35.235 0.0000000000
52088  -37.848  -16.213  34.662 0.0000000000
52089  -38.907  -16.128  34.304 0.0000000000
31940  -17.864  -40.354  36.249 0.0000000000
108490  -17.765  -41.167  37.139 0.0000000000
31130  -16.973  -40.567  33.148 0.0000000000
110019  -17.093  -40.957  33.905 0.0000000000
31111  -16.632  -41.028  34.036 0.0000000000
31110  -15.676  -41.070  34.107 0.0000000000
31088  -15.447  -41.251  35.127 0.0000000000
121569  -14.911  -41.709  35.244 0.0000000000
31109  -14.872  -41.497  34.415 0.0000000000
21712  -4.745  -51.692  43.117 0.0000000000
37717  -32.627  -34.273  28.558 0.0000000000
39236  -32.567  -32.962  28.964 0.0000000000
39966  -33.309  -31.555  31.415 0.0000000000
40724  -31.751  -30.510  31.270 0.0000000000
36129  -33.800  -35.107  33.594 0.0000000000
111101  -33.904  -34.574  33.848 0.0000000000
113001  -34.194  -33.913  33.786 0.0000000000
38471  -34.526  -33.434  32.807 0.0000000000
40685  -32.088  -31.921  36.102 0.0000000000
39950  -32.658  -32.902  34.428 0.0000000000
40683  -31.081  -30.098  34.898 0.0000000000
40692  -30.893  -30.326  34.039 0.0000000000
41489  -30.645  -29.262  34.345 0.0000000000
42300  -30.162  -28.721  33.666 0.0000000000
43068  -32.370  -26.605  36.571 0.0000000000
43876  -32.117  -25.648  36.072 0.0000000000
43051  -35.058  -27.734  36.054 0.0000000000
119793  -35.415  -26.769  35.906 0.0000000000
44712  -34.893  -24.850  35.744 0.0000000000
35329  -22.477  -36.932  30.102 0.0000000000
35233  -26.753  -36.370  35.865 0.0000000000
36104  -26.334  -35.961  35.285 0.0000000000
36115  -27.524  -35.649  35.102 0.0000000000
36138  -27.444  -36.253  32.745 0.0000000000
113547  -26.934  -35.152  32.963 0.0000000000
36137  -26.906  -35.479  31.960 0.0000000000
36151  -26.909  -35.939  30.966 0.0000000000
126759  -29.029  -37.535  32.080 0.0000000000
32767  -21.019  -39.645  36.181 0.0000000000
127152  -21.477  -37.438  36.515 0.0000000000
33567  -19.976  -38.517  33.872 0.0000000000
32780  -19.761  -39.189  34.007 0.0000000000
123693  -20.540  -39.799  34.682 0.0000000000
32786  -19.785  -39.904  33.381 0.0000000000
109967  -19.479  -40.348  33.005 0.0000000000
60031  -43.760  -6.995  26.119 0.0000000000
126202  -45.753  -6.471  26.405 0.0000000000
60048  -45.125  -6.630  25.847 0.0000000000
60920  -45.844  -6.418  24.975 0.0000000000
61784  -48.405  -5.640  27.559 0.0000000000
61786  -47.737  -5.758  27.105 0.0000000000
120812  -47.664  -5.019  24.798 0.0000000000
60921  -47.132  -5.086  25.769 0.0000000000
61803  -46.725  -5.509  23.728 0.0000000000
61810  -46.543  -5.553  22.647 0.0000000000
62683  -47.161  -4.943  23.254 0.0000000000
63542  -48.325  -3.949  23.300 0.0000000000
62687  -47.588  -4.288  22.825 0.0000000000
62691  -47.909  -4.528  21.750 0.0000000000
62697  -47.812  -5.046  20.539 0.0000000000
63551  -48.827  -3.870  21.806 0.0000000000
63534  -51.554  -2.816  23.556 0.0000000000
106260  -51.309  -2.906  23.233 0.0000000000
64415  -51.892  -2.514  24.278 0.0000000000
22681  -8.541  -50.556  37.066 0.0000000000
22668  -8.366  -51.346  37.409 0.0000000000
42327  -28.471  -28.853  30.462 0.0000000000
43120  -28.578  -27.799  30.373 0.0000000000
47413  -37.413  -20.661  25.258 0.0000000000
48398  -37.645  -20.290  24.421 0.0000000000
48415  -38.245  -20.014  24.847 0.0000000000
49334  -34.758  -19.721  29.054 0.0000000000
48333  -34.768  -19.973  28.637 0.0000000000
49335  -36.158  -19.783  29.065 0.0000000000
48335  -36.709  -20.644  28.998 0.0000000000
48336  -37.268  -21.031  29.400 0.0000000000
47370  -37.143  -21.591  27.655 0.0000000000
115284  -37.617  -21.300  28.924 0.0000000000
49292  -39.593  -19.922  31.884 0.0000000000
49291  -38.823  -20.155  31.768 0.0000000000
49307  -39.429  -20.612  31.528 0.0000000000
47352  -39.361  -22.093  29.802 0.0000000000
47362  -38.856  -22.032  28.895 0.0000000000
109070  -38.245  -21.743  28.265 0.0000000000
47372  -39.115  -22.031  28.067 0.0000000000
47391  -38.699  -21.936  27.195 0.0000000000
47392  -39.889  -21.873  27.486 0.0000000000
47402  -40.110  -21.238  26.940 0.0000000000
47403  -40.707  -20.971  27.061 0.0000000000
48383  -40.761  -20.326  26.944 0.0000000000
49367  -40.971  -19.878  26.992 0.0000000000
48384  -41.366  -19.932  27.680 0.0000000000
49347  -44.259  -19.980  28.506 0.0000000000
49354  -43.809  -19.824  27.638 0.0000000000
50360  -44.181  -19.730  28.830 0.0000000000
51260  -43.622  -19.190  28.623 0.0000000000
112097  -44.034  -19.340  30.015 0.0000000000
24446  -10.548  -48.633  38.153 0.0000000000
24437  -10.800  -49.094  38.896 0.0000000000
23574  -10.269  -49.326  38.459 0.0000000000
23563  -10.685  -49.806  39.161 0.0000000000
23573  -9.589  -49.606  38.080 0.0000000000
23593  -8.805  -48.723  36.118 0.0000000000
23584  -8.555  -49.643  36.683 0.0000000000
21765  -8.059  -52.149  37.688 0.0000000000
21757  -8.336  -52.288  38.447 0.0000000000
21756  -7.611  -52.833  37.985 0.0000000000
118852  -6.537  -53.260  39.135 0.0000000000
20802  -7.352  -52.967  39.408 0.0000000000
20801  -6.773  -53.238  39.988 0.0000000000
20790  -6.247  -53.440  40.368 0.0000000000
19874  -4.184  -54.336  38.321 0.0000000000
114677  -4.838  -53.951  38.804 0.0000000000
19849  -4.558  -53.750  40.946 0.0000000000
19855  -4.886  -54.013  40.271 0.0000000000
105998  -4.948  -53.406  41.689 0.0000000000
20770  -5.327  -53.120  42.264 0.0000000000
20769  -4.608  -53.120  42.253 0.0000000000
21726  -3.511  -52.525  42.608 0.0000000000
21718  -3.103  -52.163  43.056 0.0000000000
21737  -0.167  -53.023  40.437 0.0000000000
20777  -0.893  -53.179  40.968 0.0000000000
21738  -9.420  -52.451  40.254 0.0000000000
36155  -33.429  -35.794  31.239 0.0000000000
36923  -34.136  -35.216  32.161 0.0000000000
36112  -23.346  -35.533  34.154 0.0000000000
36113  -24.130  -35.119  34.318 0.0000000000
122729  -24.741  -34.990  34.049 0.0000000000
34409  -31.810  -37.428  33.207 0.0000000000
35299  -31.550  -37.586  32.343 0.0000000000
113614  -32.158  -37.470  31.698 0.0000000000
107008  -32.288  -37.266  30.817 0.0000000000
105668  -32.085  -37.164  29.758 0.0000000000
126602  -26.212  -34.645  39.053 0.0000000000
105696  -24.614  -34.741  38.200 0.0000000000
36088  -23.332  -35.210  37.109 0.0000000000
36101  -23.501  -35.456  35.640 0.0000000000
57362  -40.913  -11.285  25.554 0.0000000000
60055  -44.034  -7.763  23.710 0.0000000000
40735  -31.449  -30.816  29.006 0.0000000000
47386  -31.688  -21.797  28.170 0.0000000000
46470  -31.431  -22.740  27.787 0.0000000000
46480  -32.162  -22.877  26.827 0.0000000000
107731  -35.163  -20.070  26.541 0.0000000000
29264  -13.379  -43.144  34.561 0.0000000000
29256  -12.796  -42.941  35.575 0.0000000000
29246  -12.159  -43.776  35.989 0.0000000000
121992  -12.120  -44.853  36.351 0.0000000000
36105  -34.504  -36.415  35.346 0.0000000000
36069  -28.272  -36.795  38.595 0.0000000000
35203  -27.917  -36.957  37.841 0.0000000000
35204  -28.622  -37.241  37.991 0.0000000000
34321  -29.909  -37.958  38.032 0.0000000000
34324  -32.240  -37.259  38.118 0.0000000000
34339  -32.758  -38.108  37.275 0.0000000000
34352  -32.226  -38.438  35.838 0.0000000000
123505  -32.272  -38.191  35.434 0.0000000000
34368  -32.860  -38.122  35.807 0.0000000000
35251  -33.280  -37.396  35.552 0.0000000000
50388  -42.624  -18.661  28.075 0.0000000000
105332  -42.192  -18.152  27.652 0.0000000000
52167  -42.454  -17.738  28.323 0.0000000000
52157  -42.478  -16.946  28.471 0.0000000000
53040  -42.565  -16.280  28.427 0.0000000000
55624  -44.989  -13.614  31.265 0.0000000000
54751  -44.166  -13.607  30.315 0.0000000000
55623  -44.359  -12.980  31.134 0.0000000000
55632  -43.962  -12.710  30.450 0.0000000000
56489  -43.734  -12.601  28.667 0.0000000000
56501  -43.060  -11.855  28.297 0.0000000000
57333  -43.964  -11.676  28.509 0.0000000000
57345  -44.165  -10.732  28.467 0.0000000000
58231  -44.426  -9.741  28.404 0.0000000000
58244  -44.697  -8.962  28.244 0.0000000000
58232  -44.887  -9.261  28.916 0.0000000000
58220  -45.854  -9.829  29.527 0.0000000000
58221  -46.559  -9.754  29.480 0.0000000000
121720  -31.066  -25.849  34.701 0.0000000000
43914  -30.872  -24.917  34.426 0.0000000000
44751  -31.299  -24.132  33.559 0.0000000000
45599  -32.101  -23.802  33.017 0.0000000000
48288  -34.202  -21.066  34.223 0.0000000000
48303  -33.901  -21.841  33.041 0.0000000000
48296  -33.964  -21.220  33.532 0.0000000000
48302  -33.445  -21.295  32.196 0.0000000000
108676  -32.932  -21.675  31.613 0.0000000000
124694  -32.324  -21.626  31.141 0.0000000000
48310  -33.025  -20.733  31.539 0.0000000000
50322  -34.323  -18.825  30.791 0.0000000000
51211  -34.769  -18.120  32.436 0.0000000000
51199  -35.148  -17.737  33.168 0.0000000000
120725  -20.013  -40.350  37.532 0.0000000000
31942  -19.641  -40.563  36.841 0.0000000000
31129  -16.397  -40.966  33.329 0.0000000000
63567  -51.509  -3.448  21.431 0.0000000000
63577  -51.216  -3.662  20.411 0.0000000000
63578  -52.037  -3.771  20.730 0.0000000000
21721  -5.880  -52.003  42.408 0.0000000000
124235  -33.320  -32.589  30.445 0.0000000000
127154  -35.334  -34.053  34.858 0.0000000000
37663  -34.882  -34.296  34.267 0.0000000000
38443  -35.143  -33.130  34.362 0.0000000000
39179  -34.799  -32.604  34.843 0.0000000000
40674  -33.572  -31.202  37.497 0.0000000000
41480  -31.467  -29.790  35.781 0.0000000000
43058  -32.884  -27.061  36.835 0.0000000000
43859  -36.205  -26.481  36.694 0.0000000000
36165  -22.879  -35.314  29.973 0.0000000000
35249  -28.519  -35.803  34.986 0.0000000000
108994  -27.859  -35.137  34.577 0.0000000000
123766  -28.295  -35.661  34.396 0.0000000000
35314  -27.738  -37.029  32.243 0.0000000000
35331  -29.730  -37.007  30.416 0.0000000000
35330  -28.919  -36.901  30.583 0.0000000000
33548  -20.970  -38.204  37.557 0.0000000000
34377  -21.371  -37.428  34.814 0.0000000000
119790  -20.432  -39.771  32.630 0.0000000000
60020  -45.596  -7.415  27.118 0.0000000000
60032  -44.754  -7.162  26.606 0.0000000000
60033  -46.201  -6.769  27.063 0.0000000000
121389  -46.640  -5.983  26.357 0.0000000000
61787  -48.074  -5.001  26.886 0.0000000000
61799  -47.939  -4.817  25.292 0.0000000000
62680  -48.224  -4.719  24.347 0.0000000000
63543  -48.979  -4.433  23.793 0.0000000000
63552  -49.191  -3.733  22.790 0.0000000000
63533  -49.854  -2.975  24.283 0.0000000000
64404  -50.823  -2.461  24.726 0.0000000000
23583  -8.032  -50.336  35.965 0.0000000000
109722  -7.735  -50.915  35.873 0.0000000000
43134  -29.687  -27.061  30.455 0.0000000000
127119  -29.765  -27.087  29.855 0.0000000000
123083  -30.305  -27.310  29.125 0.0000000000
105592  -36.906  -21.202  24.959 0.0000000000
47414  -38.191  -20.800  26.468 0.0000000000
49304  -36.643  -18.862  29.451 0.0000000000
49321  -36.210  -19.806  29.225 0.0000000000
49322  -37.144  -19.965  29.812 0.0000000000
48311  -37.875  -20.472  30.614 0.0000000000
49308  -40.273  -20.318  31.668 0.0000000000
48314  -40.089  -21.015  31.219 0.0000000000
114956  -40.959  -20.439  31.320 0.0000000000
48337  -40.338  -21.681  29.793 0.0000000000
47373  -40.153  -22.108  28.286 0.0000000000
47364  -40.880  -21.877  28.981 0.0000000000
120574  -41.514  -21.581  28.542 0.0000000000
48373  -42.145  -20.403  27.946 0.0000000000
48358  -43.275  -20.601  28.342 0.0000000000
49336  -43.945  -20.271  28.831 0.0000000000
49325  -44.261  -20.049  30.846 0.0000000000
26313  -12.945  -46.978  37.812 0.0000000000
25379  -12.728  -47.744  38.172 0.0000000000
23585  -9.130  -49.135  37.313 0.0000000000
20826  -6.894  -53.044  37.390 0.0000000000
107118  -6.934  -53.191  37.925 0.0000000000
20814  -6.422  -53.421  38.275 0.0000000000
20813  -5.689  -53.708  38.765 0.0000000000
19864  -3.177  -54.144  39.541 0.0000000000
19848  -3.807  -53.746  40.875 0.0000000000
111870  -4.024  -53.102  42.096 0.0000000000
20780  -3.479  -53.344  41.494 0.0000000000
20767  -2.811  -53.094  41.698 0.0000000000
20766  -2.032  -52.907  41.745 0.0000000000
35185  -30.534  -37.188  39.435 0.0000000000
35207  -33.466  -37.545  38.671 0.0000000000
106499  -46.085  -16.225  30.599 0.0000000000
52149  -44.726  -16.161  30.678 0.0000000000
110486  -46.264  -16.009  30.337 0.0000000000
53025  -46.202  -15.673  30.153 0.0000000000
54754  -45.816  -15.078  30.587 0.0000000000
56483  -45.883  -12.435  31.189 0.0000000000
56476  -46.232  -12.001  31.353 0.0000000000
57327  -46.093  -10.835  31.098 0.0000000000
45577  -34.160  -23.710  35.060 0.0000000000
45590  -33.687  -23.630  34.494 0.0000000000
46400  -34.678  -23.227  35.252 0.0000000000
47324  -34.687  -22.501  34.725 0.0000000000
48289  -34.702  -21.662  34.825 0.0000000000
49273  -34.499  -20.782  34.993 0.0000000000
51186  -34.450  -17.925  34.461 0.0000000000
31975  -19.158  -40.047  33.667 0.0000000000
31959  -18.412  -40.313  34.007 0.0000000000
31113  -17.854  -40.466  33.362 0.0000000000
20773  -8.337  -53.303  42.504 0.0000000000
20783  -7.528  -53.080  42.247 0.0000000000
111194  -32.890  -35.025  29.344 0.0000000000
120707  -33.986  -34.252  30.867 0.0000000000
38489  -34.054  -33.652  31.034 0.0000000000
34421  -22.040  -37.989  31.416 0.0000000000
35293  -22.218  -37.328  32.307 0.0000000000
36135  -22.762  -36.563  31.698 0.0000000000
36150  -23.186  -35.780  31.139 0.0000000000
36124  -23.243  -35.734  33.213 0.0000000000
36931  -23.586  -34.969  30.717 0.0000000000
36932  -24.322  -34.602  30.520 0.0000000000
36933  -25.261  -34.925  30.360 0.0000000000
34378  -30.427  -37.701  34.183 0.0000000000
35279  -29.679  -37.459  33.538 0.0000000000
106407  -29.947  -37.462  32.164 0.0000000000
112411  -30.817  -37.437  31.773 0.0000000000
35317  -30.215  -37.268  31.147 0.0000000000
34319  -21.518  -36.725  38.679 0.0000000000
34334  -22.036  -36.195  38.201 0.0000000000
35218  -21.968  -36.180  37.374 0.0000000000
35231  -21.836  -36.606  36.442 0.0000000000
35247  -22.007  -36.754  35.383 0.0000000000
114511  -21.621  -37.594  33.134 0.0000000000
54775  -40.489  -13.703  26.113 0.0000000000
60946  -45.466  -7.409  21.584 0.0000000000
60894  -48.481  -6.609  29.102 0.0000000000
61778  -48.169  -6.726  28.172 0.0000000000
61773  -49.215  -6.236  29.848 0.0000000000
114640  -48.841  -5.883  29.029 0.0000000000
45623  -31.213  -24.500  29.214 0.0000000000
47389  -36.994  -22.117  27.182 0.0000000000
112226  -38.879  -17.213  32.926 0.0000000000
50291  -39.342  -18.367  32.533 0.0000000000
50292  -40.398  -18.617  32.763 0.0000000000
50310  -40.918  -19.317  32.477 0.0000000000
120518  -41.508  -19.783  32.234 0.0000000000
49294  -41.677  -19.981  32.470 0.0000000000
122716  -41.952  -18.642  31.813 0.0000000000
49311  -43.005  -19.187  31.854 0.0000000000
127360  -12.593  -45.218  36.973 0.0000000000
25413  -10.416  -47.603  35.936 0.0000000000
25426  -10.178  -47.546  35.019 0.0000000000
19863  -1.858  -54.208  39.603 0.0000000000
124354  -34.563  -35.688  34.246 0.0000000000
36117  -35.119  -35.884  34.741 0.0000000000
36896  -35.254  -34.933  34.818 0.0000000000
36893  -35.660  -34.606  35.594 0.0000000000
36091  -25.901  -35.786  36.502 0.0000000000
35234  -27.558  -37.065  36.061 0.0000000000
114268  -28.182  -37.212  35.540 0.0000000000
35263  -29.849  -37.515  34.932 0.0000000000
123088  -30.458  -38.000  37.404 0.0000000000
115468  -31.174  -37.937  37.328 0.0000000000
117373  -30.293  -37.979  36.052 0.0000000000
112782  -30.830  -38.079  34.311 0.0000000000
34394  -31.165  -37.605  33.895 0.0000000000
34381  -32.005  -37.964  34.902 0.0000000000
35281  -32.559  -37.339  33.159 0.0000000000
35301  -33.054  -37.327  32.792 0.0000000000
50395  -40.075  -18.961  25.982 0.0000000000
51281  -39.278  -18.500  25.001 0.0000000000
51274  -41.845  -17.738  27.033 0.0000000000
52164  -41.479  -17.171  26.548 0.0000000000
115109  -40.976  -16.702  25.854 0.0000000000
53032  -44.117  -16.012  29.912 0.0000000000
53030  -43.132  -15.773  28.892 0.0000000000
53887  -43.321  -15.032  28.809 0.0000000000
54762  -44.022  -14.474  29.255 0.0000000000
53895  -41.173  -14.913  27.300 0.0000000000
54776  -40.606  -14.450  26.593 0.0000000000
55648  -40.424  -13.512  26.683 0.0000000000
56508  -40.429  -12.633  26.390 0.0000000000
57354  -40.462  -11.822  26.050 0.0000000000
57342  -41.387  -11.405  27.306 0.0000000000
57355  -40.894  -11.222  26.387 0.0000000000
58240  -41.359  -10.570  25.823 0.0000000000
58252  -41.885  -9.951  25.225 0.0000000000
59138  -42.383  -9.326  24.774 0.0000000000
126213  -43.339  -8.385  24.863 0.0000000000
59139  -42.990  -8.526  25.463 0.0000000000
59140  -43.508  -7.874  26.343 0.0000000000
59141  -44.290  -7.767  26.891 0.0000000000
124757  -46.735  -8.959  27.192 0.0000000000
60011  -47.121  -8.528  27.550 0.0000000000
109379  -47.678  -8.026  29.039 0.0000000000
58202  -46.760  -10.443  31.191 0.0000000000
58210  -46.611  -10.027  30.310 0.0000000000
59095  -47.290  -9.675  30.577 0.0000000000
60001  -48.156  -8.291  29.817 0.0000000000
60890  -48.288  -7.474  29.505 0.0000000000
60891  -48.891  -7.032  30.055 0.0000000000
43926  -30.333  -25.921  32.317 0.0000000000
44774  -31.326  -25.203  30.966 0.0000000000
45589  -32.955  -23.842  34.283 0.0000000000
45608  -32.594  -23.645  32.201 0.0000000000
124304  -32.105  -24.252  30.952 0.0000000000
44781  -31.653  -24.525  30.405 0.0000000000
48320  -31.970  -21.534  30.483 0.0000000000
47359  -31.806  -22.115  29.803 0.0000000000
47369  -31.839  -21.745  29.006 0.0000000000
48351  -32.200  -20.943  28.501 0.0000000000
48352  -33.009  -20.624  27.764 0.0000000000
48353  -34.091  -20.312  28.111 0.0000000000
123507  -34.909  -18.334  30.082 0.0000000000
50323  -35.870  -18.015  29.916 0.0000000000
50306  -37.256  -17.672  31.102 0.0000000000
51214  -37.467  -17.268  31.953 0.0000000000
52095  -34.713  -17.429  34.086 0.0000000000
52096  -35.202  -17.045  34.386 0.0000000000
52109  -36.265  -17.092  33.545 0.0000000000
52097  -36.349  -16.722  34.327 0.0000000000
52110  -37.290  -16.317  33.122 0.0000000000
108977  -37.852  -16.565  32.490 0.0000000000
52099  -38.981  -16.303  33.440 0.0000000000
31958  -18.006  -40.546  34.438 0.0000000000
31068  -16.511  -40.956  36.012 0.0000000000
31087  -15.524  -42.072  36.023 0.0000000000
30228  -14.596  -42.323  33.994 0.0000000000
30227  -14.162  -42.875  34.316 0.0000000000
63569  -53.207  -3.249  21.918 0.0000000000
62692  -52.932  -3.595  20.786 0.0000000000
39974  -32.320  -31.364  29.778 0.0000000000
113363  -31.727  -30.616  30.191 0.0000000000
41506  -30.518  -30.083  31.725 0.0000000000
36912  -33.912  -35.310  32.698 0.0000000000
37678  -34.455  -34.119  32.286 0.0000000000
39211  -34.297  -32.801  32.450 0.0000000000
39178  -33.313  -33.766  35.162 0.0000000000
39942  -33.471  -33.014  35.976 0.0000000000
39198  -33.114  -33.610  34.519 0.0000000000
40706  -32.374  -30.950  32.910 0.0000000000
40693  -31.566  -31.160  34.196 0.0000000000
115941  -30.750  -30.211  32.761 0.0000000000
41499  -29.938  -29.638  32.779 0.0000000000
43079  -31.037  -26.703  34.530 0.0000000000
42285  -31.343  -27.317  35.016 0.0000000000
43894  -31.445  -25.419  35.162 0.0000000000
43895  -32.032  -24.860  35.710 0.0000000000
44718  -32.644  -24.368  35.993 0.0000000000
125679  -33.324  -25.617  36.418 0.0000000000
43878  -33.467  -24.885  36.226 0.0000000000
44719  -33.745  -24.159  35.687 0.0000000000
36103  -25.591  -35.302  35.122 0.0000000000
106500  -25.731  -35.088  34.168 0.0000000000
36126  -26.051  -34.930  33.179 0.0000000000
36127  -26.970  -34.950  33.920 0.0000000000
122692  -26.125  -35.428  30.106 0.0000000000
35296  -28.422  -37.446  32.602 0.0000000000
36153  -28.232  -36.176  30.691 0.0000000000
36152  -27.721  -36.508  31.334 0.0000000000
122099  -20.479  -39.566  37.963 0.0000000000
32766  -20.365  -39.985  36.789 0.0000000000
32779  -20.275  -40.155  34.987 0.0000000000
33549  -21.180  -37.775  37.026 0.0000000000
34363  -21.349  -38.380  35.221 0.0000000000
33555  -21.358  -39.184  35.655 0.0000000000
32774  -20.980  -39.902  35.265 0.0000000000
109550  -20.148  -40.323  31.904 0.0000000000
60054  -43.636  -8.182  24.424 0.0000000000
60047  -44.436  -6.766  25.385 0.0000000000
60918  -44.451  -6.840  24.066 0.0000000000
60928  -44.969  -6.566  23.350 0.0000000000
60900  -47.663  -6.749  27.174 0.0000000000
61793  -47.446  -4.989  26.415 0.0000000000
60930  -46.311  -6.012  24.236 0.0000000000
61809  -46.067  -6.248  21.880 0.0000000000
61813  -46.946  -6.017  21.772 0.0000000000
63565  -49.656  -4.109  21.087 0.0000000000
122039  -50.018  -3.325  22.648 0.0000000000
63553  -50.778  -3.318  22.097 0.0000000000
63544  -52.209  -3.006  23.316 0.0000000000
21758  -9.183  -51.761  38.734 0.0000000000
22679  -7.426  -51.322  36.275 0.0000000000
21773  -7.051  -51.909  36.619 0.0000000000
41515  -28.330  -29.222  29.694 0.0000000000
43964  -30.635  -26.248  28.180 0.0000000000
48354  -35.553  -19.872  28.048 0.0000000000
48371  -35.906  -20.564  27.303 0.0000000000
105494  -37.443  -21.734  27.349 0.0000000000
48312  -38.444  -21.209  30.625 0.0000000000
48313  -39.243  -21.279  30.985 0.0000000000
48325  -38.948  -21.920  30.311 0.0000000000
48324  -38.044  -21.462  29.806 0.0000000000
47361  -38.114  -21.621  28.875 0.0000000000
47390  -37.652  -21.667  27.044 0.0000000000
105318  -38.137  -21.346  26.906 0.0000000000
47415  -39.409  -20.942  26.505 0.0000000000
48400  -39.685  -20.309  26.295 0.0000000000
49380  -39.960  -19.788  26.150 0.0000000000
49381  -40.775  -19.625  26.336 0.0000000000
49382  -41.336  -19.473  26.846 0.0000000000
50386  -42.044  -19.176  27.508 0.0000000000
49353  -42.819  -19.959  27.489 0.0000000000
49369  -43.136  -19.641  27.512 0.0000000000
50387  -43.102  -19.334  27.695 0.0000000000
50373  -43.587  -19.246  27.976 0.0000000000
51261  -43.272  -17.994  29.644 0.0000000000
51248  -43.995  -17.204  30.461 0.0000000000
117407  -44.234  -19.892  31.382 0.0000000000
22653  -10.591  -50.828  39.331 0.0000000000
22670  -9.608  -50.441  38.133 0.0000000000
24462  -9.039  -48.304  34.969 0.0000000000
21746  -8.617  -52.420  39.241 0.0000000000
20804  -8.845  -52.697  39.960 0.0000000000
20803  -8.174  -52.916  39.660 0.0000000000
109264  -8.439  -52.895  40.268 0.0000000000
20791  -7.505  -52.797  41.373 0.0000000000
127123  -6.592  -53.056  41.814 0.0000000000
19875  -4.934  -53.962  38.032 0.0000000000
20789  -5.636  -53.781  40.310 0.0000000000
112649  -6.001  -53.330  41.007 0.0000000000
20771  -6.151  -53.062  42.387 0.0000000000
106573  -5.870  -52.808  42.459 0.0000000000
21720  -4.920  -52.238  42.731 0.0000000000
20759  -4.214  -52.763  42.525 0.0000000000
19851  -1.354  -54.161  39.932 0.0000000000
20788  -1.566  -53.554  40.540 0.0000000000
20778  -1.609  -53.147  41.175 0.0000000000
21724  -1.739  -52.231  42.166 0.0000000000
29237  -13.835  -43.852  37.676 0.0000000000
47341  -33.625  -22.514  33.106 0.0000000000
47360  -37.172  -21.157  28.511 0.0000000000
47393  -40.782  -21.382  27.406 0.0000000000
48339  -43.048  -21.001  29.119 0.0000000000
48356  -41.497  -21.287  27.950 0.0000000000
49280  -33.853  -20.208  33.546 0.0000000000
49288  -33.410  -20.286  31.911 0.0000000000
49303  -35.366  -18.750  29.339 0.0000000000
49323  -42.950  -20.382  30.556 0.0000000000
49337  -44.227  -19.964  29.587 0.0000000000
49346  -44.124  -20.058  28.011 0.0000000000
49355  -44.117  -19.732  27.999 0.0000000000
50309  -39.969  -19.092  32.126 0.0000000000
51275  -41.875  -18.532  27.150 0.0000000000
52108  -35.293  -17.313  33.724 0.0000000000
53024  -46.130  -15.836  30.042 0.0000000000
53031  -43.658  -15.920  29.339 0.0000000000
53881  -46.030  -15.404  29.996 0.0000000000
54752  -44.825  -14.143  30.963 0.0000000000
55631  -44.164  -13.170  29.174 0.0000000000
56509  -40.797  -12.012  26.804 0.0000000000
57335  -44.825  -11.132  29.691 0.0000000000
58230  -43.793  -10.121  27.933 0.0000000000
59107  -47.008  -9.520  28.695 0.0000000000
59128  -42.989  -8.693  26.549 0.0000000000
59132  -46.140  -8.587  27.268 0.0000000000
60002  -48.647  -7.771  30.191 0.0000000000
61770  -49.430  -6.733  30.593 0.0000000000
61783  -48.072  -6.437  27.542 0.0000000000
63576  -50.341  -3.989  20.307 0.0000000000
105697  -50.337  -2.956  23.529 0.0000000000
109511  -16.009  -40.842  34.732 0.0000000000
118453  -41.521  -12.634  28.096 0.0000000000
120345  -44.960  -15.005  30.640 0.0000000000
123767  -42.651  -9.512  26.576 0.0000000000
124164  -37.959  -21.059  30.337 0.0000000000
124364  -46.754  -5.415  25.651 0.0000000000
126201  -45.869  -15.377  29.918 0.0000000000
127217  -43.568  -19.050  29.501 0.0000000000
