#!ascii label  , from subject 001 vox2ras=TkReg
1462
42382  -42.575  -28.994  26.373 0.0000000000
56502  -52.688  -12.010  27.322 0.0000000000
49370  -48.074  -21.546  26.142 0.0000000000
20842  -11.140  -54.636  34.348 0.0000000000
41525  -38.833  -29.705  29.495 0.0000000000
30168  -25.127  -44.127  37.969 0.0000000000
31033  -35.132  -42.479  39.463 0.0000000000
36107  -40.758  -36.978  35.701 0.0000000000
39933  -41.341  -32.598  34.898 0.0000000000
27324  -18.937  -46.983  32.986 0.0000000000
27285  -21.593  -46.615  37.224 0.0000000000
30239  -23.139  -44.374  32.869 0.0000000000
31137  -32.529  -42.911  33.363 0.0000000000
32782  -37.706  -40.645  34.745 0.0000000000
44757  -43.930  -26.557  33.031 0.0000000000
42334  -48.293  -29.311  30.697 0.0000000000
53049  -52.247  -16.988  25.922 0.0000000000
45657  -44.993  -24.695  26.147 0.0000000000
58295  -50.799  -10.927  20.960 0.0000000000
18083  -6.051  -56.753  35.005 0.0000000000
126362  -41.841  -27.567  34.641 0.0000000000
43968  -39.114  -27.454  28.864 0.0000000000
31979  -26.677  -42.939  33.484 0.0000000000
30191  -30.556  -43.439  37.572 0.0000000000
45609  -50.195  -23.773  30.564 0.0000000000
60974  -57.385  -7.284  18.571 0.0000000000
35285  -40.256  -37.882  32.810 0.0000000000
36914  -40.542  -35.756  32.467 0.0000000000
28303  -20.897  -45.532  33.104 0.0000000000
32797  -35.829  -41.467  31.635 0.0000000000
34397  -38.037  -39.296  32.958 0.0000000000
34354  -38.958  -38.957  35.840 0.0000000000
43123  -43.544  -28.098  30.294 0.0000000000
43098  -45.734  -28.137  32.532 0.0000000000
42358  -45.613  -29.489  28.294 0.0000000000
54780  -52.884  -14.561  26.247 0.0000000000
118834  -52.991  -16.799  29.423 0.0000000000
58235  -53.944  -10.754  26.974 0.0000000000
19917  -9.136  -53.919  33.023 0.0000000000
122844  -8.229  -56.375  35.063 0.0000000000
39961  -40.611  -30.975  31.803 0.0000000000
40687  -42.675  -30.493  34.794 0.0000000000
42301  -39.966  -28.156  32.027 0.0000000000
111045  -39.990  -26.349  31.645 0.0000000000
43121  -38.874  -27.572  29.847 0.0000000000
29238  -23.202  -45.193  37.768 0.0000000000
27261  -22.362  -46.288  39.573 0.0000000000
29202  -23.976  -44.818  40.038 0.0000000000
30138  -26.647  -43.772  40.025 0.0000000000
32020  -25.925  -42.762  31.262 0.0000000000
32022  -28.155  -41.752  31.386 0.0000000000
30212  -34.285  -43.176  36.418 0.0000000000
31098  -31.624  -43.071  35.483 0.0000000000
30177  -32.947  -43.667  38.648 0.0000000000
30158  -31.887  -43.386  39.976 0.0000000000
23613  -14.478  -50.489  33.469 0.0000000000
23588  -15.881  -51.279  36.300 0.0000000000
21760  -15.229  -52.591  38.907 0.0000000000
47405  -46.273  -22.389  26.393 0.0000000000
45626  -47.641  -24.339  29.183 0.0000000000
122517  -47.823  -22.202  29.073 0.0000000000
61847  -58.767  -6.175  17.635 0.0000000000
18068  -9.614  -56.771  37.727 0.0000000000
36878  -40.529  -35.562  39.016 0.0000000000
38397  -42.003  -34.011  38.292 0.0000000000
37657  -40.928  -34.618  35.917 0.0000000000
39213  -39.983  -32.747  32.231 0.0000000000
25415  -17.822  -47.990  34.928 0.0000000000
26314  -19.051  -47.974  37.265 0.0000000000
27307  -20.065  -46.918  35.408 0.0000000000
28279  -22.445  -45.849  35.630 0.0000000000
30220  -25.193  -44.725  35.683 0.0000000000
32024  -30.253  -42.332  31.345 0.0000000000
32027  -33.620  -42.189  31.255 0.0000000000
31139  -35.176  -42.493  33.882 0.0000000000
113065  -37.207  -42.261  37.902 0.0000000000
32756  -38.936  -40.644  38.586 0.0000000000
34327  -39.603  -38.458  38.526 0.0000000000
26386  -17.088  -48.478  31.958 0.0000000000
45565  -44.530  -25.271  36.346 0.0000000000
44669  -47.920  -26.149  38.613 0.0000000000
43871  -46.597  -26.390  35.253 0.0000000000
113053  -48.875  -28.077  34.378 0.0000000000
50391  -50.565  -19.494  26.445 0.0000000000
50345  -49.278  -20.638  29.484 0.0000000000
51237  -51.216  -18.290  29.998 0.0000000000
123128  -2.132  -59.387  36.453 0.0000000000
43184  -44.157  -27.466  25.727 0.0000000000
120879  -44.298  -22.328  23.762 0.0000000000
51291  -48.003  -18.493  23.814 0.0000000000
53071  -49.297  -16.764  24.479 0.0000000000
54789  -48.711  -14.203  25.412 0.0000000000
57363  -49.529  -12.287  25.582 0.0000000000
57378  -51.370  -11.732  24.306 0.0000000000
57419  -49.134  -11.746  21.346 0.0000000000
17167  -7.936  -58.118  37.386 0.0000000000
16226  -6.212  -58.844  37.511 0.0000000000
14474  -3.342  -59.087  36.867 0.0000000000
41431  -43.941  -29.043  39.943 0.0000000000
39906  -41.902  -32.014  37.924 0.0000000000
41461  -42.856  -29.864  38.168 0.0000000000
43843  -43.374  -26.561  37.158 0.0000000000
44721  -42.311  -25.623  34.065 0.0000000000
43931  -41.640  -26.482  31.150 0.0000000000
43163  -40.369  -28.155  27.671 0.0000000000
26281  -20.923  -47.846  38.482 0.0000000000
31132  -25.559  -43.008  33.044 0.0000000000
111236  -26.606  -43.070  35.233 0.0000000000
31134  -29.208  -42.825  33.190 0.0000000000
31095  -28.863  -42.806  35.753 0.0000000000
31042  -27.282  -43.633  37.699 0.0000000000
30155  -29.161  -43.722  39.420 0.0000000000
108647  -10.667  -52.651  33.015 0.0000000000
22714  -13.185  -51.385  33.461 0.0000000000
21782  -12.207  -53.311  35.094 0.0000000000
43971  -47.073  -26.970  28.301 0.0000000000
43127  -50.193  -27.400  30.271 0.0000000000
43902  -52.415  -26.400  32.672 0.0000000000
48305  -49.125  -22.017  32.139 0.0000000000
111187  -53.557  -11.049  24.383 0.0000000000
105828  -55.097  -10.144  23.013 0.0000000000
105942  -56.890  -8.679  22.899 0.0000000000
109915  -55.526  -8.378  18.996 0.0000000000
60940  -58.974  -7.815  22.368 0.0000000000
35322  -39.119  -37.551  31.167 0.0000000000
36924  -39.568  -36.812  30.628 0.0000000000
36171  -38.030  -36.656  30.006 0.0000000000
34422  -37.347  -39.467  30.975 0.0000000000
34423  -37.797  -38.746  31.128 0.0000000000
34411  -38.971  -39.061  32.275 0.0000000000
42370  -42.500  -28.850  28.056 0.0000000000
42344  -44.148  -29.315  29.478 0.0000000000
121185  -43.912  -29.373  28.214 0.0000000000
55641  -53.048  -13.038  27.259 0.0000000000
54772  -53.933  -14.691  27.559 0.0000000000
55633  -54.361  -12.889  28.335 0.0000000000
56494  -54.158  -12.149  28.127 0.0000000000
57349  -53.689  -11.181  27.226 0.0000000000
20850  -9.780  -53.928  33.525 0.0000000000
18994  -8.920  -55.202  33.544 0.0000000000
18974  -9.857  -56.005  34.976 0.0000000000
41508  -39.346  -29.729  31.006 0.0000000000
40707  -40.506  -30.011  32.066 0.0000000000
42313  -39.552  -28.835  31.485 0.0000000000
42312  -38.974  -27.549  30.796 0.0000000000
42329  -38.850  -28.266  30.177 0.0000000000
23577  -16.962  -50.012  38.084 0.0000000000
30167  -24.537  -44.300  37.697 0.0000000000
29216  -23.743  -44.739  39.187 0.0000000000
29217  -24.577  -44.314  39.396 0.0000000000
110969  -25.525  -44.331  40.382 0.0000000000
30152  -26.082  -43.837  39.462 0.0000000000
31058  -34.761  -42.946  37.797 0.0000000000
30195  -34.102  -43.218  37.177 0.0000000000
31045  -34.523  -42.853  38.867 0.0000000000
31031  -33.328  -42.775  40.354 0.0000000000
25397  -17.515  -49.357  35.612 0.0000000000
23589  -16.393  -50.614  36.466 0.0000000000
22673  -16.282  -51.204  37.992 0.0000000000
42207  -46.001  -28.247  40.439 0.0000000000
48386  -47.343  -21.680  26.732 0.0000000000
47395  -47.206  -22.216  28.013 0.0000000000
49348  -48.512  -21.804  27.944 0.0000000000
36085  -40.269  -36.219  37.758 0.0000000000
118516  -40.879  -35.474  37.655 0.0000000000
36108  -41.040  -36.170  35.991 0.0000000000
37671  -40.132  -34.127  33.140 0.0000000000
116968  -39.974  -33.381  31.467 0.0000000000
39224  -40.216  -32.362  31.247 0.0000000000
26372  -18.371  -47.582  33.630 0.0000000000
26342  -18.899  -47.462  34.712 0.0000000000
27315  -19.826  -46.651  33.621 0.0000000000
29274  -22.278  -45.594  33.454 0.0000000000
28285  -22.081  -46.149  34.221 0.0000000000
117305  -23.076  -46.036  33.863 0.0000000000
29257  -23.225  -45.650  35.631 0.0000000000
30230  -24.748  -44.902  34.476 0.0000000000
32048  -32.461  -41.820  30.387 0.0000000000
32788  -36.445  -41.346  33.032 0.0000000000
32005  -35.765  -41.720  32.602 0.0000000000
31984  -36.549  -41.525  34.078 0.0000000000
31103  -36.409  -42.784  35.735 0.0000000000
31952  -37.072  -41.924  35.820 0.0000000000
31937  -37.813  -41.600  37.465 0.0000000000
33550  -38.310  -40.584  36.207 0.0000000000
34355  -39.676  -38.315  36.156 0.0000000000
116221  -39.112  -38.608  36.624 0.0000000000
36084  -39.974  -37.155  37.389 0.0000000000
111370  -40.294  -36.983  39.200 0.0000000000
26387  -18.095  -47.926  32.090 0.0000000000
45579  -44.163  -25.261  34.421 0.0000000000
106200  -45.312  -25.747  35.510 0.0000000000
43881  -45.380  -26.724  34.432 0.0000000000
42302  -46.939  -28.979  31.881 0.0000000000
43084  -47.004  -27.879  33.324 0.0000000000
42304  -48.598  -29.333  32.428 0.0000000000
42291  -50.030  -29.211  33.158 0.0000000000
42305  -49.610  -29.571  32.381 0.0000000000
51277  -51.527  -18.303  26.302 0.0000000000
51262  -50.930  -18.651  27.888 0.0000000000
118733  -51.434  -18.118  27.996 0.0000000000
53005  -53.529  -15.937  31.869 0.0000000000
52185  -48.523  -17.896  24.048 0.0000000000
53068  -47.175  -16.024  23.564 0.0000000000
112495  -47.847  -14.329  23.841 0.0000000000
56527  -48.239  -13.418  23.699 0.0000000000
56517  -49.272  -12.736  25.558 0.0000000000
56539  -48.552  -12.931  23.455 0.0000000000
57391  -49.804  -12.421  23.448 0.0000000000
18092  -6.544  -56.334  34.324 0.0000000000
122083  -5.145  -57.905  35.857 0.0000000000
17156  -9.828  -58.007  38.870 0.0000000000
17168  -8.548  -57.723  37.918 0.0000000000
16228  -9.130  -58.756  38.400 0.0000000000
14478  -6.799  -59.649  37.469 0.0000000000
123115  -5.729  -59.613  36.393 0.0000000000
14476  -4.919  -59.249  37.297 0.0000000000
14484  -4.691  -59.406  36.596 0.0000000000
13567  -3.412  -59.823  35.920 0.0000000000
38421  -41.638  -33.389  36.963 0.0000000000
39134  -42.276  -33.095  38.186 0.0000000000
39912  -41.799  -31.910  36.971 0.0000000000
42273  -42.583  -28.966  35.068 0.0000000000
40676  -42.899  -30.406  35.652 0.0000000000
42248  -42.802  -28.512  35.727 0.0000000000
116537  -43.076  -28.227  37.060 0.0000000000
111601  -42.612  -27.620  35.827 0.0000000000
43870  -42.579  -26.014  35.655 0.0000000000
43869  -41.972  -26.193  34.704 0.0000000000
43941  -39.341  -26.677  30.517 0.0000000000
43930  -40.073  -26.253  31.232 0.0000000000
111416  -39.713  -26.961  29.943 0.0000000000
43956  -41.201  -28.264  30.105 0.0000000000
43148  -39.521  -27.869  28.344 0.0000000000
27283  -20.163  -47.303  36.974 0.0000000000
26280  -20.094  -48.180  38.584 0.0000000000
26299  -20.588  -47.458  38.330 0.0000000000
31997  -26.233  -42.608  32.753 0.0000000000
31995  -25.655  -42.696  32.352 0.0000000000
31961  -25.977  -42.686  33.723 0.0000000000
31115  -26.041  -42.809  34.007 0.0000000000
31950  -26.615  -43.056  34.905 0.0000000000
31151  -31.469  -42.797  32.291 0.0000000000
32000  -29.538  -42.345  32.132 0.0000000000
31150  -30.792  -42.748  32.948 0.0000000000
30209  -30.803  -43.491  36.729 0.0000000000
31096  -29.637  -42.937  35.307 0.0000000000
31073  -29.503  -42.945  36.157 0.0000000000
31057  -28.084  -43.029  36.785 0.0000000000
30189  -29.110  -43.241  37.894 0.0000000000
30172  -28.511  -43.597  38.622 0.0000000000
30173  -29.659  -43.523  38.669 0.0000000000
33519  -38.550  -40.083  41.289 0.0000000000
23602  -13.810  -50.854  34.048 0.0000000000
22702  -13.417  -51.603  34.357 0.0000000000
21791  -12.227  -52.632  34.389 0.0000000000
20807  -15.513  -53.533  39.330 0.0000000000
44799  -44.855  -26.162  26.297 0.0000000000
43981  -45.212  -26.973  26.747 0.0000000000
44800  -45.405  -25.770  26.912 0.0000000000
45616  -49.319  -23.843  29.840 0.0000000000
44783  -48.947  -25.675  28.786 0.0000000000
44775  -50.354  -25.508  29.841 0.0000000000
43935  -51.601  -27.131  31.427 0.0000000000
44758  -51.603  -25.243  32.112 0.0000000000
50327  -49.385  -19.875  31.467 0.0000000000
49313  -48.687  -21.062  31.333 0.0000000000
49283  -49.944  -21.146  32.896 0.0000000000
109620  -51.336  -12.288  22.474 0.0000000000
57379  -52.432  -11.843  23.965 0.0000000000
57408  -51.918  -11.859  21.945 0.0000000000
59172  -53.984  -9.962  21.854 0.0000000000
59181  -54.354  -9.500  21.186 0.0000000000
59165  -56.239  -9.344  22.977 0.0000000000
59182  -55.161  -9.122  21.262 0.0000000000
60981  -55.855  -7.945  16.843 0.0000000000
60118  -55.118  -8.377  17.297 0.0000000000
60964  -56.739  -7.740  19.031 0.0000000000
60088  -57.132  -8.017  20.699 0.0000000000
60958  -57.622  -7.514  20.314 0.0000000000
60959  -58.644  -6.775  20.317 0.0000000000
61838  -60.319  -6.159  18.433 0.0000000000
105977  -40.422  -37.524  33.684 0.0000000000
36897  -41.110  -36.140  33.935 0.0000000000
125184  -40.658  -36.339  32.543 0.0000000000
36925  -40.305  -36.130  30.984 0.0000000000
113020  -19.592  -46.356  32.684 0.0000000000
33581  -36.146  -40.018  31.171 0.0000000000
32798  -37.278  -40.958  32.266 0.0000000000
32790  -37.664  -40.392  33.932 0.0000000000
33557  -38.228  -40.246  35.359 0.0000000000
34383  -38.356  -39.534  33.701 0.0000000000
34385  -39.999  -38.923  34.434 0.0000000000
43933  -43.313  -27.319  31.631 0.0000000000
43097  -44.822  -27.909  33.104 0.0000000000
43124  -44.711  -28.077  31.042 0.0000000000
125929  -46.118  -28.895  31.015 0.0000000000
42333  -47.252  -29.500  29.835 0.0000000000
53060  -52.384  -15.979  25.666 0.0000000000
52151  -52.617  -17.465  28.148 0.0000000000
53898  -53.697  -15.685  27.369 0.0000000000
53882  -54.017  -15.617  29.145 0.0000000000
59134  -55.025  -10.095  26.807 0.0000000000
18982  -7.198  -55.819  33.818 0.0000000000
18084  -7.563  -56.957  35.416 0.0000000000
39951  -41.053  -31.994  33.218 0.0000000000
39934  -42.379  -32.109  35.012 0.0000000000
40696  -41.573  -30.691  33.728 0.0000000000
42287  -41.162  -29.078  33.257 0.0000000000
42271  -41.297  -28.276  33.573 0.0000000000
43879  -41.360  -26.796  33.505 0.0000000000
125243  -39.454  -27.320  31.855 0.0000000000
43928  -39.065  -26.954  30.673 0.0000000000
43953  -38.632  -27.433  29.173 0.0000000000
28265  -22.092  -46.009  37.528 0.0000000000
126313  -21.532  -46.376  38.676 0.0000000000
28259  -22.612  -45.432  38.693 0.0000000000
28252  -23.208  -45.230  39.884 0.0000000000
29183  -26.689  -44.204  41.230 0.0000000000
32809  -27.228  -41.730  30.553 0.0000000000
31998  -27.459  -42.566  31.734 0.0000000000
126634  -33.188  -42.720  34.916 0.0000000000
107420  -31.949  -42.846  34.739 0.0000000000
30222  -32.497  -43.296  36.014 0.0000000000
30211  -32.500  -43.820  36.911 0.0000000000
30192  -31.550  -43.697  37.402 0.0000000000
30157  -31.414  -43.418  39.258 0.0000000000
113825  -32.235  -43.343  39.451 0.0000000000
25440  -16.313  -49.587  32.418 0.0000000000
23604  -15.521  -50.328  34.456 0.0000000000
23587  -15.374  -51.542  35.867 0.0000000000
22683  -14.805  -52.327  36.789 0.0000000000
22672  -15.771  -51.801  37.832 0.0000000000
47404  -45.669  -23.028  26.514 0.0000000000
124069  -46.277  -24.353  27.793 0.0000000000
46472  -46.428  -23.613  27.787 0.0000000000
46446  -47.816  -23.521  29.319 0.0000000000
46438  -49.131  -22.948  30.135 0.0000000000
113646  -50.151  -9.884  20.157 0.0000000000
59179  -51.357  -10.334  20.771 0.0000000000
59198  -50.303  -9.647  19.510 0.0000000000
60989  -56.524  -7.706  16.302 0.0000000000
61835  -58.024  -6.755  18.102 0.0000000000
61854  -57.765  -6.790  16.175 0.0000000000
61866  -58.366  -6.184  15.628 0.0000000000
19890  -11.224  -55.079  36.142 0.0000000000
18967  -9.841  -55.936  36.101 0.0000000000
37631  -42.502  -35.231  39.908 0.0000000000
37637  -40.890  -34.896  39.300 0.0000000000
118398  -41.278  -34.194  36.734 0.0000000000
38434  -40.904  -33.647  35.381 0.0000000000
36898  -40.979  -35.277  34.415 0.0000000000
38458  -40.729  -33.718  33.689 0.0000000000
107005  -40.860  -33.143  33.850 0.0000000000
110925  -40.378  -31.862  31.934 0.0000000000
125198  -39.959  -31.343  30.557 0.0000000000
106888  -17.865  -48.713  35.407 0.0000000000
25380  -17.928  -48.875  37.147 0.0000000000
26328  -19.040  -47.851  36.177 0.0000000000
26329  -19.763  -47.317  36.171 0.0000000000
27294  -20.552  -47.006  36.222 0.0000000000
28293  -20.702  -46.037  33.760 0.0000000000
28277  -21.266  -45.948  34.642 0.0000000000
28272  -22.217  -46.182  36.497 0.0000000000
28273  -22.835  -45.673  36.275 0.0000000000
29249  -24.446  -45.051  36.385 0.0000000000
30205  -24.767  -44.327  36.828 0.0000000000
32025  -31.870  -42.459  30.817 0.0000000000
31165  -33.057  -42.829  31.801 0.0000000000
32028  -34.424  -42.031  31.404 0.0000000000
31154  -34.392  -42.737  32.799 0.0000000000
108029  -33.998  -42.875  33.509 0.0000000000
31101  -34.875  -42.934  35.213 0.0000000000
31079  -36.073  -42.958  36.528 0.0000000000
31047  -36.285  -42.484  38.175 0.0000000000
31910  -36.268  -41.390  40.266 0.0000000000
31920  -37.287  -41.352  39.403 0.0000000000
32748  -38.065  -41.284  39.820 0.0000000000
114197  -39.561  -39.791  39.887 0.0000000000
105682  -38.842  -39.240  36.682 0.0000000000
34326  -39.005  -38.955  38.125 0.0000000000
34301  -39.922  -39.235  40.131 0.0000000000
36058  -40.305  -37.820  39.825 0.0000000000
25441  -17.104  -48.351  33.499 0.0000000000
44665  -45.181  -25.773  38.006 0.0000000000
44684  -46.341  -25.291  37.797 0.0000000000
44706  -47.867  -25.955  37.494 0.0000000000
112981  -48.480  -26.824  35.900 0.0000000000
109307  -46.221  -27.969  33.717 0.0000000000
43884  -47.863  -27.258  34.792 0.0000000000
50389  -49.219  -20.579  25.960 0.0000000000
49349  -49.270  -21.274  28.486 0.0000000000
50363  -49.996  -19.786  27.990 0.0000000000
51250  -50.377  -19.325  29.570 0.0000000000
51229  -50.607  -18.860  31.385 0.0000000000
52141  -51.779  -17.775  29.533 0.0000000000
51230  -51.328  -18.422  31.826 0.0000000000
43200  -41.944  -28.604  25.089 0.0000000000
43183  -43.397  -28.182  25.641 0.0000000000
44014  -42.649  -27.019  24.993 0.0000000000
44853  -43.361  -25.508  24.402 0.0000000000
46489  -44.264  -24.200  24.716 0.0000000000
46490  -44.836  -23.794  25.190 0.0000000000
47429  -45.376  -22.317  24.714 0.0000000000
105366  -46.141  -21.953  24.984 0.0000000000
49383  -47.373  -21.112  24.618 0.0000000000
49393  -48.413  -20.311  24.693 0.0000000000
50407  -49.455  -19.216  24.576 0.0000000000
51293  -49.846  -18.381  24.486 0.0000000000
52174  -50.765  -17.136  24.765 0.0000000000
54801  -47.407  -14.753  23.657 0.0000000000
53911  -48.783  -15.115  25.356 0.0000000000
53913  -50.743  -15.386  25.279 0.0000000000
53903  -51.285  -14.761  25.729 0.0000000000
55650  -50.384  -12.885  26.129 0.0000000000
56511  -50.940  -12.038  26.601 0.0000000000
58245  -51.393  -10.709  26.060 0.0000000000
57377  -50.584  -11.419  25.023 0.0000000000
57407  -50.485  -12.342  22.449 0.0000000000
58294  -49.803  -11.285  20.840 0.0000000000
126212  -49.318  -10.403  20.759 0.0000000000
18076  -9.219  -56.646  36.685 0.0000000000
18085  -8.428  -56.890  35.961 0.0000000000
17166  -7.196  -58.465  36.774 0.0000000000
123456  -7.257  -59.016  38.492 0.0000000000
105632  -6.896  -58.941  38.340 0.0000000000
16247  -6.330  -58.359  36.504 0.0000000000
16245  -4.674  -58.675  37.363 0.0000000000
16236  -3.859  -58.880  37.265 0.0000000000
15362  -2.834  -58.918  36.812 0.0000000000
15372  -2.560  -59.164  36.660 0.0000000000
42206  -44.812  -27.814  40.399 0.0000000000
39900  -42.992  -31.842  39.085 0.0000000000
39923  -42.639  -31.270  35.897 0.0000000000
40658  -42.637  -30.596  37.783 0.0000000000
124870  -43.253  -29.341  39.047 0.0000000000
42226  -43.648  -28.259  38.782 0.0000000000
43826  -44.425  -27.328  38.294 0.0000000000
44680  -43.463  -25.703  36.828 0.0000000000
45572  -42.986  -25.656  34.739 0.0000000000
104918  -42.709  -25.838  33.592 0.0000000000
44753  -41.126  -26.099  32.585 0.0000000000
44754  -41.461  -25.985  32.470 0.0000000000
43917  -42.747  -26.713  32.214 0.0000000000
43944  -42.221  -27.279  30.656 0.0000000000
108656  -41.696  -28.862  30.012 0.0000000000
124084  -41.447  -28.850  26.522 0.0000000000
42355  -37.452  -28.540  28.410 0.0000000000
42340  -37.393  -27.873  28.558 0.0000000000
43146  -37.549  -27.466  28.428 0.0000000000
43966  -37.712  -27.233  28.224 0.0000000000
43161  -38.721  -27.934  26.978 0.0000000000
43180  -39.539  -28.373  26.192 0.0000000000
121674  -40.338  -28.735  25.572 0.0000000000
122296  -41.121  -28.858  25.197 0.0000000000
26282  -21.455  -47.326  38.894 0.0000000000
30249  -23.828  -43.724  32.141 0.0000000000
31149  -25.333  -43.002  32.229 0.0000000000
30240  -24.152  -44.030  33.030 0.0000000000
30231  -25.243  -43.817  33.965 0.0000000000
116326  -25.959  -43.888  35.297 0.0000000000
30207  -26.108  -43.842  36.483 0.0000000000
32044  -28.605  -41.463  31.119 0.0000000000
106916  -28.757  -41.969  31.731 0.0000000000
31980  -28.250  -43.080  33.505 0.0000000000
119715  -30.141  -43.033  34.396 0.0000000000
31965  -28.746  -42.717  34.137 0.0000000000
31964  -27.955  -42.785  34.552 0.0000000000
31951  -27.241  -42.783  35.256 0.0000000000
111546  -26.821  -42.943  36.473 0.0000000000
30188  -26.566  -44.130  37.526 0.0000000000
30171  -27.076  -43.855  38.404 0.0000000000
30140  -28.381  -44.010  39.992 0.0000000000
21799  -9.908  -52.937  32.809 0.0000000000
20851  -11.128  -53.823  34.083 0.0000000000
23628  -13.365  -50.570  32.140 0.0000000000
22726  -12.040  -51.309  32.394 0.0000000000
21801  -11.914  -52.193  33.524 0.0000000000
21790  -11.710  -53.359  34.430 0.0000000000
20843  -11.669  -54.093  34.886 0.0000000000
105580  -12.317  -54.119  36.263 0.0000000000
20819  -14.417  -53.388  38.786 0.0000000000
43166  -45.171  -28.572  26.667 0.0000000000
42359  -46.633  -29.230  28.286 0.0000000000
43139  -47.977  -28.216  29.118 0.0000000000
44792  -47.383  -25.931  28.558 0.0000000000
111773  -48.622  -27.334  29.144 0.0000000000
43126  -49.364  -28.181  30.166 0.0000000000
43114  -50.884  -28.017  31.174 0.0000000000
48329  -48.749  -21.443  29.982 0.0000000000
47353  -48.595  -22.232  30.784 0.0000000000
107808  -50.271  -22.802  32.023 0.0000000000
58254  -51.960  -10.661  25.596 0.0000000000
111831  -53.133  -10.876  25.787 0.0000000000
126990  -54.710  -10.437  25.318 0.0000000000
58284  -53.047  -11.053  22.085 0.0000000000
126855  -54.618  -10.503  23.450 0.0000000000
105385  -55.677  -9.494  25.200 0.0000000000
126761  -56.127  -8.963  24.696 0.0000000000
110803  -56.944  -8.422  24.597 0.0000000000
59202  -54.403  -9.159  19.624 0.0000000000
60087  -56.394  -8.369  20.817 0.0000000000
60069  -58.217  -8.172  22.717 0.0000000000
61828  -58.951  -6.344  19.459 0.0000000000
35321  -38.176  -37.854  30.921 0.0000000000
36156  -38.517  -37.164  30.507 0.0000000000
34433  -37.598  -38.212  30.548 0.0000000000
35303  -38.708  -38.426  31.557 0.0000000000
42356  -43.089  -28.831  28.601 0.0000000000
105347  -43.433  -28.922  27.469 0.0000000000
56503  -53.783  -12.453  27.619 0.0000000000
56493  -53.678  -11.619  27.514 0.0000000000
57348  -52.503  -11.384  26.902 0.0000000000
19898  -10.481  -55.275  34.399 0.0000000000
18984  -9.467  -55.549  34.159 0.0000000000
40726  -39.244  -30.226  30.178 0.0000000000
41517  -38.898  -29.216  30.316 0.0000000000
41507  -38.976  -28.533  30.927 0.0000000000
42342  -38.616  -28.755  29.546 0.0000000000
24439  -17.774  -49.768  38.398 0.0000000000
24449  -17.479  -49.498  37.571 0.0000000000
29230  -24.500  -44.261  38.583 0.0000000000
30151  -25.365  -43.955  38.880 0.0000000000
30169  -25.915  -44.267  38.033 0.0000000000
31046  -35.381  -42.632  38.455 0.0000000000
31024  -34.950  -42.396  40.385 0.0000000000
24448  -16.822  -49.903  37.147 0.0000000000
48376  -47.560  -21.858  27.580 0.0000000000
49356  -48.282  -21.684  27.008 0.0000000000
36095  -40.686  -36.698  36.685 0.0000000000
36096  -41.109  -35.945  36.860 0.0000000000
121734  -39.996  -34.153  30.731 0.0000000000
26356  -19.060  -47.395  33.958 0.0000000000
29275  -22.974  -45.312  33.362 0.0000000000
29266  -23.716  -45.686  34.653 0.0000000000
29276  -23.784  -45.108  33.647 0.0000000000
110605  -37.230  -40.974  34.219 0.0000000000
32781  -37.112  -41.373  34.905 0.0000000000
32775  -37.732  -41.034  35.575 0.0000000000
108393  -37.801  -41.377  36.475 0.0000000000
35253  -40.307  -37.817  35.440 0.0000000000
35239  -40.225  -37.551  36.456 0.0000000000
26388  -18.369  -47.905  32.873 0.0000000000
125395  -44.084  -25.538  33.794 0.0000000000
125227  -44.637  -26.134  33.967 0.0000000000
43898  -44.462  -26.883  33.325 0.0000000000
42316  -47.626  -29.394  31.347 0.0000000000
42303  -47.748  -29.144  32.194 0.0000000000
42317  -48.505  -29.544  31.610 0.0000000000
42318  -49.422  -29.327  31.523 0.0000000000
116082  -51.818  -17.727  25.875 0.0000000000
51270  -51.483  -18.190  27.235 0.0000000000
52168  -52.122  -17.676  26.673 0.0000000000
108579  -53.069  -16.512  32.208 0.0000000000
53085  -47.333  -16.750  23.524 0.0000000000
117996  -48.816  -12.934  24.278 0.0000000000
57389  -48.040  -12.395  22.752 0.0000000000
18082  -5.112  -56.627  34.963 0.0000000000
17183  -5.587  -57.365  35.451 0.0000000000
17155  -8.951  -58.307  38.462 0.0000000000
13568  -4.388  -59.683  35.820 0.0000000000
39158  -40.962  -32.812  35.529 0.0000000000
39147  -41.583  -32.606  36.352 0.0000000000
39159  -41.628  -32.461  35.533 0.0000000000
42272  -41.828  -28.430  34.454 0.0000000000
42259  -42.328  -28.041  35.160 0.0000000000
43059  -42.083  -27.032  35.174 0.0000000000
43070  -41.795  -26.848  34.296 0.0000000000
43954  -39.040  -27.166  29.682 0.0000000000
43969  -39.522  -27.659  29.231 0.0000000000
27284  -20.871  -46.975  37.090 0.0000000000
26316  -20.455  -47.216  37.720 0.0000000000
27274  -20.957  -46.730  38.124 0.0000000000
105519  -26.664  -42.681  32.644 0.0000000000
31978  -26.089  -42.607  33.351 0.0000000000
31962  -26.222  -42.884  34.025 0.0000000000
31136  -31.664  -42.872  33.126 0.0000000000
31074  -30.235  -43.093  36.105 0.0000000000
30208  -29.749  -43.156  37.030 0.0000000000
125273  -28.786  -43.087  37.214 0.0000000000
30190  -29.896  -43.348  37.895 0.0000000000
22682  -14.314  -52.328  36.068 0.0000000000
44821  -45.019  -25.364  26.428 0.0000000000
45642  -45.388  -24.824  26.906 0.0000000000
45617  -49.867  -24.672  29.784 0.0000000000
45618  -50.534  -24.683  30.297 0.0000000000
44776  -51.132  -25.436  30.518 0.0000000000
45610  -51.056  -24.276  30.948 0.0000000000
50314  -49.639  -20.031  32.158 0.0000000000
49297  -49.437  -20.758  32.336 0.0000000000
57421  -51.127  -11.774  21.637 0.0000000000
60085  -54.710  -9.020  20.486 0.0000000000
60973  -56.699  -7.673  18.143 0.0000000000
60972  -55.895  -7.884  17.755 0.0000000000
60965  -57.408  -7.319  19.471 0.0000000000
126457  -58.107  -7.113  20.359 0.0000000000
60966  -58.031  -6.799  19.846 0.0000000000
36130  -40.651  -36.998  32.762 0.0000000000
35305  -40.422  -37.387  32.077 0.0000000000
36936  -39.566  -35.967  30.152 0.0000000000
33596  -35.986  -40.037  30.308 0.0000000000
33583  -37.691  -39.541  31.466 0.0000000000
33582  -37.228  -40.249  31.262 0.0000000000
33572  -38.046  -40.108  32.056 0.0000000000
33568  -37.707  -40.235  33.064 0.0000000000
115281  -37.951  -39.736  33.672 0.0000000000
35284  -39.613  -38.786  32.910 0.0000000000
35266  -40.065  -38.428  33.690 0.0000000000
35267  -40.232  -38.033  34.504 0.0000000000
43110  -43.929  -27.795  30.889 0.0000000000
107328  -44.942  -29.417  29.471 0.0000000000
42331  -45.278  -28.996  30.202 0.0000000000
42332  -46.264  -29.098  30.142 0.0000000000
42345  -45.951  -29.186  29.214 0.0000000000
53905  -52.946  -15.474  26.133 0.0000000000
53051  -53.325  -15.958  26.756 0.0000000000
54781  -53.550  -15.030  26.646 0.0000000000
53878  -54.047  -15.514  30.129 0.0000000000
54747  -54.499  -14.780  30.367 0.0000000000
58223  -55.176  -10.798  28.088 0.0000000000
59108  -54.978  -10.617  27.622 0.0000000000
59122  -54.662  -10.372  27.153 0.0000000000
18983  -8.706  -55.688  33.901 0.0000000000
18993  -8.024  -55.332  33.336 0.0000000000
18094  -8.068  -55.983  34.155 0.0000000000
18093  -7.404  -56.472  34.512 0.0000000000
110033  -40.715  -31.487  32.578 0.0000000000
40695  -41.079  -31.081  33.167 0.0000000000
40708  -40.772  -30.702  32.543 0.0000000000
111851  -40.250  -29.117  31.862 0.0000000000
41501  -40.628  -29.087  32.493 0.0000000000
42286  -40.775  -28.200  32.745 0.0000000000
43081  -40.045  -27.353  32.484 0.0000000000
43940  -39.039  -27.195  29.832 0.0000000000
43136  -38.663  -27.475  29.237 0.0000000000
120255  -22.520  -45.619  37.893 0.0000000000
29204  -25.925  -43.875  40.050 0.0000000000
29205  -26.279  -43.955  40.707 0.0000000000
32021  -27.561  -41.618  30.909 0.0000000000
32795  -26.952  -42.557  31.508 0.0000000000
31077  -34.107  -43.066  35.787 0.0000000000
31076  -33.284  -42.991  35.588 0.0000000000
30194  -33.235  -43.685  37.517 0.0000000000
30193  -32.459  -43.789  37.764 0.0000000000
30176  -31.898  -43.542  38.487 0.0000000000
24492  -16.820  -49.336  33.297 0.0000000000
24491  -15.852  -49.850  33.151 0.0000000000
24476  -16.272  -49.960  34.092 0.0000000000
23595  -15.911  -50.938  35.537 0.0000000000
22684  -15.452  -51.788  36.759 0.0000000000
23565  -16.828  -50.844  38.571 0.0000000000
46471  -45.814  -23.436  27.111 0.0000000000
112308  -46.151  -22.786  27.175 0.0000000000
47376  -47.212  -22.590  28.698 0.0000000000
47365  -47.722  -22.701  29.212 0.0000000000
46447  -48.717  -23.476  29.626 0.0000000000
46437  -48.566  -22.779  29.641 0.0000000000
60132  -55.800  -8.063  15.959 0.0000000000
60990  -57.236  -7.323  16.701 0.0000000000
61001  -57.089  -7.303  15.767 0.0000000000
18960  -11.188  -55.145  37.030 0.0000000000
17157  -10.544  -57.549  38.907 0.0000000000
36873  -40.945  -35.649  39.607 0.0000000000
37630  -41.311  -35.059  39.707 0.0000000000
117993  -41.205  -35.122  36.827 0.0000000000
124190  -41.020  -33.926  36.076 0.0000000000
36904  -40.980  -36.224  33.029 0.0000000000
36905  -41.064  -35.196  33.229 0.0000000000
38457  -39.912  -33.747  32.384 0.0000000000
39200  -39.980  -33.165  33.171 0.0000000000
39214  -40.304  -32.369  32.779 0.0000000000
39977  -39.876  -31.938  30.562 0.0000000000
115140  -18.371  -48.339  35.735 0.0000000000
27316  -19.608  -47.053  34.624 0.0000000000
26343  -19.307  -47.362  35.388 0.0000000000
28292  -20.251  -45.922  32.911 0.0000000000
28286  -21.950  -45.802  35.042 0.0000000000
28278  -21.746  -46.166  35.557 0.0000000000
29258  -24.290  -45.459  35.602 0.0000000000
32047  -31.597  -41.872  30.230 0.0000000000
32026  -32.749  -42.338  31.064 0.0000000000
31164  -32.149  -42.826  31.594 0.0000000000
32812  -35.707  -40.665  30.889 0.0000000000
32796  -35.139  -41.585  31.043 0.0000000000
31982  -35.116  -42.264  33.079 0.0000000000
126139  -34.682  -42.828  33.477 0.0000000000
31122  -34.526  -42.883  34.252 0.0000000000
31123  -35.230  -42.735  34.555 0.0000000000
31080  -36.728  -42.556  36.414 0.0000000000
31060  -36.557  -42.601  37.232 0.0000000000
31059  -35.690  -42.820  37.470 0.0000000000
31928  -36.883  -42.016  38.855 0.0000000000
32762  -38.521  -41.212  38.073 0.0000000000
31929  -38.142  -41.104  38.960 0.0000000000
32749  -38.650  -40.730  39.342 0.0000000000
126060  -38.859  -40.429  40.188 0.0000000000
33534  -39.305  -40.164  39.200 0.0000000000
33558  -38.726  -39.678  35.172 0.0000000000
33551  -38.578  -39.734  36.020 0.0000000000
35208  -39.198  -38.366  37.843 0.0000000000
34312  -39.630  -39.333  39.111 0.0000000000
34313  -40.045  -38.527  39.476 0.0000000000
34302  -40.201  -38.583  40.391 0.0000000000
36073  -40.178  -36.188  38.683 0.0000000000
36059  -40.612  -36.328  39.417 0.0000000000
44682  -44.666  -25.494  37.401 0.0000000000
44683  -45.578  -25.347  37.645 0.0000000000
44703  -45.033  -25.371  36.963 0.0000000000
44715  -46.051  -25.769  35.741 0.0000000000
110409  -46.266  -25.373  36.449 0.0000000000
44716  -46.897  -25.756  36.014 0.0000000000
43862  -47.687  -26.190  36.511 0.0000000000
43872  -47.547  -26.589  35.459 0.0000000000
43083  -45.564  -27.988  33.486 0.0000000000
104906  -46.382  -28.007  32.921 0.0000000000
43085  -48.463  -28.211  33.768 0.0000000000
43883  -47.585  -27.770  34.038 0.0000000000
43071  -48.243  -27.777  34.418 0.0000000000
43873  -48.565  -27.561  35.087 0.0000000000
123175  -49.541  -28.404  34.308 0.0000000000
42275  -50.994  -28.854  34.020 0.0000000000
50390  -49.885  -20.036  25.999 0.0000000000
50375  -49.869  -19.871  27.094 0.0000000000
51251  -50.771  -18.920  28.841 0.0000000000
124271  -50.810  -18.721  29.604 0.0000000000
51228  -49.991  -19.411  31.038 0.0000000000
51236  -50.553  -18.898  30.391 0.0000000000
109002  -53.099  -16.924  28.557 0.0000000000
52142  -52.398  -17.320  29.040 0.0000000000
52130  -52.307  -17.203  29.924 0.0000000000
52123  -51.930  -17.912  31.341 0.0000000000
15371  -1.924  -58.912  36.747 0.0000000000
15376  -1.489  -59.351  36.244 0.0000000000
45661  -44.214  -25.156  24.751 0.0000000000
45669  -43.548  -24.613  24.185 0.0000000000
46501  -44.449  -23.384  24.590 0.0000000000
47428  -44.669  -22.641  24.381 0.0000000000
47416  -45.019  -22.999  25.070 0.0000000000
48417  -45.656  -21.558  24.305 0.0000000000
48418  -46.549  -21.346  24.408 0.0000000000
48402  -46.957  -21.682  25.294 0.0000000000
49392  -47.053  -20.675  23.666 0.0000000000
50405  -47.566  -19.993  23.670 0.0000000000
107885  -48.079  -19.580  24.061 0.0000000000
50406  -48.810  -19.688  24.455 0.0000000000
51292  -48.681  -18.942  24.160 0.0000000000
53070  -48.635  -16.977  24.157 0.0000000000
52186  -49.266  -17.682  24.262 0.0000000000
52187  -49.993  -17.505  24.524 0.0000000000
111280  -48.338  -14.223  24.642 0.0000000000
127334  -48.389  -14.711  25.015 0.0000000000
53912  -49.669  -15.233  25.491 0.0000000000
54791  -50.205  -14.552  25.790 0.0000000000
55649  -49.532  -12.607  25.722 0.0000000000
56510  -49.997  -12.183  26.063 0.0000000000
106249  -50.332  -11.732  26.068 0.0000000000
57365  -50.746  -11.095  25.699 0.0000000000
57364  -50.068  -11.779  25.512 0.0000000000
57406  -49.498  -12.346  22.185 0.0000000000
118437  -49.912  -12.011  21.514 0.0000000000
18074  -3.833  -57.011  35.779 0.0000000000
18958  -10.024  -56.131  37.110 0.0000000000
18075  -8.523  -57.445  36.878 0.0000000000
17177  -7.805  -57.729  36.263 0.0000000000
105953  -8.146  -59.158  38.306 0.0000000000
15364  -6.067  -59.068  37.366 0.0000000000
15365  -6.697  -59.115  38.092 0.0000000000
16239  -6.373  -58.819  37.547 0.0000000000
16238  -5.290  -58.803  37.587 0.0000000000
16246  -5.402  -58.484  36.725 0.0000000000
14475  -4.014  -59.156  37.199 0.0000000000
16224  -4.341  -58.903  37.531 0.0000000000
15363  -4.018  -59.116  37.383 0.0000000000
16223  -3.487  -58.972  37.072 0.0000000000
13573  -3.175  -60.414  35.343 0.0000000000
41432  -44.887  -28.854  40.300 0.0000000000
111002  -45.505  -28.152  40.570 0.0000000000
42205  -44.062  -28.197  40.125 0.0000000000
37638  -41.635  -34.705  39.235 0.0000000000
38386  -42.878  -34.608  39.626 0.0000000000
108912  -42.844  -33.211  38.814 0.0000000000
39135  -42.545  -32.343  38.614 0.0000000000
39127  -43.281  -32.815  39.288 0.0000000000
40686  -42.250  -31.318  34.410 0.0000000000
124810  -42.514  -31.681  35.432 0.0000000000
40675  -42.780  -31.310  35.132 0.0000000000
41467  -42.919  -29.768  36.539 0.0000000000
40667  -42.684  -30.642  36.747 0.0000000000
112608  -42.849  -30.026  37.321 0.0000000000
40650  -42.808  -30.556  38.645 0.0000000000
41451  -42.957  -29.818  38.897 0.0000000000
41452  -43.166  -29.080  38.523 0.0000000000
43044  -43.441  -27.496  37.462 0.0000000000
43032  -43.326  -28.313  37.921 0.0000000000
43033  -43.851  -27.601  38.248 0.0000000000
43013  -43.965  -27.474  39.177 0.0000000000
43045  -43.967  -26.922  37.780 0.0000000000
43844  -43.851  -25.964  37.581 0.0000000000
117335  -42.463  -25.793  34.481 0.0000000000
118058  -42.822  -25.687  35.193 0.0000000000
45578  -42.861  -25.692  34.062 0.0000000000
44739  -42.073  -25.475  33.842 0.0000000000
43896  -40.621  -26.814  32.698 0.0000000000
43897  -41.428  -26.338  33.117 0.0000000000
43916  -40.545  -26.374  32.271 0.0000000000
109328  -40.765  -26.354  31.043 0.0000000000
44767  -41.020  -26.083  31.630 0.0000000000
44768  -41.920  -26.126  31.851 0.0000000000
43932  -42.522  -26.796  31.338 0.0000000000
43149  -40.267  -28.201  28.757 0.0000000000
43137  -41.172  -28.781  29.409 0.0000000000
43164  -41.088  -28.433  28.029 0.0000000000
42369  -41.753  -28.893  28.446 0.0000000000
43182  -41.035  -28.690  26.995 0.0000000000
42353  -36.768  -28.051  27.207 0.0000000000
43965  -37.331  -27.428  27.869 0.0000000000
43979  -37.522  -27.418  27.467 0.0000000000
43997  -37.921  -27.666  26.721 0.0000000000
43179  -38.709  -28.026  25.700 0.0000000000
25399  -18.440  -48.341  36.729 0.0000000000
25381  -18.558  -48.517  37.646 0.0000000000
25382  -19.288  -48.285  38.148 0.0000000000
28250  -22.022  -45.935  39.119 0.0000000000
27260  -21.748  -46.660  39.158 0.0000000000
31976  -25.749  -42.721  32.934 0.0000000000
30241  -25.061  -43.592  33.290 0.0000000000
31114  -25.660  -43.044  33.665 0.0000000000
31092  -26.386  -43.224  34.965 0.0000000000
30221  -26.230  -43.529  35.847 0.0000000000
31070  -26.522  -43.029  35.969 0.0000000000
32023  -29.384  -41.866  31.246 0.0000000000
31981  -30.017  -42.582  32.773 0.0000000000
105223  -28.635  -43.038  32.351 0.0000000000
111847  -31.165  -42.922  34.622 0.0000000000
31118  -29.317  -42.792  34.535 0.0000000000
31117  -28.742  -42.637  34.949 0.0000000000
31094  -28.048  -42.727  35.450 0.0000000000
31071  -27.386  -42.731  36.165 0.0000000000
31056  -27.321  -43.168  36.981 0.0000000000
31055  -26.934  -43.541  37.131 0.0000000000
31041  -26.951  -44.046  37.783 0.0000000000
124462  -27.640  -43.617  38.287 0.0000000000
30154  -28.412  -43.835  39.277 0.0000000000
121504  -29.012  -43.810  39.909 0.0000000000
115598  -30.863  -43.530  39.772 0.0000000000
121207  -31.397  -43.498  39.877 0.0000000000
32740  -36.916  -41.160  40.538 0.0000000000
20860  -10.414  -53.462  33.382 0.0000000000
24490  -14.987  -50.064  32.898 0.0000000000
23612  -13.744  -50.910  32.955 0.0000000000
23611  -12.936  -51.198  32.564 0.0000000000
22713  -12.447  -51.710  33.035 0.0000000000
20844  -12.125  -53.844  35.600 0.0000000000
19900  -11.781  -54.509  35.751 0.0000000000
122424  -15.249  -52.378  38.166 0.0000000000
22671  -14.686  -52.604  37.616 0.0000000000
21759  -14.710  -52.784  38.529 0.0000000000
43810  -48.515  -27.163  38.527 0.0000000000
43165  -44.231  -28.709  26.532 0.0000000000
43185  -44.669  -27.803  26.176 0.0000000000
43970  -46.419  -27.276  27.806 0.0000000000
43982  -45.819  -27.731  27.251 0.0000000000
43151  -46.940  -28.161  28.122 0.0000000000
42360  -47.278  -28.792  28.652 0.0000000000
43152  -47.513  -27.717  28.597 0.0000000000
45631  -46.692  -24.441  28.301 0.0000000000
109711  -46.807  -25.295  28.284 0.0000000000
45632  -47.221  -24.826  28.857 0.0000000000
43946  -49.934  -26.460  29.618 0.0000000000
43958  -49.199  -26.440  28.997 0.0000000000
43141  -49.354  -27.345  29.600 0.0000000000
42335  -49.923  -28.524  30.857 0.0000000000
127012  -51.879  -26.590  31.721 0.0000000000
43920  -52.027  -27.096  32.144 0.0000000000
43101  -52.478  -27.217  32.728 0.0000000000
49338  -48.899  -21.276  29.408 0.0000000000
49326  -48.870  -20.707  30.122 0.0000000000
48304  -48.866  -21.233  32.030 0.0000000000
48316  -48.649  -21.796  31.523 0.0000000000
123596  -48.852  -22.296  31.574 0.0000000000
46430  -49.465  -22.525  31.809 0.0000000000
58253  -51.227  -10.827  25.331 0.0000000000
121355  -52.838  -11.329  24.436 0.0000000000
111020  -52.828  -10.845  25.080 0.0000000000
58255  -53.863  -10.745  25.218 0.0000000000
58283  -52.459  -11.063  21.641 0.0000000000
59180  -52.293  -10.215  20.964 0.0000000000
59173  -54.394  -10.389  22.644 0.0000000000
59152  -55.192  -10.108  24.863 0.0000000000
59153  -55.638  -9.637  24.352 0.0000000000
124628  -56.064  -9.275  25.418 0.0000000000
60057  -56.564  -8.793  23.804 0.0000000000
60058  -57.243  -8.312  23.741 0.0000000000
60050  -57.643  -7.816  24.534 0.0000000000
60105  -55.364  -8.387  18.264 0.0000000000
60094  -54.920  -8.870  18.909 0.0000000000
59211  -54.167  -9.327  18.711 0.0000000000
60095  -55.253  -8.577  19.770 0.0000000000
60086  -55.505  -8.631  20.629 0.0000000000
124251  -55.965  -8.264  20.126 0.0000000000
60939  -58.151  -8.036  21.726 0.0000000000
60077  -57.186  -8.349  21.445 0.0000000000
60931  -58.932  -7.813  23.309 0.0000000000
61836  -58.773  -6.163  18.561 0.0000000000
35304  -39.824  -38.118  31.912 0.0000000000
36141  -40.284  -37.185  31.361 0.0000000000
33597  -36.712  -39.740  30.672 0.0000000000
34432  -37.079  -38.896  30.446 0.0000000000
34410  -38.217  -39.189  31.868 0.0000000000
119516  -42.953  -28.619  29.335 0.0000000000
121174  -43.421  -28.625  29.734 0.0000000000
107333  -43.699  -29.261  29.058 0.0000000000
42357  -44.442  -29.646  28.784 0.0000000000
55652  -52.414  -13.612  26.748 0.0000000000
54771  -53.329  -14.079  26.963 0.0000000000
54764  -54.335  -14.043  28.288 0.0000000000
55626  -54.587  -12.763  29.244 0.0000000000
56484  -54.491  -11.945  29.066 0.0000000000
57329  -54.480  -11.342  29.634 0.0000000000
57328  -54.493  -11.297  28.932 0.0000000000
57337  -54.487  -11.320  27.886 0.0000000000
19916  -8.585  -54.563  33.098 0.0000000000
19906  -9.577  -54.611  33.673 0.0000000000
18973  -8.911  -56.009  34.638 0.0000000000
40716  -40.205  -30.477  31.297 0.0000000000
120350  -40.020  -29.647  31.513 0.0000000000
112042  -39.204  -27.783  31.392 0.0000000000
42328  -38.557  -28.081  29.450 0.0000000000
113920  -23.850  -44.686  38.203 0.0000000000
29229  -23.221  -44.982  38.652 0.0000000000
29203  -24.885  -44.711  40.001 0.0000000000
29218  -25.337  -44.011  39.737 0.0000000000
30178  -33.874  -43.236  38.217 0.0000000000
31044  -33.622  -43.026  39.293 0.0000000000
31032  -34.238  -42.609  39.908 0.0000000000
23596  -16.464  -50.346  35.577 0.0000000000
23575  -16.015  -51.195  37.156 0.0000000000
23576  -16.538  -50.633  37.570 0.0000000000
48385  -46.828  -21.844  26.245 0.0000000000
48375  -46.795  -22.054  27.156 0.0000000000
48359  -47.770  -21.974  28.510 0.0000000000
124998  -40.481  -35.674  38.338 0.0000000000
117398  -41.032  -35.483  36.200 0.0000000000
113722  -40.893  -35.381  35.419 0.0000000000
37691  -40.196  -35.079  31.223 0.0000000000
37670  -40.065  -34.838  32.366 0.0000000000
38482  -39.930  -34.251  31.649 0.0000000000
39231  -39.852  -32.936  30.649 0.0000000000
26355  -18.051  -47.583  34.367 0.0000000000
25416  -18.570  -47.738  35.199 0.0000000000
29285  -21.485  -44.986  32.880 0.0000000000
28294  -21.386  -45.698  33.665 0.0000000000
29265  -22.626  -45.859  34.972 0.0000000000
124865  -36.519  -41.493  32.093 0.0000000000
31983  -35.735  -41.823  33.555 0.0000000000
31966  -35.759  -42.157  34.377 0.0000000000
31102  -35.793  -42.801  35.079 0.0000000000
31967  -36.487  -42.165  34.979 0.0000000000
31936  -37.202  -42.056  36.864 0.0000000000
32768  -38.557  -41.010  37.103 0.0000000000
32763  -38.992  -40.425  37.698 0.0000000000
34370  -39.922  -38.713  35.227 0.0000000000
35224  -39.506  -38.066  37.150 0.0000000000
106680  -39.780  -37.787  38.008 0.0000000000
35190  -40.120  -37.785  38.872 0.0000000000
36072  -39.933  -36.950  38.325 0.0000000000
26370  -17.721  -48.361  32.712 0.0000000000
26371  -17.594  -47.780  33.705 0.0000000000
121038  -44.508  -25.334  35.519 0.0000000000
109935  -45.377  -25.464  36.271 0.0000000000
44723  -44.997  -25.826  34.804 0.0000000000
44724  -45.716  -26.298  35.106 0.0000000000
43882  -46.194  -26.968  34.655 0.0000000000
121668  -46.412  -28.466  32.320 0.0000000000
43099  -47.072  -28.454  32.594 0.0000000000
42289  -47.887  -28.551  33.091 0.0000000000
42290  -48.958  -28.892  33.127 0.0000000000
43086  -49.328  -28.544  33.752 0.0000000000
42306  -50.613  -29.105  32.444 0.0000000000
51276  -51.069  -18.972  25.956 0.0000000000
50376  -50.494  -19.325  27.429 0.0000000000
51269  -50.996  -18.798  26.880 0.0000000000
51263  -51.213  -18.354  28.520 0.0000000000
51252  -51.259  -18.311  29.193 0.0000000000
53016  -52.924  -16.672  30.341 0.0000000000
53003  -52.405  -17.261  30.863 0.0000000000
53004  -52.939  -16.585  31.340 0.0000000000
60023  -57.031  -9.321  26.281 0.0000000000
48416  -44.853  -21.874  24.042 0.0000000000
51304  -47.508  -18.082  23.367 0.0000000000
52184  -47.793  -17.438  23.699 0.0000000000
53069  -47.960  -16.514  23.858 0.0000000000
55669  -48.333  -13.825  24.224 0.0000000000
55660  -48.750  -13.567  25.187 0.0000000000
55661  -49.080  -13.403  25.657 0.0000000000
56516  -48.816  -13.164  24.780 0.0000000000
56528  -49.236  -12.608  25.010 0.0000000000
57376  -49.796  -12.049  24.756 0.0000000000
57375  -49.230  -12.627  24.029 0.0000000000
57390  -49.034  -12.735  22.898 0.0000000000
17182  -4.680  -57.250  35.490 0.0000000000
17174  -4.372  -58.007  36.312 0.0000000000
17169  -9.284  -57.488  38.254 0.0000000000
17154  -8.060  -58.313  38.208 0.0000000000
122212  -7.139  -60.376  37.470 0.0000000000
14477  -6.301  -59.540  37.035 0.0000000000
16225  -5.100  -58.793  37.562 0.0000000000
14483  -3.718  -59.406  36.603 0.0000000000
116244  -3.865  -60.351  35.294 0.0000000000
38409  -41.914  -33.430  37.675 0.0000000000
39140  -41.856  -32.707  37.325 0.0000000000
41481  -42.202  -29.561  34.474 0.0000000000
41482  -42.825  -29.781  35.081 0.0000000000
41474  -42.902  -29.405  35.731 0.0000000000
42244  -42.977  -28.886  36.461 0.0000000000
42239  -42.980  -29.166  37.425 0.0000000000
116365  -42.902  -28.119  36.336 0.0000000000
43054  -42.902  -27.265  36.635 0.0000000000
43861  -42.875  -26.228  36.422 0.0000000000
43060  -42.424  -26.716  35.908 0.0000000000
126356  -42.316  -26.352  35.266 0.0000000000
44720  -42.136  -25.642  34.334 0.0000000000
43929  -39.406  -26.554  31.226 0.0000000000
43942  -40.164  -26.553  30.551 0.0000000000
125775  -40.519  -27.223  30.101 0.0000000000
43943  -41.227  -27.138  30.532 0.0000000000
106827  -19.550  -47.598  36.868 0.0000000000
26315  -19.872  -47.733  37.731 0.0000000000
27238  -22.755  -46.509  39.889 0.0000000000
27237  -22.039  -46.915  39.389 0.0000000000
31996  -26.185  -42.587  32.178 0.0000000000
31977  -25.930  -42.617  33.124 0.0000000000
31133  -25.889  -42.679  33.463 0.0000000000
31116  -26.195  -43.078  34.381 0.0000000000
32002  -31.206  -42.628  31.457 0.0000000000
32001  -30.524  -42.509  32.189 0.0000000000
31075  -30.993  -43.342  36.004 0.0000000000
31097  -30.629  -43.067  35.321 0.0000000000
31072  -28.246  -42.867  36.131 0.0000000000
123497  -28.896  -42.954  36.525 0.0000000000
31043  -28.042  -43.299  37.689 0.0000000000
23603  -14.755  -50.598  34.445 0.0000000000
22701  -12.709  -51.966  33.886 0.0000000000
21792  -12.988  -52.188  34.634 0.0000000000
21783  -12.856  -52.660  35.253 0.0000000000
21775  -12.710  -53.322  35.968 0.0000000000
21751  -15.694  -52.723  39.150 0.0000000000
21750  -14.977  -53.049  39.202 0.0000000000
44016  -44.389  -26.579  25.589 0.0000000000
43998  -44.665  -26.977  26.117 0.0000000000
44790  -45.927  -26.451  27.391 0.0000000000
44791  -46.618  -26.144  27.993 0.0000000000
119004  -48.377  -24.204  29.360 0.0000000000
44782  -48.001  -25.185  29.074 0.0000000000
45627  -49.089  -24.829  29.100 0.0000000000
44784  -49.627  -25.593  29.210 0.0000000000
43947  -50.648  -26.305  30.085 0.0000000000
43934  -51.104  -26.709  30.708 0.0000000000
44770  -51.780  -25.981  31.272 0.0000000000
110418  -52.000  -26.116  32.099 0.0000000000
110792  -49.378  -19.821  30.801 0.0000000000
49327  -48.841  -20.304  30.933 0.0000000000
49314  -48.948  -20.462  31.778 0.0000000000
48297  -49.949  -21.894  32.647 0.0000000000
124391  -51.128  -12.373  23.340 0.0000000000
57393  -51.996  -12.242  23.097 0.0000000000
57394  -52.765  -11.898  23.161 0.0000000000
104989  -54.930  -9.761  22.082 0.0000000000
59164  -55.705  -9.842  23.447 0.0000000000
114207  -55.623  -9.777  22.685 0.0000000000
60066  -55.827  -9.276  21.995 0.0000000000
60067  -56.427  -8.927  22.304 0.0000000000
122078  -55.267  -8.225  16.456 0.0000000000
60106  -55.989  -7.919  18.608 0.0000000000
60096  -56.014  -8.074  19.426 0.0000000000
60957  -56.756  -7.898  19.983 0.0000000000
60949  -58.311  -7.393  20.896 0.0000000000
126052  -59.448  -5.883  17.600 0.0000000000
61837  -59.599  -5.848  18.084 0.0000000000
62721  -60.341  -5.942  17.896 0.0000000000
36118  -40.645  -37.091  34.552 0.0000000000
36142  -40.519  -36.646  31.898 0.0000000000
109668  -40.326  -35.683  31.836 0.0000000000
36937  -39.999  -35.220  30.494 0.0000000000
29286  -22.364  -44.762  32.929 0.0000000000
124307  -22.576  -44.382  32.571 0.0000000000
33595  -34.821  -40.843  29.188 0.0000000000
32813  -36.547  -40.880  31.335 0.0000000000
32789  -37.110  -40.884  33.446 0.0000000000
33564  -38.178  -39.884  34.448 0.0000000000
33565  -38.896  -39.744  34.394 0.0000000000
34398  -38.715  -39.315  33.156 0.0000000000
34384  -39.415  -39.343  33.852 0.0000000000
34369  -39.488  -39.360  34.845 0.0000000000
43918  -43.605  -27.040  32.388 0.0000000000
43919  -44.324  -27.339  32.582 0.0000000000
43111  -44.134  -27.631  31.782 0.0000000000
43112  -45.094  -27.908  31.897 0.0000000000
42330  -44.330  -28.811  30.262 0.0000000000
124494  -44.897  -28.715  30.681 0.0000000000
43113  -46.059  -28.657  31.696 0.0000000000
42315  -46.829  -29.205  30.938 0.0000000000
126717  -47.613  -29.473  30.510 0.0000000000
52160  -52.684  -17.368  27.316 0.0000000000
53042  -53.046  -16.733  27.021 0.0000000000
53043  -53.414  -16.369  27.373 0.0000000000
53026  -53.652  -16.363  28.877 0.0000000000
53890  -53.933  -15.653  28.227 0.0000000000
53877  -53.581  -16.230  29.778 0.0000000000
53866  -53.520  -16.064  30.786 0.0000000000
120434  -54.451  -11.133  29.382 0.0000000000
59123  -55.262  -10.224  27.363 0.0000000000
18992  -6.924  -54.839  33.342 0.0000000000
109176  -6.835  -56.832  34.983 0.0000000000
39180  -41.468  -32.583  33.873 0.0000000000
39944  -42.125  -32.278  34.258 0.0000000000
123485  -42.043  -30.362  34.234 0.0000000000
41490  -40.980  -30.052  33.037 0.0000000000
41491  -41.560  -29.793  33.795 0.0000000000
42288  -41.545  -29.045  33.959 0.0000000000
43069  -41.429  -27.515  33.980 0.0000000000
43082  -41.032  -27.432  33.040 0.0000000000
43915  -39.713  -26.782  31.919 0.0000000000
43109  -39.107  -27.033  31.359 0.0000000000
124955  -21.577  -46.249  38.034 0.0000000000
28258  -21.982  -45.854  38.394 0.0000000000
28251  -22.654  -45.636  39.514 0.0000000000
126386  -22.994  -45.100  39.280 0.0000000000
28237  -22.923  -45.888  40.159 0.0000000000
32808  -26.736  -42.390  30.527 0.0000000000
31120  -32.682  -42.779  34.317 0.0000000000
31119  -31.810  -42.867  33.983 0.0000000000
31099  -32.525  -42.847  35.203 0.0000000000
120547  -33.438  -43.396  36.469 0.0000000000
30210  -31.664  -43.580  36.405 0.0000000000
30174  -30.341  -43.433  38.265 0.0000000000
30175  -31.044  -43.455  38.294 0.0000000000
107158  -32.916  -43.157  39.684 0.0000000000
30159  -32.590  -43.145  40.203 0.0000000000
23614  -15.261  -50.167  33.817 0.0000000000
22692  -14.636  -51.765  35.523 0.0000000000
114127  -14.955  -51.997  36.164 0.0000000000
123672  -15.212  -52.199  37.403 0.0000000000
22655  -15.767  -52.198  38.739 0.0000000000
46483  -45.415  -23.919  26.542 0.0000000000
120650  -45.847  -24.201  27.345 0.0000000000
46455  -46.785  -23.697  28.535 0.0000000000
47394  -46.778  -22.713  27.828 0.0000000000
47375  -46.781  -23.174  28.397 0.0000000000
45625  -47.050  -23.982  29.058 0.0000000000
46439  -49.608  -23.143  30.555 0.0000000000
58307  -50.013  -10.501  20.428 0.0000000000
59189  -50.711  -10.332  20.518 0.0000000000
112296  -51.004  -9.912  20.103 0.0000000000
60982  -56.610  -7.645  17.236 0.0000000000
60983  -57.356  -7.325  17.651 0.0000000000
61846  -57.914  -6.767  17.154 0.0000000000
107953  -58.534  -6.254  16.631 0.0000000000
19899  -11.404  -55.094  35.041 0.0000000000
18975  -10.681  -55.658  35.496 0.0000000000
18968  -10.688  -55.687  36.519 0.0000000000
37645  -41.366  -34.549  38.478 0.0000000000
36885  -40.828  -35.097  38.462 0.0000000000
37652  -41.323  -34.788  37.647 0.0000000000
38408  -41.648  -34.077  37.622 0.0000000000
39146  -40.992  -33.360  36.176 0.0000000000
36119  -40.813  -36.160  35.014 0.0000000000
37660  -40.853  -34.498  34.910 0.0000000000
37664  -40.945  -34.417  33.931 0.0000000000
38444  -40.860  -33.700  34.380 0.0000000000
111414  -40.945  -32.980  34.679 0.0000000000
39968  -40.349  -31.388  31.062 0.0000000000
40727  -39.897  -30.758  30.621 0.0000000000
27317  -20.406  -46.492  34.591 0.0000000000
27308  -20.896  -46.498  35.454 0.0000000000
27295  -21.414  -46.717  36.334 0.0000000000
110905  -22.778  -45.704  37.085 0.0000000000
29248  -23.586  -45.370  36.583 0.0000000000
29239  -24.038  -44.777  37.261 0.0000000000
30186  -25.194  -44.044  37.110 0.0000000000
118530  -30.855  -41.975  30.042 0.0000000000
111703  -30.973  -42.424  30.611 0.0000000000
31152  -32.394  -42.945  32.458 0.0000000000
32811  -34.357  -41.695  30.651 0.0000000000
32004  -34.952  -42.018  32.105 0.0000000000
32003  -33.971  -42.472  32.021 0.0000000000
31153  -33.385  -42.932  32.762 0.0000000000
31138  -33.239  -42.873  33.639 0.0000000000
31121  -33.609  -42.833  34.275 0.0000000000
31100  -33.943  -42.875  35.015 0.0000000000
114716  -34.804  -43.155  35.974 0.0000000000
105118  -35.580  -43.101  35.845 0.0000000000
31078  -35.064  -43.099  36.718 0.0000000000
31927  -35.899  -42.077  39.039 0.0000000000
31918  -35.627  -41.845  39.898 0.0000000000
31919  -36.430  -41.515  39.604 0.0000000000
32747  -36.937  -41.015  40.018 0.0000000000
117203  -37.730  -41.689  38.516 0.0000000000
33529  -39.192  -39.607  40.830 0.0000000000
32769  -38.772  -40.091  36.855 0.0000000000
33545  -38.916  -39.552  37.497 0.0000000000
33540  -39.219  -39.862  38.334 0.0000000000
36047  -40.732  -37.237  40.191 0.0000000000
25452  -16.898  -49.053  32.184 0.0000000000
25427  -16.871  -48.301  34.010 0.0000000000
44655  -46.262  -26.208  38.681 0.0000000000
44704  -45.959  -25.123  37.065 0.0000000000
44705  -46.865  -25.433  37.054 0.0000000000
44686  -48.084  -25.941  38.296 0.0000000000
111347  -48.601  -26.274  37.867 0.0000000000
43899  -45.055  -27.264  33.808 0.0000000000
43900  -45.782  -27.560  34.148 0.0000000000
43901  -46.613  -27.628  34.160 0.0000000000
121177  -47.110  -27.027  34.670 0.0000000000
125447  -48.144  -26.978  35.238 0.0000000000
43061  -49.271  -27.611  35.766 0.0000000000
42274  -50.195  -28.733  33.830 0.0000000000
49371  -48.882  -21.189  26.423 0.0000000000
49357  -49.220  -21.366  27.343 0.0000000000
50374  -49.428  -20.519  26.787 0.0000000000
50362  -49.571  -20.434  27.707 0.0000000000
110809  -49.844  -20.446  28.679 0.0000000000
50364  -50.504  -19.279  28.212 0.0000000000
50347  -50.381  -19.801  28.821 0.0000000000
50346  -49.895  -20.048  29.484 0.0000000000
51235  -49.878  -19.598  30.260 0.0000000000
50328  -50.041  -19.377  31.849 0.0000000000
50315  -50.355  -19.559  32.587 0.0000000000
52159  -52.002  -17.758  27.660 0.0000000000
52150  -51.783  -17.842  28.596 0.0000000000
52129  -51.820  -17.809  30.404 0.0000000000
52122  -51.249  -18.375  30.873 0.0000000000
16221  -2.182  -58.278  37.596 0.0000000000
126530  -43.066  -28.993  25.899 0.0000000000
43201  -42.714  -27.886  25.172 0.0000000000
44015  -43.543  -27.095  25.158 0.0000000000
44839  -42.989  -26.287  24.779 0.0000000000
44840  -44.102  -26.098  24.816 0.0000000000
44820  -44.649  -25.530  25.616 0.0000000000
45662  -44.713  -24.600  25.314 0.0000000000
46500  -43.727  -23.711  24.108 0.0000000000
46482  -44.966  -24.038  25.855 0.0000000000
46491  -45.235  -23.367  25.816 0.0000000000
47417  -45.722  -22.611  25.599 0.0000000000
47418  -46.408  -22.118  25.663 0.0000000000
123857  -47.330  -21.615  26.034 0.0000000000
48403  -47.768  -21.382  25.371 0.0000000000
107398  -47.739  -20.445  24.296 0.0000000000
121691  -47.981  -20.847  24.888 0.0000000000
49384  -48.515  -20.853  25.512 0.0000000000
50398  -49.219  -20.103  25.139 0.0000000000
50399  -49.884  -19.590  25.234 0.0000000000
122064  -49.177  -18.455  24.253 0.0000000000
51284  -50.223  -18.964  24.976 0.0000000000
120282  -50.806  -18.797  25.335 0.0000000000
125890  -51.154  -17.728  24.988 0.0000000000
52175  -51.560  -17.254  25.267 0.0000000000
53924  -46.988  -15.218  23.435 0.0000000000
53925  -47.794  -15.462  23.894 0.0000000000
125976  -48.311  -15.208  24.695 0.0000000000
53056  -48.596  -15.957  24.527 0.0000000000
53057  -49.372  -15.958  25.016 0.0000000000
53058  -50.276  -16.112  24.992 0.0000000000
123942  -51.858  -16.434  25.375 0.0000000000
53914  -51.669  -15.631  25.373 0.0000000000
53904  -52.285  -15.042  25.728 0.0000000000
54779  -51.859  -14.202  26.231 0.0000000000
54777  -49.883  -13.570  25.732 0.0000000000
54778  -50.788  -13.884  26.152 0.0000000000
55651  -51.295  -13.221  26.704 0.0000000000
55640  -51.958  -12.581  27.062 0.0000000000
57347  -51.816  -11.750  26.965 0.0000000000
57357  -51.500  -11.194  26.548 0.0000000000
124854  -50.902  -11.207  26.271 0.0000000000
57392  -50.461  -12.005  23.963 0.0000000000
57420  -50.546  -11.793  21.332 0.0000000000
59188  -49.275  -9.655  20.427 0.0000000000
18086  -9.075  -56.271  35.582 0.0000000000
17176  -6.690  -57.633  35.716 0.0000000000
16227  -7.866  -58.801  38.438 0.0000000000
16240  -7.278  -58.633  38.093 0.0000000000
17175  -5.840  -57.968  35.999 0.0000000000
16237  -4.559  -58.871  37.734 0.0000000000
14482  -2.982  -59.498  36.504 0.0000000000
14491  -2.525  -59.569  36.295 0.0000000000
42993  -45.614  -27.808  40.225 0.0000000000
38376  -43.170  -34.808  40.419 0.0000000000
107914  -42.586  -33.959  38.831 0.0000000000
120506  -41.942  -31.875  35.980 0.0000000000
39913  -42.091  -31.270  37.470 0.0000000000
39907  -42.507  -31.378  38.414 0.0000000000
122109  -42.852  -31.074  39.063 0.0000000000
41443  -43.499  -29.663  39.405 0.0000000000
115997  -43.652  -28.834  39.315 0.0000000000
42991  -44.266  -27.581  39.985 0.0000000000
43805  -45.070  -27.874  38.800 0.0000000000
43827  -45.008  -26.918  38.167 0.0000000000
44681  -44.003  -25.321  37.214 0.0000000000
44702  -44.202  -25.124  36.786 0.0000000000
44700  -42.994  -25.483  36.086 0.0000000000
45563  -43.372  -25.242  35.641 0.0000000000
45564  -43.974  -24.990  36.017 0.0000000000
45573  -43.748  -25.171  35.128 0.0000000000
44722  -43.577  -25.438  33.977 0.0000000000
44740  -43.669  -25.879  33.506 0.0000000000
43880  -41.793  -26.137  33.974 0.0000000000
108844  -42.092  -25.624  33.723 0.0000000000
44766  -40.653  -26.098  31.931 0.0000000000
44738  -41.715  -25.991  33.220 0.0000000000
110157  -41.985  -25.884  33.275 0.0000000000
44755  -42.249  -26.094  32.760 0.0000000000
44756  -43.141  -26.384  32.966 0.0000000000
43945  -43.094  -27.445  30.751 0.0000000000
43122  -42.756  -27.946  30.098 0.0000000000
43957  -41.802  -28.372  30.280 0.0000000000
43138  -42.225  -28.729  29.928 0.0000000000
42343  -42.090  -28.951  29.351 0.0000000000
42381  -41.910  -28.833  27.156 0.0000000000
41524  -38.303  -29.258  28.758 0.0000000000
42341  -37.983  -28.248  28.977 0.0000000000
43135  -37.824  -27.806  28.972 0.0000000000
43952  -38.093  -27.395  28.726 0.0000000000
43967  -38.232  -27.312  28.525 0.0000000000
43980  -38.079  -27.316  27.738 0.0000000000
43147  -38.815  -27.657  27.963 0.0000000000
43162  -39.585  -28.006  27.301 0.0000000000
43181  -40.336  -28.463  26.627 0.0000000000
42380  -41.024  -28.829  26.106 0.0000000000
42397  -41.780  -28.945  25.969 0.0000000000
24450  -18.089  -49.056  38.058 0.0000000000
27259  -21.104  -46.964  38.804 0.0000000000
111789  -22.762  -43.984  32.179 0.0000000000
108014  -24.575  -44.232  33.644 0.0000000000
112790  -25.517  -44.194  34.688 0.0000000000
31091  -25.881  -43.381  34.343 0.0000000000
30206  -25.682  -44.138  36.274 0.0000000000
30187  -25.939  -44.194  37.264 0.0000000000
31999  -28.124  -42.743  31.766 0.0000000000
105601  -27.506  -43.127  32.710 0.0000000000
31135  -30.927  -42.896  33.756 0.0000000000
122807  -30.073  -42.842  33.512 0.0000000000
124073  -29.466  -42.836  33.948 0.0000000000
107653  -27.465  -43.097  33.784 0.0000000000
31963  -27.005  -43.059  34.385 0.0000000000
31093  -26.770  -42.786  35.753 0.0000000000
31054  -26.564  -43.544  36.750 0.0000000000
30170  -26.424  -44.029  38.511 0.0000000000
118874  -26.863  -43.700  39.237 0.0000000000
30153  -27.627  -43.806  38.928 0.0000000000
30139  -27.556  -43.877  39.731 0.0000000000
112734  -30.560  -43.484  38.965 0.0000000000
30156  -30.029  -43.593  39.606 0.0000000000
20859  -9.668  -53.500  33.009 0.0000000000
19907  -10.327  -54.223  33.979 0.0000000000
22712  -11.644  -51.850  32.793 0.0000000000
121359  -11.298  -52.330  33.119 0.0000000000
21800  -11.320  -52.905  33.717 0.0000000000
19891  -11.752  -54.686  36.627 0.0000000000
42383  -43.386  -28.883  26.421 0.0000000000
124559  -44.266  -29.079  27.284 0.0000000000
42371  -44.828  -29.444  27.685 0.0000000000
42372  -45.783  -28.998  27.244 0.0000000000
42346  -46.955  -29.584  29.005 0.0000000000
42347  -47.546  -29.059  29.234 0.0000000000
42348  -48.067  -28.965  29.827 0.0000000000
45643  -46.083  -25.155  27.636 0.0000000000
43972  -47.634  -26.831  28.646 0.0000000000
111237  -48.255  -26.398  28.816 0.0000000000
116156  -47.993  -27.295  28.905 0.0000000000
43140  -48.733  -28.141  29.603 0.0000000000
108820  -49.040  -28.916  30.829 0.0000000000
42319  -50.309  -28.956  31.645 0.0000000000
42320  -51.002  -28.636  31.902 0.0000000000
43115  -51.566  -28.049  31.939 0.0000000000
120072  -48.476  -21.668  28.797 0.0000000000
48340  -48.377  -21.779  29.194 0.0000000000
121806  -48.635  -20.993  30.676 0.0000000000
118727  -48.516  -21.662  30.799 0.0000000000
48328  -48.521  -22.103  29.703 0.0000000000
117468  -49.950  -22.888  31.239 0.0000000000
46431  -50.660  -23.460  31.539 0.0000000000
46421  -50.823  -23.361  32.493 0.0000000000
45601  -51.178  -24.254  32.076 0.0000000000
57358  -51.988  -10.882  26.518 0.0000000000
58234  -52.963  -11.140  26.627 0.0000000000
58247  -53.556  -10.924  26.385 0.0000000000
58262  -51.998  -10.979  24.837 0.0000000000
121454  -54.350  -10.493  26.730 0.0000000000
59133  -54.471  -10.523  26.150 0.0000000000
113622  -55.321  -10.083  26.336 0.0000000000
58296  -51.664  -11.024  21.290 0.0000000000
57409  -52.611  -11.687  22.388 0.0000000000
57410  -53.270  -11.448  22.794 0.0000000000
58285  -53.674  -10.713  22.330 0.0000000000
58274  -53.929  -10.971  23.363 0.0000000000
58263  -54.461  -10.611  24.377 0.0000000000
59142  -55.313  -10.110  25.718 0.0000000000
59143  -55.806  -9.806  25.880 0.0000000000
60034  -56.326  -9.630  26.035 0.0000000000
60035  -56.794  -8.862  25.478 0.0000000000
59154  -56.053  -9.264  23.877 0.0000000000
60049  -57.353  -8.009  25.241 0.0000000000
60075  -55.814  -8.772  21.273 0.0000000000
60076  -56.404  -8.731  21.652 0.0000000000
110344  -57.583  -8.376  23.052 0.0000000000
60059  -57.997  -7.926  23.627 0.0000000000
60975  -57.998  -6.597  19.056 0.0000000000
61829  -60.438  -6.533  19.330 0.0000000000
22664  -16.321  -51.618  38.682 0.0000000000
34340  -38.960  -38.742  37.313 0.0000000000
36172  -38.976  -36.645  30.008 0.0000000000
39201  -40.709  -32.663  33.391 0.0000000000
39943  -41.628  -31.692  33.774 0.0000000000
41509  -49.033  -29.735  32.024 0.0000000000
42208  -46.343  -28.295  39.951 0.0000000000
42314  -45.448  -28.685  31.021 0.0000000000
42398  -42.612  -28.840  25.564 0.0000000000
43125  -48.714  -28.672  30.201 0.0000000000
43150  -46.293  -28.545  27.684 0.0000000000
43829  -48.051  -26.492  38.633 0.0000000000
43845  -44.360  -25.850  37.786 0.0000000000
43846  -48.386  -26.339  38.329 0.0000000000
43955  -40.380  -27.800  29.564 0.0000000000
44666  -45.937  -25.553  38.344 0.0000000000
44701  -43.689  -25.187  36.436 0.0000000000
44714  -42.339  -25.939  35.005 0.0000000000
44769  -51.498  -24.945  31.358 0.0000000000
46429  -49.202  -22.679  31.061 0.0000000000
46445  -46.967  -23.233  29.114 0.0000000000
50336  -49.181  -20.076  30.196 0.0000000000
50400  -50.497  -19.407  25.644 0.0000000000
51285  -51.311  -18.191  25.442 0.0000000000
51294  -50.678  -18.162  24.784 0.0000000000
52169  -52.651  -17.106  26.635 0.0000000000
52202  -47.124  -17.348  23.234 0.0000000000
53033  -53.113  -16.919  27.756 0.0000000000
53034  -53.595  -16.392  28.036 0.0000000000
53050  -52.794  -16.395  26.333 0.0000000000
53059  -51.208  -16.323  25.047 0.0000000000
54790  -49.274  -14.340  25.697 0.0000000000
54802  -48.044  -14.756  24.202 0.0000000000
55642  -53.928  -13.537  27.595 0.0000000000
56518  -49.631  -12.195  25.812 0.0000000000
57380  -53.189  -11.554  23.646 0.0000000000
58246  -52.343  -10.763  26.185 0.0000000000
59163  -55.139  -10.187  23.919 0.0000000000
60068  -57.491  -8.452  22.318 0.0000000000
105373  -42.775  -28.898  27.099 0.0000000000
107584  -44.333  -26.504  37.959 0.0000000000
108720  -49.383  -21.424  32.413 0.0000000000
110281  -59.573  -6.102  18.760 0.0000000000
115753  -40.724  -36.818  33.616 0.0000000000
119962  -56.889  -8.659  22.094 0.0000000000
120096  -44.186  -26.103  33.490 0.0000000000
120261  -36.488  -39.447  29.982 0.0000000000
120628  -43.890  -28.021  39.598 0.0000000000
121498  -49.940  -16.684  24.698 0.0000000000
121673  -57.685  -7.903  20.998 0.0000000000
122214  -43.481  -25.407  34.471 0.0000000000
124463  -48.207  -17.190  23.955 0.0000000000
126622  -42.104  -31.349  36.654 0.0000000000
126736  -43.977  -28.195  26.062 0.0000000000
