#!ascii label  , from subject 001 vox2ras=TkReg
387
70864  -28.854  3.577  -32.635 0.0000000000
107616  -24.566  -0.925  -30.808 0.0000000000
107062  -31.457  -0.381  -32.473 0.0000000000
64054  -27.470  -4.402  -31.425 0.0000000000
79970  -28.935  15.258  -32.191 0.0000000000
77502  -31.736  11.054  -30.464 0.0000000000
74150  -25.037  7.954  -31.756 0.0000000000
61456  -27.048  -8.032  -30.034 0.0000000000
65653  -26.247  -2.363  -31.988 0.0000000000
64880  -24.946  -3.882  -29.779 0.0000000000
115174  -29.787  12.873  -31.191 0.0000000000
77514  -25.306  12.120  -32.957 0.0000000000
70853  -24.232  3.494  -31.752 0.0000000000
72495  -23.416  5.337  -31.183 0.0000000000
72505  -26.473  5.982  -33.152 0.0000000000
74163  -29.982  7.659  -32.542 0.0000000000
122949  -32.362  5.337  -32.276 0.0000000000
111716  -33.335  3.723  -32.350 0.0000000000
69045  -23.203  1.439  -30.745 0.0000000000
69062  -26.558  1.579  -32.779 0.0000000000
111928  -29.701  1.922  -33.400 0.0000000000
67324  -27.501  -0.465  -32.738 0.0000000000
107651  -28.789  -2.042  -31.664 0.0000000000
64909  -30.631  -3.928  -31.509 0.0000000000
75858  -23.957  10.050  -30.176 0.0000000000
110563  -27.898  9.714  -32.390 0.0000000000
121837  -34.537  9.293  -31.641 0.0000000000
63161  -25.261  -5.982  -29.074 0.0000000000
63186  -27.406  -5.993  -31.025 0.0000000000
64888  -24.612  -3.213  -29.910 0.0000000000
64856  -23.628  -3.810  -29.036 0.0000000000
78331  -24.943  13.255  -32.706 0.0000000000
77487  -24.280  12.064  -30.726 0.0000000000
70862  -26.506  3.701  -32.592 0.0000000000
71670  -25.350  4.959  -32.153 0.0000000000
71673  -27.648  5.055  -32.795 0.0000000000
110590  -29.900  5.686  -32.623 0.0000000000
71674  -30.062  4.891  -32.728 0.0000000000
113219  -32.747  4.657  -32.372 0.0000000000
121891  -30.999  3.774  -32.524 0.0000000000
68186  -23.757  0.498  -30.755 0.0000000000
69054  -25.069  1.544  -32.103 0.0000000000
68194  -25.209  0.467  -32.065 0.0000000000
68200  -26.650  0.652  -32.884 0.0000000000
67307  -25.842  -0.885  -32.235 0.0000000000
64905  -26.148  -3.306  -31.681 0.0000000000
107294  -27.086  -1.978  -32.146 0.0000000000
65655  -28.619  -2.962  -31.442 0.0000000000
65656  -29.511  -2.650  -31.387 0.0000000000
64907  -28.586  -4.023  -31.214 0.0000000000
80822  -27.520  14.974  -30.183 0.0000000000
80815  -27.717  15.753  -29.891 0.0000000000
80832  -28.302  16.112  -32.623 0.0000000000
81611  -29.054  17.144  -33.224 0.0000000000
117967  -30.401  15.216  -31.190 0.0000000000
78349  -30.063  12.036  -30.854 0.0000000000
73329  -23.960  5.944  -31.236 0.0000000000
74135  -23.051  7.221  -30.669 0.0000000000
74994  -24.611  8.685  -31.080 0.0000000000
75871  -25.138  10.001  -32.294 0.0000000000
75011  -25.776  8.707  -32.902 0.0000000000
74166  -32.784  7.259  -32.049 0.0000000000
75018  -32.036  8.009  -31.544 0.0000000000
75020  -34.909  8.130  -32.872 0.0000000000
69066  -30.209  1.168  -33.027 0.0000000000
106007  -32.222  1.279  -32.988 0.0000000000
123639  -25.955  -8.386  -29.660 0.0000000000
62304  -25.769  -6.835  -29.390 0.0000000000
63177  -25.914  -6.056  -30.049 0.0000000000
61473  -27.223  -7.174  -29.938 0.0000000000
66457  -24.489  -1.782  -30.464 0.0000000000
66465  -25.640  -1.725  -31.771 0.0000000000
65646  -25.030  -2.707  -30.623 0.0000000000
64904  -25.542  -3.276  -31.243 0.0000000000
64040  -25.995  -4.742  -31.125 0.0000000000
79977  -27.495  14.121  -31.146 0.0000000000
79165  -29.703  13.712  -32.042 0.0000000000
79162  -27.534  13.532  -31.467 0.0000000000
78360  -28.830  12.392  -32.396 0.0000000000
77529  -29.243  11.628  -32.387 0.0000000000
70852  -23.395  3.510  -31.437 0.0000000000
116747  -23.413  4.338  -31.350 0.0000000000
72503  -24.992  5.489  -31.918 0.0000000000
116628  -25.800  6.951  -32.842 0.0000000000
74161  -28.093  7.384  -32.637 0.0000000000
73339  -28.611  6.438  -32.700 0.0000000000
117875  -30.839  6.637  -31.926 0.0000000000
73342  -33.606  6.544  -32.425 0.0000000000
72514  -34.505  5.052  -32.949 0.0000000000
60584  -27.711  -8.455  -29.870 0.0000000000
60594  -27.797  -7.776  -29.912 0.0000000000
69956  -23.843  2.622  -31.588 0.0000000000
69962  -25.469  2.555  -32.288 0.0000000000
69964  -27.181  3.237  -32.735 0.0000000000
107784  -29.280  2.683  -33.064 0.0000000000
111980  -28.043  2.005  -33.032 0.0000000000
111199  -28.349  1.054  -33.050 0.0000000000
67325  -29.197  -0.043  -32.569 0.0000000000
109992  -26.382  -1.493  -32.304 0.0000000000
67308  -28.454  -0.693  -32.445 0.0000000000
67310  -30.559  -1.096  -31.970 0.0000000000
66469  -31.083  -2.009  -32.168 0.0000000000
66470  -31.630  -2.964  -32.582 0.0000000000
79150  -31.184  13.439  -29.728 0.0000000000
76709  -25.074  10.717  -31.620 0.0000000000
77526  -26.026  11.150  -32.670 0.0000000000
125735  -30.504  10.003  -31.351 0.0000000000
114361  -30.123  8.604  -33.150 0.0000000000
75890  -30.368  8.862  -31.971 0.0000000000
75861  -33.035  9.881  -31.034 0.0000000000
70866  -31.594  3.057  -32.689 0.0000000000
70868  -33.923  2.679  -32.600 0.0000000000
63160  -24.173  -5.336  -28.064 0.0000000000
63176  -25.353  -5.378  -29.615 0.0000000000
63185  -25.720  -5.109  -30.384 0.0000000000
64041  -26.874  -5.073  -31.236 0.0000000000
62321  -28.650  -6.986  -30.926 0.0000000000
63187  -28.366  -6.417  -31.163 0.0000000000
63202  -28.732  -5.896  -31.410 0.0000000000
77486  -23.613  11.527  -29.732 0.0000000000
109438  -27.177  4.145  -32.667 0.0000000000
71672  -27.041  4.904  -32.728 0.0000000000
109589  -28.346  4.376  -32.622 0.0000000000
123963  -28.687  4.901  -32.639 0.0000000000
109588  -29.327  4.353  -32.563 0.0000000000
109586  -30.853  4.527  -32.484 0.0000000000
109587  -30.213  4.005  -32.522 0.0000000000
67298  -24.076  -0.319  -30.561 0.0000000000
67297  -23.427  -0.216  -30.110 0.0000000000
67305  -24.682  -0.087  -31.247 0.0000000000
67323  -26.008  -0.017  -32.564 0.0000000000
67306  -25.373  -0.313  -32.010 0.0000000000
64906  -26.905  -3.630  -31.692 0.0000000000
106899  -27.717  -3.374  -31.582 0.0000000000
79969  -28.678  15.402  -31.137 0.0000000000
80833  -28.976  16.040  -32.577 0.0000000000
80834  -29.730  15.400  -32.140 0.0000000000
77517  -30.573  11.194  -30.924 0.0000000000
112918  -32.052  11.494  -29.832 0.0000000000
122071  -32.968  11.281  -30.374 0.0000000000
76698  -33.530  10.647  -30.957 0.0000000000
74149  -24.464  6.841  -31.510 0.0000000000
116346  -23.740  6.719  -31.081 0.0000000000
74136  -24.070  7.608  -31.119 0.0000000000
74993  -23.561  8.302  -30.697 0.0000000000
75001  -25.215  9.152  -31.897 0.0000000000
75002  -25.505  8.702  -32.462 0.0000000000
106250  -35.134  7.002  -33.344 0.0000000000
74168  -34.925  7.454  -32.838 0.0000000000
68204  -30.839  0.370  -32.569 0.0000000000
122592  -31.359  1.057  -32.758 0.0000000000
68205  -31.874  0.034  -32.762 0.0000000000
60583  -26.921  -8.614  -30.052 0.0000000000
60582  -26.368  -8.644  -30.004 0.0000000000
61455  -26.322  -7.787  -29.805 0.0000000000
62305  -26.473  -6.873  -29.902 0.0000000000
66448  -23.667  -1.719  -29.604 0.0000000000
65641  -24.145  -2.541  -29.895 0.0000000000
124825  -24.202  -3.681  -29.404 0.0000000000
64889  -25.216  -3.559  -30.649 0.0000000000
64890  -25.689  -3.977  -31.331 0.0000000000
64039  -25.451  -4.345  -30.660 0.0000000000
79161  -26.255  13.371  -32.090 0.0000000000
78345  -25.006  12.899  -33.095 0.0000000000
78346  -25.829  13.329  -32.367 0.0000000000
77515  -26.178  12.228  -32.081 0.0000000000
77528  -28.467  11.547  -32.404 0.0000000000
114317  -23.982  4.292  -31.458 0.0000000000
126447  -26.467  5.661  -32.967 0.0000000000
72504  -25.887  5.728  -32.723 0.0000000000
73336  -25.454  6.244  -32.420 0.0000000000
113484  -25.986  6.358  -33.026 0.0000000000
73337  -26.835  6.273  -33.222 0.0000000000
73338  -27.756  5.961  -33.017 0.0000000000
72506  -30.628  5.300  -32.483 0.0000000000
110941  -30.475  5.976  -32.292 0.0000000000
73340  -31.486  5.799  -32.094 0.0000000000
114264  -32.764  5.928  -32.349 0.0000000000
73349  -34.334  5.961  -32.820 0.0000000000
118076  -33.715  5.811  -32.543 0.0000000000
71675  -33.869  4.445  -32.420 0.0000000000
106147  -34.919  3.329  -33.027 0.0000000000
59669  -27.898  -9.237  -29.616 0.0000000000
59670  -28.713  -9.287  -29.451 0.0000000000
69955  -23.176  2.439  -31.173 0.0000000000
124482  -23.599  1.907  -31.292 0.0000000000
69061  -25.870  1.865  -32.450 0.0000000000
69963  -26.387  2.659  -32.599 0.0000000000
113881  -27.230  2.266  -32.834 0.0000000000
68201  -27.478  0.408  -32.940 0.0000000000
68202  -28.324  0.120  -32.803 0.0000000000
68203  -28.996  0.538  -32.938 0.0000000000
66466  -28.004  -1.521  -32.200 0.0000000000
66467  -28.922  -1.268  -31.938 0.0000000000
67309  -29.530  -0.755  -32.112 0.0000000000
66468  -29.883  -1.703  -31.627 0.0000000000
106268  -29.936  -3.341  -31.354 0.0000000000
65657  -30.602  -2.869  -31.758 0.0000000000
65658  -31.436  -3.629  -32.130 0.0000000000
79149  -30.139  13.616  -30.790 0.0000000000
71655  -22.950  4.757  -31.170 0.0000000000
75841  -23.020  9.927  -29.637 0.0000000000
76694  -22.895  11.054  -30.574 0.0000000000
76695  -24.276  10.765  -30.708 0.0000000000
75885  -26.027  9.955  -33.403 0.0000000000
76723  -25.859  10.478  -33.156 0.0000000000
76724  -26.707  10.386  -32.720 0.0000000000
76725  -28.065  10.597  -32.387 0.0000000000
76727  -29.711  9.788  -32.630 0.0000000000
74162  -29.446  7.448  -32.439 0.0000000000
75014  -29.004  8.358  -32.375 0.0000000000
121983  -30.082  8.233  -33.078 0.0000000000
75003  -33.149  8.478  -31.421 0.0000000000
75891  -31.076  8.603  -31.400 0.0000000000
75874  -32.233  9.047  -31.207 0.0000000000
75873  -30.845  9.381  -31.112 0.0000000000
75875  -33.690  9.163  -31.240 0.0000000000
75876  -34.878  9.909  -31.998 0.0000000000
107783  -30.088  2.498  -33.185 0.0000000000
107233  -30.548  3.174  -32.725 0.0000000000
69966  -31.204  2.149  -32.925 0.0000000000
69968  -33.292  2.104  -32.845 0.0000000000
62286  -25.033  -6.602  -28.529 0.0000000000
122808  -24.764  -6.000  -28.419 0.0000000000
63175  -24.825  -5.103  -28.958 0.0000000000
62319  -26.974  -6.386  -30.353 0.0000000000
105740  -26.463  -5.524  -30.724 0.0000000000
61475  -28.643  -7.209  -30.322 0.0000000000
64879  -23.826  -3.262  -29.375 0.0000000000
64031  -24.357  -4.260  -29.163 0.0000000000
79147  -25.017  13.342  -31.453 0.0000000000
118646  -24.888  13.067  -31.467 0.0000000000
114604  -24.807  12.990  -32.846 0.0000000000
77501  -25.098  12.303  -31.740 0.0000000000
70861  -25.779  4.209  -32.381 0.0000000000
70860  -24.730  4.246  -31.854 0.0000000000
111049  -26.614  4.485  -32.625 0.0000000000
71671  -26.345  5.140  -32.694 0.0000000000
113073  -26.842  5.483  -32.949 0.0000000000
111965  -28.268  5.409  -32.790 0.0000000000
124941  -28.964  5.210  -32.629 0.0000000000
123906  -29.421  5.095  -32.673 0.0000000000
72507  -31.622  4.942  -32.294 0.0000000000
111106  -31.959  3.994  -32.501 0.0000000000
121789  -23.769  1.286  -31.206 0.0000000000
68193  -24.427  0.896  -31.512 0.0000000000
116755  -25.864  0.966  -32.562 0.0000000000
66482  -26.587  -0.705  -32.611 0.0000000000
65654  -26.954  -2.857  -31.887 0.0000000000
117191  -27.857  -2.456  -31.867 0.0000000000
106694  -29.259  -3.385  -31.276 0.0000000000
64908  -29.679  -4.136  -31.335 0.0000000000
80813  -26.015  14.617  -29.478 0.0000000000
80824  -28.477  16.423  -31.404 0.0000000000
80854  -28.197  16.783  -34.041 0.0000000000
80826  -30.850  15.296  -30.154 0.0000000000
110519  -29.681  12.419  -31.908 0.0000000000
78332  -30.485  12.629  -30.244 0.0000000000
78333  -31.603  12.252  -29.609 0.0000000000
74119  -22.228  7.311  -30.117 0.0000000000
74992  -22.603  8.111  -30.236 0.0000000000
121947  -24.176  9.219  -30.515 0.0000000000
75859  -24.883  9.829  -30.982 0.0000000000
116526  -25.431  9.634  -32.920 0.0000000000
75886  -26.837  9.460  -32.823 0.0000000000
74165  -31.311  7.298  -31.848 0.0000000000
74164  -30.038  7.709  -32.374 0.0000000000
74152  -34.405  8.032  -32.335 0.0000000000
75005  -34.758  8.880  -32.365 0.0000000000
110942  -30.463  1.793  -33.152 0.0000000000
61454  -25.572  -7.548  -28.916 0.0000000000
62320  -27.887  -6.687  -30.510 0.0000000000
66456  -23.920  -0.960  -30.163 0.0000000000
66464  -25.251  -0.910  -31.528 0.0000000000
106688  -25.050  -1.494  -31.095 0.0000000000
66458  -25.173  -2.071  -31.067 0.0000000000
65652  -25.642  -2.607  -31.464 0.0000000000
64053  -26.436  -4.206  -31.514 0.0000000000
79957  -24.782  14.843  -29.557 0.0000000000
79963  -26.420  14.312  -30.156 0.0000000000
110454  -28.089  14.853  -30.672 0.0000000000
79978  -28.435  14.428  -31.562 0.0000000000
79979  -29.320  14.620  -32.281 0.0000000000
113247  -29.009  14.333  -32.444 0.0000000000
79163  -28.740  13.744  -32.231 0.0000000000
78348  -29.104  13.127  -32.400 0.0000000000
78347  -28.318  12.965  -31.911 0.0000000000
78361  -29.327  12.457  -32.277 0.0000000000
77516  -29.779  11.596  -31.891 0.0000000000
71664  -23.743  4.795  -31.299 0.0000000000
71665  -24.418  4.822  -31.569 0.0000000000
72496  -24.179  5.307  -31.375 0.0000000000
73330  -24.690  6.058  -31.752 0.0000000000
73331  -25.246  6.949  -32.158 0.0000000000
74159  -26.071  7.648  -32.833 0.0000000000
74160  -26.721  7.281  -32.994 0.0000000000
115005  -27.526  6.603  -32.979 0.0000000000
124209  -28.472  5.796  -32.788 0.0000000000
110806  -29.560  6.565  -32.461 0.0000000000
73341  -32.122  6.580  -32.101 0.0000000000
73343  -34.693  6.740  -32.771 0.0000000000
73351  -34.835  6.592  -34.083 0.0000000000
73350  -34.703  6.080  -33.228 0.0000000000
72529  -34.078  5.013  -34.437 0.0000000000
72513  -34.135  5.115  -32.661 0.0000000000
67327  -32.270  -0.841  -33.092 0.0000000000
69053  -24.193  1.794  -31.629 0.0000000000
69957  -24.615  2.569  -31.966 0.0000000000
70854  -25.091  3.417  -32.121 0.0000000000
111746  -25.846  3.317  -32.400 0.0000000000
70863  -27.948  3.671  -32.694 0.0000000000
69965  -28.507  2.793  -32.878 0.0000000000
69064  -28.890  1.951  -33.289 0.0000000000
69063  -27.373  1.290  -32.996 0.0000000000
69065  -29.322  1.188  -33.165 0.0000000000
112494  -29.776  0.496  -32.827 0.0000000000
67326  -30.388  -0.281  -32.283 0.0000000000
66483  -27.198  -1.212  -32.507 0.0000000000
66484  -31.586  -1.219  -32.504 0.0000000000
79980  -30.046  14.473  -31.700 0.0000000000
79971  -30.557  14.441  -30.453 0.0000000000
110119  -22.970  10.806  -30.345 0.0000000000
117962  -24.710  11.462  -31.166 0.0000000000
77512  -25.357  11.641  -31.981 0.0000000000
76711  -25.632  11.001  -32.589 0.0000000000
77527  -27.131  11.323  -32.190 0.0000000000
76712  -29.639  10.690  -32.242 0.0000000000
76713  -30.216  10.588  -31.551 0.0000000000
75012  -26.173  8.550  -32.914 0.0000000000
75013  -27.184  8.438  -32.677 0.0000000000
75887  -28.849  9.161  -32.445 0.0000000000
75016  -30.198  8.525  -33.007 0.0000000000
75889  -30.053  9.137  -33.060 0.0000000000
75872  -30.091  9.832  -32.254 0.0000000000
76697  -32.379  10.451  -30.599 0.0000000000
70865  -29.649  3.405  -32.687 0.0000000000
70867  -32.779  2.942  -32.519 0.0000000000
69967  -32.317  2.128  -32.817 0.0000000000
64014  -24.106  -4.479  -28.742 0.0000000000
64032  -25.153  -4.637  -29.669 0.0000000000
61474  -27.985  -7.214  -30.029 0.0000000000
63201  -27.831  -5.545  -31.264 0.0000000000
64055  -28.298  -5.030  -31.335 0.0000000000
64056  -29.137  -5.031  -31.334 0.0000000000
70869  -34.383  3.467  -32.537 0.0000000000
72508  -33.295  5.257  -32.450 0.0000000000
73358  -34.239  5.739  -34.257 0.0000000000
74151  -25.693  7.830  -32.505 0.0000000000
74167  -34.073  7.323  -32.346 0.0000000000
75004  -34.123  8.558  -31.665 0.0000000000
75015  -29.747  8.193  -33.037 0.0000000000
75017  -30.610  8.034  -31.757 0.0000000000
75019  -33.475  7.861  -31.797 0.0000000000
75860  -31.888  9.779  -30.865 0.0000000000
75884  -25.816  9.481  -33.258 0.0000000000
75888  -29.790  9.082  -33.057 0.0000000000
76696  -31.035  10.257  -30.726 0.0000000000
76699  -34.323  10.755  -31.449 0.0000000000
76710  -25.467  10.667  -32.687 0.0000000000
76722  -25.725  10.235  -33.200 0.0000000000
76726  -29.135  10.725  -32.426 0.0000000000
77500  -23.607  11.156  -30.564 0.0000000000
77513  -25.432  12.015  -32.765 0.0000000000
77525  -24.890  12.456  -32.917 0.0000000000
78350  -31.030  11.717  -30.243 0.0000000000
78359  -27.711  12.170  -31.972 0.0000000000
79164  -29.254  13.748  -32.443 0.0000000000
80845  -28.073  16.367  -33.615 0.0000000000
80846  -28.621  16.565  -33.574 0.0000000000
80853  -27.713  16.821  -33.983 0.0000000000
103853  -28.330  17.355  -33.941 0.0000000000
106652  -30.035  6.690  -32.262 0.0000000000
107282  -27.953  8.992  -32.471 0.0000000000
107796  -29.042  9.841  -32.517 0.0000000000
107898  -26.809  -0.055  -32.849 0.0000000000
108457  -25.336  13.451  -33.007 0.0000000000
109044  -26.223  9.285  -33.151 0.0000000000
111598  -29.127  5.663  -32.645 0.0000000000
113030  -27.166  5.654  -33.065 0.0000000000
113474  -29.419  13.088  -32.204 0.0000000000
121630  -25.347  13.022  -33.158 0.0000000000
123373  -26.237  6.688  -33.133 0.0000000000
124082  -27.094  12.817  -31.614 0.0000000000
125492  -27.613  4.506  -32.683 0.0000000000
125722  -27.802  2.807  -32.824 0.0000000000
126932  -27.777  -0.983  -32.516 0.0000000000
127213  -32.714  0.793  -33.436 0.0000000000
