#!ascii label  , from subject 001 vox2ras=TkReg
1014
63176  -25.353  -5.378  -29.615 0.5555555820
64039  -25.451  -4.345  -30.660 0.6666666865
64890  -25.689  -3.977  -31.331 0.7777777910
64053  -26.436  -4.206  -31.514 0.7777777910
65653  -26.247  -2.363  -31.988 0.8888888955
107651  -28.789  -2.042  -31.664 0.8888888955
63160  -24.173  -5.336  -28.064 0.5555555820
64031  -24.357  -4.260  -29.163 0.5555555820
124825  -24.202  -3.681  -29.404 0.6666666865
64888  -24.612  -3.213  -29.910 0.8888888955
64905  -26.148  -3.306  -31.681 0.8888888955
66483  -27.198  -1.212  -32.507 1.0000000000
66467  -28.922  -1.268  -31.938 0.8888888955
67308  -28.454  -0.693  -32.445 1.0000000000
64879  -23.826  -3.262  -29.375 0.7777777910
66457  -24.489  -1.782  -30.464 1.0000000000
107616  -24.566  -0.925  -30.808 1.0000000000
66465  -25.640  -1.725  -31.771 1.0000000000
67307  -25.842  -0.885  -32.235 1.0000000000
66464  -25.251  -0.910  -31.528 1.0000000000
66482  -26.587  -0.705  -32.611 1.0000000000
67323  -26.008  -0.017  -32.564 1.0000000000
68201  -27.478  0.408  -32.940 1.0000000000
68203  -28.996  0.538  -32.938 1.0000000000
68200  -26.650  0.652  -32.884 1.0000000000
69065  -29.322  1.188  -33.165 1.0000000000
69064  -28.890  1.951  -33.289 1.0000000000
111928  -29.701  1.922  -33.400 0.7777777910
67297  -23.427  -0.216  -30.110 0.8888888955
67305  -24.682  -0.087  -31.247 1.0000000000
116755  -25.864  0.966  -32.562 1.0000000000
69062  -26.558  1.579  -32.779 1.0000000000
111980  -28.043  2.005  -33.032 1.0000000000
69965  -28.507  2.793  -32.878 1.0000000000
107783  -30.088  2.498  -33.185 1.0000000000
69966  -31.204  2.149  -32.925 0.8888888955
107233  -30.548  3.174  -32.725 1.0000000000
70866  -31.594  3.057  -32.689 0.7777777910
69968  -33.292  2.104  -32.845 0.7777777910
69045  -23.203  1.439  -30.745 0.5555555820
70853  -24.232  3.494  -31.752 0.7777777910
69053  -24.193  1.794  -31.629 0.8888888955
69061  -25.870  1.865  -32.450 1.0000000000
69962  -25.469  2.555  -32.288 0.8888888955
69963  -26.387  2.659  -32.599 1.0000000000
69964  -27.181  3.237  -32.735 1.0000000000
70864  -28.854  3.577  -32.635 1.0000000000
70865  -29.649  3.405  -32.687 0.8888888955
109587  -30.213  4.005  -32.522 1.0000000000
121891  -30.999  3.774  -32.524 0.8888888955
111716  -33.335  3.723  -32.350 0.7777777910
106147  -34.919  3.329  -33.027 0.6666666865
103724  -34.684  4.174  -32.796 0.6666666865
69943  -22.827  3.081  -30.918 0.4444444478
69955  -23.176  2.439  -31.173 0.7777777910
116747  -23.413  4.338  -31.350 0.6666666865
70860  -24.730  4.246  -31.854 0.7777777910
70861  -25.779  4.209  -32.381 0.8888888955
70862  -26.506  3.701  -32.592 0.8888888955
70863  -27.948  3.671  -32.694 1.0000000000
71672  -27.041  4.904  -32.728 1.0000000000
109589  -28.346  4.376  -32.622 1.0000000000
109588  -29.327  4.353  -32.563 1.0000000000
71674  -30.062  4.891  -32.728 0.8888888955
72507  -31.622  4.942  -32.294 0.7777777910
113219  -32.747  4.657  -32.372 0.7777777910
104787  -35.451  3.821  -33.564 0.5555555820
72513  -34.135  5.115  -32.661 0.7777777910
106064  -34.986  4.449  -33.274 0.6666666865
71664  -23.743  4.795  -31.299 0.6666666865
71665  -24.418  4.822  -31.569 0.7777777910
71670  -25.350  4.959  -32.153 0.8888888955
71671  -26.345  5.140  -32.694 0.8888888955
126447  -26.467  5.661  -32.967 1.0000000000
113073  -26.842  5.483  -32.949 1.0000000000
124941  -28.964  5.210  -32.629 1.0000000000
123963  -28.687  4.901  -32.639 0.8888888955
72506  -30.628  5.300  -32.483 0.8888888955
122949  -32.362  5.337  -32.276 0.8888888955
110941  -30.475  5.976  -32.292 0.8888888955
73340  -31.486  5.799  -32.094 0.7777777910
114264  -32.764  5.928  -32.349 0.7777777910
72514  -34.505  5.052  -32.949 0.7777777910
72520  -34.454  5.052  -33.575 0.6666666865
72495  -23.416  5.337  -31.183 0.6666666865
71655  -22.950  4.757  -31.170 0.5555555820
72496  -24.179  5.307  -31.375 0.7777777910
72503  -24.992  5.489  -31.918 0.8888888955
72504  -25.887  5.728  -32.723 0.8888888955
113484  -25.986  6.358  -33.026 1.0000000000
72505  -26.473  5.982  -33.152 1.0000000000
124209  -28.472  5.796  -32.788 1.0000000000
110590  -29.900  5.686  -32.623 0.8888888955
73342  -33.606  6.544  -32.425 0.7777777910
73343  -34.693  6.740  -32.771 0.7777777910
73350  -34.703  6.080  -33.228 0.6666666865
103731  -34.006  5.393  -35.425 0.5555555820
73319  -23.152  6.155  -30.966 0.6666666865
73330  -24.690  6.058  -31.752 0.8888888955
116628  -25.800  6.951  -32.842 1.0000000000
73337  -26.835  6.273  -33.222 1.0000000000
74162  -29.446  7.448  -32.439 0.8888888955
110806  -29.560  6.565  -32.461 0.8888888955
74163  -29.982  7.659  -32.542 0.8888888955
117875  -30.839  6.637  -31.926 0.8888888955
74166  -32.784  7.259  -32.049 0.7777777910
74168  -34.925  7.454  -32.838 0.7777777910
106250  -35.134  7.002  -33.344 0.7777777910
104666  -33.963  6.433  -35.150 0.5555555820
75018  -32.036  8.009  -31.544 0.7777777910
74174  -35.080  7.791  -33.434 0.5555555820
75045  -34.142  7.092  -35.816 0.5555555820
75020  -34.909  8.130  -32.872 0.6666666865
73301  -21.576  6.803  -29.639 0.4444444478
73318  -22.420  6.465  -30.373 0.5555555820
74136  -24.070  7.608  -31.119 0.7777777910
73331  -25.246  6.949  -32.158 1.0000000000
74149  -24.464  6.841  -31.510 0.8888888955
74159  -26.071  7.648  -32.833 1.0000000000
74161  -28.093  7.384  -32.637 0.8888888955
75014  -29.004  8.358  -32.375 0.8888888955
121983  -30.082  8.233  -33.078 0.8888888955
74164  -30.038  7.709  -32.374 0.8888888955
74152  -34.405  8.032  -32.335 0.6666666865
75027  -34.804  8.373  -34.345 0.5555555820
75858  -23.957  10.050  -30.176 0.6666666865
74993  -23.561  8.302  -30.697 0.6666666865
75001  -25.215  9.152  -31.897 0.7777777910
75011  -25.776  8.707  -32.902 0.8888888955
116526  -25.431  9.634  -32.920 0.7777777910
75886  -26.837  9.460  -32.823 0.7777777910
75013  -27.184  8.438  -32.677 0.8888888955
110563  -27.898  9.714  -32.390 0.7777777910
114361  -30.123  8.604  -33.150 0.8888888955
75889  -30.053  9.137  -33.060 0.7777777910
75891  -31.076  8.603  -31.400 0.6666666865
125735  -30.504  10.003  -31.351 0.6666666865
75873  -30.845  9.381  -31.112 0.6666666865
75874  -32.233  9.047  -31.207 0.6666666865
75003  -33.149  8.478  -31.421 0.5555555820
76697  -32.379  10.451  -30.599 0.6666666865
75861  -33.035  9.881  -31.034 0.5555555820
75876  -34.878  9.909  -31.998 0.5555555820
109404  -34.858  8.646  -33.272 0.4444444478
75862  -34.325  9.997  -31.346 0.5555555820
77485  -22.434  11.270  -29.361 0.3333333433
76694  -22.895  11.054  -30.574 0.5555555820
76695  -24.276  10.765  -30.708 0.6666666865
117962  -24.710  11.462  -31.166 0.5555555820
76709  -25.074  10.717  -31.620 0.7777777910
76723  -25.859  10.478  -33.156 0.7777777910
77526  -26.026  11.150  -32.670 0.6666666865
76724  -26.707  10.386  -32.720 0.6666666865
76725  -28.065  10.597  -32.387 0.6666666865
76712  -29.639  10.690  -32.242 0.6666666865
77517  -30.573  11.194  -30.924 0.6666666865
77502  -31.736  11.054  -30.464 0.6666666865
76698  -33.530  10.647  -30.957 0.5555555820
77504  -34.440  11.322  -31.570 0.5555555820
77463  -23.551  11.886  -28.942 0.4444444478
77462  -21.851  12.268  -28.795 0.4444444478
77486  -23.613  11.527  -29.732 0.4444444478
78321  -23.815  12.766  -29.312 0.5555555820
77487  -24.280  12.064  -30.726 0.5555555820
77501  -25.098  12.303  -31.740 0.6666666865
77512  -25.357  11.641  -31.981 0.6666666865
77514  -25.306  12.120  -32.957 0.6666666865
77527  -27.131  11.323  -32.190 0.6666666865
77529  -29.243  11.628  -32.387 0.6666666865
77516  -29.779  11.596  -31.891 0.6666666865
112918  -32.052  11.494  -29.832 0.6666666865
78335  -33.715  12.157  -30.356 0.5555555820
77503  -33.901  11.361  -31.034 0.6666666865
78331  -24.943  13.255  -32.706 0.6666666865
78345  -25.006  12.899  -33.095 0.6666666865
78346  -25.829  13.329  -32.367 0.6666666865
77528  -28.467  11.547  -32.404 0.6666666865
77515  -26.178  12.228  -32.081 0.6666666865
78349  -30.063  12.036  -30.854 0.6666666865
64904  -25.542  -3.276  -31.243 0.8888888955
65641  -24.145  -2.541  -29.895 1.0000000000
66458  -25.173  -2.071  -31.067 1.0000000000
109992  -26.382  -1.493  -32.304 1.0000000000
115520  -22.913  3.969  -31.140 0.5555555820
123906  -29.421  5.095  -32.673 0.8888888955
72484  -22.659  5.541  -30.752 0.5555555820
104812  -21.416  7.961  -29.645 0.5555555820
73329  -23.960  5.944  -31.236 0.7777777910
74160  -26.721  7.281  -32.994 1.0000000000
74165  -31.311  7.298  -31.848 0.8888888955
73286  -20.528  7.117  -28.903 0.2222222239
75005  -34.758  8.880  -32.365 0.6666666865
75885  -26.027  9.955  -33.403 0.7777777910
75892  -34.716  9.536  -32.909 0.4444444478
114604  -24.807  12.990  -32.846 0.6666666865
79147  -25.017  13.342  -31.453 0.6666666865
71654  -22.593  4.316  -30.556 0.4444444478
117389  -22.211  4.926  -30.330 0.4444444478
77518  -34.670  11.629  -32.003 0.5555555820
78307  -21.188  12.729  -28.295 0.2222222239
78309  -22.876  13.026  -28.607 0.3333333433
78336  -34.312  11.972  -31.318 0.5555555820
62304  -25.769  -6.835  -29.390 0.5555555820
63177  -25.914  -6.056  -30.049 0.5555555820
63185  -25.720  -5.109  -30.384 0.6666666865
64040  -25.995  -4.742  -31.125 0.5555555820
64041  -26.874  -5.073  -31.236 0.5555555820
65655  -28.619  -2.962  -31.442 0.7777777910
62286  -25.033  -6.602  -28.529 0.5555555820
64906  -26.905  -3.630  -31.692 0.6666666865
106899  -27.717  -3.374  -31.582 0.8888888955
67326  -30.388  -0.281  -32.283 0.8888888955
63142  -24.134  -5.579  -27.590 0.4444444478
64855  -23.654  -4.059  -28.712 0.5555555820
67325  -29.197  -0.043  -32.569 1.0000000000
65623  -23.285  -2.846  -28.428 0.2222222239
65640  -23.542  -2.645  -29.183 0.6666666865
69066  -30.209  1.168  -33.027 0.8888888955
122592  -31.359  1.057  -32.758 0.6666666865
69967  -32.317  2.128  -32.817 0.7777777910
67280  -23.367  -0.868  -29.486 0.5555555820
70868  -33.923  2.679  -32.600 0.6666666865
67279  -22.903  -0.167  -29.319 0.4444444478
70876  -34.641  2.610  -33.225 0.5555555820
104632  -35.753  4.209  -33.871 0.5555555820
69931  -22.390  2.232  -29.361 0.2222222239
70842  -22.588  3.630  -30.188 0.4444444478
104874  -34.529  4.753  -36.175 0.5555555820
71638  -21.490  4.845  -29.273 0.3333333433
103722  -34.695  4.558  -37.328 0.5555555820
103743  -34.904  6.545  -37.342 0.4444444478
126647  -34.385  7.920  -36.264 0.5555555820
75908  -34.263  9.327  -35.012 0.4444444478
77484  -21.118  11.320  -28.936 0.3333333433
76677  -21.525  10.633  -29.355 0.3333333433
75840  -22.007  9.837  -29.337 0.4444444478
76734  -34.393  10.050  -33.608 0.4444444478
113157  -34.389  11.147  -32.731 0.4444444478
77530  -34.403  12.045  -32.941 0.2222222239
79146  -24.347  13.740  -30.786 0.6666666865
78360  -28.830  12.392  -32.396 0.6666666865
78348  -29.104  13.127  -32.400 0.6666666865
115174  -29.787  12.873  -31.191 0.6666666865
78332  -30.485  12.629  -30.244 0.6666666865
78333  -31.603  12.252  -29.609 0.6666666865
78334  -32.810  12.041  -29.748 0.6666666865
112713  -34.729  12.460  -31.916 0.3333333433
79148  -25.611  13.388  -31.662 0.5555555820
63175  -24.825  -5.103  -28.958 0.5555555820
64032  -25.153  -4.637  -29.669 0.6666666865
64880  -24.946  -3.882  -29.779 0.6666666865
64889  -25.216  -3.559  -30.649 0.7777777910
65652  -25.642  -2.607  -31.464 1.0000000000
66466  -28.004  -1.521  -32.200 1.0000000000
107294  -27.086  -1.978  -32.146 0.8888888955
117191  -27.857  -2.456  -31.867 0.8888888955
63161  -25.261  -5.982  -29.074 0.5555555820
122808  -24.764  -6.000  -28.419 0.4444444478
64014  -24.106  -4.479  -28.742 0.5555555820
64856  -23.628  -3.810  -29.036 0.6666666865
65646  -25.030  -2.707  -30.623 0.8888888955
65654  -26.954  -2.857  -31.887 0.8888888955
67309  -29.530  -0.755  -32.112 1.0000000000
68202  -28.324  0.120  -32.803 1.0000000000
64878  -23.512  -3.493  -28.958 0.5555555820
66448  -23.667  -1.719  -29.604 0.8888888955
106688  -25.050  -1.494  -31.095 1.0000000000
66456  -23.920  -0.960  -30.163 0.8888888955
67298  -24.076  -0.319  -30.561 1.0000000000
67306  -25.373  -0.313  -32.010 1.0000000000
67324  -27.501  -0.465  -32.738 1.0000000000
68194  -25.209  0.467  -32.065 1.0000000000
112494  -29.776  0.496  -32.827 0.8888888955
111199  -28.349  1.054  -33.050 1.0000000000
69063  -27.373  1.290  -32.996 1.0000000000
110942  -30.463  1.793  -33.152 0.7777777910
68186  -23.757  0.498  -30.755 1.0000000000
68193  -24.427  0.896  -31.512 1.0000000000
69054  -25.069  1.544  -32.103 1.0000000000
113881  -27.230  2.266  -32.834 1.0000000000
107784  -29.280  2.683  -33.064 1.0000000000
70867  -32.779  2.942  -32.519 0.7777777910
69028  -22.753  1.438  -29.734 0.5555555820
68185  -23.027  0.562  -30.050 0.5555555820
124482  -23.599  1.907  -31.292 0.6666666865
121789  -23.769  1.286  -31.206 0.7777777910
69956  -23.843  2.622  -31.588 0.7777777910
70852  -23.395  3.510  -31.437 0.6666666865
69957  -24.615  2.569  -31.966 0.8888888955
70854  -25.091  3.417  -32.121 0.8888888955
111746  -25.846  3.317  -32.400 0.8888888955
109586  -30.853  4.527  -32.484 0.8888888955
111106  -31.959  3.994  -32.501 0.8888888955
71675  -33.869  4.445  -32.420 0.6666666865
115422  -22.656  2.897  -29.932 0.3333333433
114317  -23.982  4.292  -31.458 0.7777777910
111049  -26.614  4.485  -32.625 0.8888888955
109438  -27.177  4.145  -32.667 1.0000000000
71673  -27.648  5.055  -32.795 1.0000000000
118076  -33.715  5.811  -32.543 0.7777777910
103728  -34.515  4.647  -34.626 0.5555555820
111965  -28.268  5.409  -32.790 1.0000000000
73349  -34.334  5.961  -32.820 0.7777777910
72529  -34.078  5.013  -34.437 0.6666666865
73336  -25.454  6.244  -32.420 0.8888888955
73338  -27.756  5.961  -33.017 1.0000000000
73339  -28.611  6.438  -32.700 0.8888888955
73341  -32.122  6.580  -32.101 0.7777777910
73351  -34.835  6.592  -34.083 0.6666666865
104621  -34.157  6.261  -36.341 0.5555555820
106397  -34.030  5.766  -36.946 0.5555555820
116346  -23.740  6.719  -31.081 0.6666666865
115005  -27.526  6.603  -32.979 1.0000000000
103741  -34.335  7.017  -34.965 0.6666666865
75016  -30.198  8.525  -33.007 0.8888888955
75037  -34.735  7.751  -35.264 0.5555555820
74119  -22.228  7.311  -30.117 0.5555555820
74135  -23.051  7.221  -30.669 0.5555555820
74150  -25.037  7.954  -31.756 1.0000000000
75012  -26.173  8.550  -32.914 0.8888888955
75002  -25.505  8.702  -32.462 0.7777777910
75036  -34.403  8.564  -35.719 0.5555555820
75841  -23.020  9.927  -29.637 0.5555555820
74977  -23.350  9.119  -30.048 0.5555555820
121947  -24.176  9.219  -30.515 0.6666666865
75859  -24.883  9.829  -30.982 0.6666666865
74994  -24.611  8.685  -31.080 0.7777777910
74992  -22.603  8.111  -30.236 0.7777777910
75871  -25.138  10.001  -32.294 0.7777777910
75887  -28.849  9.161  -32.445 0.7777777910
76727  -29.711  9.788  -32.630 0.6666666865
75890  -30.368  8.862  -31.971 0.6666666865
75872  -30.091  9.832  -32.254 0.6666666865
76713  -30.216  10.588  -31.551 0.6666666865
75875  -33.690  9.163  -31.240 0.5555555820
121837  -34.537  9.293  -31.641 0.5555555820
75877  -34.583  10.355  -32.685 0.4444444478
75902  -34.520  9.298  -33.870 0.4444444478
76714  -34.728  10.772  -31.960 0.5555555820
76678  -22.533  10.617  -29.698 0.4444444478
110119  -22.970  10.806  -30.345 0.5555555820
76711  -25.632  11.001  -32.589 0.7777777910
122071  -32.968  11.281  -30.374 0.6666666865
111641  -24.051  12.064  -29.600 0.5555555820
118646  -24.888  13.067  -31.467 0.6666666865
78361  -29.327  12.457  -32.277 0.6666666865
110519  -29.681  12.419  -31.908 0.6666666865
72483  -21.759  5.751  -29.798 0.4444444478
116163  -21.931  4.126  -29.549 0.4444444478
77536  -34.360  11.349  -33.841 0.3333333433
116678  -34.778  13.200  -31.837 0.3333333433
62285  -24.445  -6.169  -27.982 0.4444444478
64013  -24.011  -4.766  -28.211 0.4444444478
106007  -32.222  1.279  -32.988 0.6666666865
69944  -22.907  2.243  -30.329 0.3333333433
69027  -22.193  1.476  -28.797 0.1111111119
74976  -21.004  9.069  -29.410 0.3333333433
110602  -33.332  12.853  -29.531 0.4444444478
62335  -29.282  -6.750  -31.511 0.4444444478
61476  -30.696  -7.153  -30.730 0.2222222239
62305  -26.473  -6.873  -29.902 0.4444444478
61473  -27.223  -7.174  -29.938 0.4444444478
62319  -26.974  -6.386  -30.353 0.4444444478
63186  -27.406  -5.993  -31.025 0.4444444478
63187  -28.366  -6.417  -31.163 0.4444444478
63203  -29.614  -5.948  -31.591 0.4444444478
63188  -30.506  -6.293  -31.582 0.2222222239
63201  -27.831  -5.545  -31.264 0.4444444478
63202  -28.732  -5.896  -31.410 0.4444444478
63205  -30.929  -5.551  -31.499 0.1111111119
64042  -31.421  -5.102  -31.382 0.1111111119
64056  -29.137  -5.031  -31.334 0.4444444478
126037  -30.300  -4.503  -31.482 0.3333333433
64055  -28.298  -5.030  -31.335 0.4444444478
108137  -30.007  -5.073  -31.533 0.3333333433
64909  -30.631  -3.928  -31.509 0.3333333433
64058  -31.490  -4.641  -31.632 0.2222222239
64907  -28.586  -4.023  -31.214 0.4444444478
64908  -29.679  -4.136  -31.335 0.3333333433
64054  -27.470  -4.402  -31.425 0.5555555820
66470  -31.630  -2.964  -32.582 0.2222222239
125945  -31.962  -3.521  -32.709 0.1111111119
112985  -32.696  -3.073  -33.302 0.1111111119
65657  -30.602  -2.869  -31.758 0.3333333433
66468  -29.883  -1.703  -31.627 0.4444444478
67310  -30.559  -1.096  -31.970 0.5555555820
66484  -31.586  -1.219  -32.504 0.6666666865
114499  -32.407  -1.731  -33.732 0.4444444478
126775  -33.147  -0.658  -34.399 0.3333333433
107062  -31.457  -0.381  -32.473 0.6666666865
68215  -32.971  -0.487  -34.352 0.5555555820
68204  -30.839  0.370  -32.569 0.6666666865
69067  -32.481  0.339  -33.261 0.5555555820
69079  -33.056  0.344  -34.179 0.5555555820
68216  -33.561  -0.180  -34.533 0.4444444478
69080  -33.643  0.716  -34.609 0.3333333433
69977  -34.679  2.038  -35.053 0.4444444478
69976  -33.934  1.650  -33.964 0.4444444478
70877  -34.999  2.858  -34.548 0.4444444478
78347  -28.318  12.965  -31.911 0.5555555820
79162  -27.534  13.532  -31.467 0.5555555820
79165  -29.703  13.712  -32.042 0.5555555820
79149  -30.139  13.616  -30.790 0.5555555820
79150  -31.184  13.439  -29.728 0.5555555820
62321  -28.650  -6.986  -30.926 0.4444444478
62323  -30.373  -6.832  -31.545 0.2222222239
64057  -30.830  -4.893  -31.571 0.2222222239
65658  -31.436  -3.629  -32.130 0.2222222239
66485  -31.987  -2.313  -33.125 0.4444444478
114592  -32.551  -2.393  -33.853 0.3333333433
66469  -31.083  -2.009  -32.168 0.4444444478
67327  -32.270  -0.841  -33.092 0.6666666865
67328  -32.736  -1.143  -34.212 0.4444444478
69081  -34.411  1.041  -35.318 0.3333333433
103716  -35.078  2.264  -35.405 0.4444444478
103715  -35.494  3.916  -35.763 0.4444444478
113247  -29.009  14.333  -32.444 0.5555555820
79978  -28.435  14.428  -31.562 0.5555555820
105740  -26.463  -5.524  -30.724 0.4444444478
66486  -32.867  -1.881  -34.364 0.2222222239
60583  -26.921  -8.614  -30.052 0.4444444478
60594  -27.797  -7.776  -29.912 0.4444444478
61457  -28.593  -7.739  -29.913 0.4444444478
115268  -29.887  -7.357  -31.185 0.2222222239
61460  -31.172  -7.554  -29.861 0.1111111119
61455  -26.322  -7.787  -29.805 0.4444444478
61456  -27.048  -8.032  -30.034 0.4444444478
63189  -30.929  -6.055  -31.399 0.1111111119
63190  -31.650  -5.625  -30.735 0.1111111119
62306  -31.636  -6.961  -29.984 0.1111111119
64043  -32.309  -4.716  -31.045 0.1111111119
64059  -31.974  -4.362  -31.971 0.1111111119
64912  -32.922  -3.301  -32.570 0.1111111119
65659  -33.192  -2.670  -33.364 0.1111111119
65673  -33.134  -2.231  -34.212 0.1111111119
66494  -33.155  -1.492  -34.355 0.2222222239
68217  -34.064  -0.192  -34.531 0.1111111119
67339  -33.250  -0.700  -34.370 0.2222222239
118528  -34.956  0.722  -35.515 0.2222222239
69090  -35.160  1.505  -35.636 0.2222222239
104351  -35.504  2.107  -35.519 0.3333333433
103718  -36.003  3.657  -34.397 0.4444444478
103725  -36.269  3.957  -34.589 0.3333333433
103732  -36.365  3.770  -36.991 0.3333333433
103733  -36.057  2.938  -37.710 0.3333333433
111144  -22.366  9.018  -29.583 0.4444444478
74189  -34.415  7.549  -36.918 0.4444444478
107683  -34.179  9.882  -34.499 0.3333333433
79137  -23.840  13.883  -30.059 0.4444444478
79138  -33.022  13.581  -29.302 0.5555555820
79977  -27.495  14.121  -31.146 0.5555555820
79980  -30.046  14.473  -31.700 0.5555555820
79971  -30.557  14.441  -30.453 0.5555555820
110454  -28.089  14.853  -30.672 0.5555555820
65656  -29.511  -2.650  -31.387 0.6666666865
69068  -33.049  1.233  -33.523 0.5555555820
103719  -35.577  3.370  -38.033 0.4444444478
120263  -34.366  10.690  -33.437 0.3333333433
106694  -29.259  -3.385  -31.276 0.3333333433
119550  -29.802  -7.090  -31.689 0.4444444478
62322  -29.275  -7.171  -31.216 0.4444444478
62320  -27.887  -6.687  -30.510 0.4444444478
61474  -27.985  -7.214  -30.029 0.4444444478
62336  -30.039  -6.650  -31.784 0.4444444478
63204  -30.388  -5.848  -31.616 0.4444444478
106268  -29.936  -3.341  -31.354 0.3333333433
108136  -31.392  -4.248  -31.788 0.2222222239
64910  -31.864  -4.013  -32.217 0.2222222239
65671  -32.336  -2.995  -33.305 0.1111111119
65672  -32.820  -2.607  -33.916 0.1111111119
67338  -32.998  -1.075  -34.456 0.3333333433
68205  -31.874  0.034  -32.762 0.5555555820
68206  -32.543  -0.456  -33.526 0.5555555820
111895  -34.441  0.385  -34.896 0.3333333433
79163  -28.740  13.744  -32.231 0.5555555820
61475  -28.643  -7.209  -30.322 0.4444444478
124183  -29.179  -7.378  -30.655 0.4444444478
64911  -32.315  -3.596  -32.674 0.1111111119
79970  -28.935  15.258  -32.191 0.5555555820
60584  -27.711  -8.455  -29.870 0.4444444478
61458  -29.470  -7.574  -30.127 0.4444444478
61459  -30.308  -7.536  -30.147 0.2222222239
60582  -26.368  -8.644  -30.004 0.4444444478
123639  -25.955  -8.386  -29.660 0.4444444478
62324  -31.129  -6.504  -30.809 0.1111111119
64891  -32.610  -3.914  -31.853 0.1111111119
111933  -29.718  -13.965  -26.555 0.1111111119
57839  -27.007  -12.117  -27.505 0.3333333433
56977  -28.692  -12.499  -26.956 0.2222222239
56114  -29.263  -13.192  -26.607 0.2222222239
107568  -30.141  -13.123  -26.533 0.1111111119
58746  -25.323  -9.983  -27.381 0.3333333433
57858  -25.666  -10.861  -27.235 0.3333333433
57838  -26.086  -11.754  -27.110 0.3333333433
58748  -27.491  -10.797  -28.002 0.3333333433
58749  -28.354  -10.915  -27.875 0.3333333433
126012  -28.868  -11.265  -27.503 0.2222222239
56978  -29.646  -12.392  -26.666 0.2222222239
56979  -30.520  -12.286  -26.557 0.1111111119
57840  -29.296  -11.616  -27.096 0.2222222239
60547  -24.641  -8.495  -27.034 0.2222222239
59632  -24.824  -9.284  -27.194 0.2222222239
58745  -24.467  -10.011  -26.611 0.2222222239
114719  -26.168  -10.388  -27.772 0.3333333433
57859  -26.733  -11.123  -27.689 0.3333333433
57862  -30.124  -11.094  -27.177 0.1111111119
60548  -25.308  -8.519  -27.973 0.2222222239
121660  -25.555  -9.320  -27.973 0.3333333433
60581  -25.716  -8.407  -28.959 0.3333333433
59650  -25.927  -9.167  -29.083 0.3333333433
59633  -26.080  -9.752  -28.336 0.3333333433
59651  -26.504  -9.513  -29.262 0.3333333433
59653  -28.261  -9.782  -29.056 0.3333333433
59652  -27.355  -9.696  -29.136 0.3333333433
117509  -28.920  -9.764  -28.955 0.3333333433
58766  -29.418  -9.938  -28.429 0.3333333433
58767  -29.993  -10.106  -28.010 0.1111111119
59655  -30.112  -9.584  -28.485 0.2222222239
61419  -24.717  -7.500  -27.603 0.2222222239
124317  -25.224  -7.750  -28.228 0.3333333433
59667  -26.331  -9.121  -29.869 0.3333333433
59669  -27.898  -9.237  -29.616 0.3333333433
59654  -29.412  -9.388  -29.083 0.3333333433
61418  -24.421  -6.872  -27.297 0.3333333433
61436  -24.528  -6.755  -27.775 0.3333333433
121246  -28.403  -8.588  -29.737 0.3333333433
103714  -35.857  2.778  -35.039 0.2222222239
70885  -36.510  3.594  -34.210 0.2222222239
103730  -35.389  5.380  -37.656 0.3333333433
116915  -35.756  4.061  -38.119 0.2222222239
57001  -27.854  -12.323  -27.394 0.3333333433
57841  -30.077  -11.735  -26.765 0.1111111119
58747  -26.885  -10.182  -28.359 0.3333333433
58764  -27.852  -10.256  -28.450 0.3333333433
58765  -28.707  -10.202  -28.407 0.3333333433
61454  -25.572  -7.548  -28.916 0.3333333433
60585  -29.219  -8.483  -29.604 0.3333333433
111934  -28.946  -13.921  -26.603 0.1111111119
55259  -30.181  -14.847  -26.614 0.1111111119
56974  -25.463  -12.374  -26.671 0.3333333433
56975  -26.458  -12.651  -27.003 0.3333333433
56976  -27.324  -12.842  -27.153 0.3333333433
105709  -28.008  -12.925  -27.077 0.3333333433
111853  -31.264  -14.810  -26.467 0.1111111119
56115  -30.658  -13.919  -26.521 0.1111111119
58724  -24.816  -10.540  -26.766 0.3333333433
107785  -31.035  -13.029  -26.479 0.1111111119
59619  -24.367  -9.409  -26.322 0.2222222239
58725  -30.866  -11.386  -26.708 0.1111111119
58751  -30.233  -10.472  -27.591 0.1111111119
59634  -30.782  -9.938  -27.833 0.1111111119
59656  -30.933  -9.258  -28.522 0.1111111119
60562  -30.069  -8.929  -29.084 0.1111111119
60586  -30.045  -8.048  -29.464 0.1111111119
62252  -24.248  -6.303  -26.967 0.1111111119
111011  -36.491  4.513  -35.373 0.2222222239
103737  -36.134  6.665  -37.785 0.2222222239
63141  -24.025  -5.446  -27.809 0.2222222239
66434  -23.117  -1.902  -28.549 0.5555555820
63159  -23.943  -5.432  -27.856 0.3333333433
61437  -24.864  -7.080  -28.150 0.4444444478
62265  -24.258  -6.087  -27.486 0.2222222239
103739  -37.233  4.267  -36.939 0.2222222239
57860  -27.632  -11.537  -27.696 0.3333333433
57861  -28.456  -11.717  -27.425 0.3333333433
58750  -29.375  -10.689  -27.746 0.2222222239
112230  -24.560  -7.761  -26.867 0.2222222239
119883  -25.992  -8.919  -29.755 0.3333333433
59668  -26.988  -9.202  -29.844 0.3333333433
59670  -28.713  -9.287  -29.451 0.3333333433
55258  -29.078  -14.897  -26.630 0.1111111119
56111  -26.849  -13.450  -26.820 0.3333333433
56112  -27.700  -13.501  -26.855 0.3333333433
58723  -24.313  -10.663  -26.271 0.2222222239
103740  -37.070  4.643  -34.562 0.1111111119
70878  -37.680  4.212  -33.954 0.1111111119
71691  -39.095  4.783  -34.670 0.1111111119
71683  -38.119  4.624  -34.571 0.1111111119
70889  -38.989  4.059  -36.989 0.1111111119
71698  -39.383  4.396  -36.807 0.1111111119
105535  -36.278  3.339  -38.277 0.1111111119
71701  -39.543  5.485  -37.439 0.1111111119
104623  -37.094  4.480  -37.443 0.1111111119
104337  -38.341  6.016  -37.166 0.1111111119
75044  -34.000  8.573  -37.146 0.2222222239
103727  -36.443  5.150  -37.732 0.1111111119
73366  -38.331  7.183  -37.540 0.1111111119
75911  -33.611  10.035  -36.877 0.1111111119
76738  -34.200  10.591  -34.502 0.1111111119
75916  -33.751  9.388  -37.702 0.1111111119
76744  -33.730  10.524  -37.189 0.1111111119
79161  -26.255  13.371  -32.090 0.4444444478
77539  -34.019  11.376  -34.835 0.1111111119
79957  -24.782  14.843  -29.557 0.4444444478
111046  -26.816  14.053  -30.833 0.4444444478
78372  -33.551  11.913  -35.140 0.1111111119
79979  -29.320  14.620  -32.281 0.4444444478
79152  -34.013  13.805  -30.502 0.3333333433
111249  -34.232  12.926  -31.053 0.2222222239
115033  -34.716  12.974  -32.595 0.1111111119
78370  -34.188  12.008  -34.292 0.1111111119
79193  -33.699  13.295  -34.342 0.1111111119
80833  -28.976  16.040  -32.577 0.4444444478
80834  -29.730  15.400  -32.140 0.4444444478
117967  -30.401  15.216  -31.190 0.4444444478
79972  -31.406  14.566  -29.647 0.4444444478
79964  -32.289  14.891  -29.321 0.4444444478
79965  -33.158  14.525  -29.330 0.2222222239
79974  -33.808  14.596  -30.052 0.2222222239
79975  -34.314  14.600  -30.853 0.2222222239
79981  -34.624  14.547  -31.819 0.2222222239
79989  -34.560  14.330  -32.834 0.2222222239
82970  -34.276  18.849  -31.139 0.1111111119
81602  -34.607  17.081  -32.102 0.1111111119
80862  -34.288  15.360  -34.814 0.1111111119
80814  -26.976  14.978  -29.610 0.4444444478
80815  -27.717  15.753  -29.891 0.4444444478
80823  -28.314  15.880  -30.411 0.4444444478
80824  -28.477  16.423  -31.404 0.3333333433
80832  -28.302  16.112  -32.623 0.4444444478
80847  -29.536  16.413  -32.619 0.4444444478
81601  -30.289  16.832  -32.144 0.4444444478
119965  -30.708  15.894  -30.775 0.4444444478
80826  -30.850  15.296  -30.154 0.4444444478
80817  -31.564  15.388  -29.647 0.4444444478
82282  -30.510  18.105  -31.081 0.3333333433
81579  -32.371  16.065  -29.477 0.3333333433
81590  -33.790  16.210  -30.082 0.1111111119
81591  -34.259  16.299  -30.947 0.1111111119
80835  -34.447  15.399  -31.348 0.2222222239
111393  -34.765  16.305  -32.783 0.1111111119
80810  -26.618  15.202  -28.782 0.2222222239
80831  -27.269  16.450  -33.107 0.3333333433
81609  -27.320  17.516  -33.921 0.3333333433
81600  -29.901  17.106  -32.662 0.3333333433
81588  -30.755  16.858  -31.132 0.4444444478
82283  -31.326  17.296  -30.333 0.2222222239
82273  -33.244  16.925  -29.866 0.2222222239
116927  -33.789  17.051  -30.528 0.1111111119
82946  -31.634  18.540  -30.155 0.1111111119
82271  -31.859  17.601  -29.904 0.1111111119
116758  -33.231  17.878  -30.095 0.1111111119
116424  -34.209  17.157  -31.283 0.1111111119
82947  -32.238  18.210  -29.858 0.1111111119
82284  -34.022  17.929  -30.823 0.1111111119
80816  -28.302  16.497  -30.445 0.3333333433
81599  -27.416  17.121  -31.974 0.3333333433
81577  -28.409  18.071  -30.674 0.3333333433
82955  -27.685  19.207  -31.806 0.3333333433
82302  -28.285  18.211  -33.355 0.3333333433
82292  -29.180  17.799  -32.464 0.3333333433
82969  -29.299  18.587  -31.441 0.2222222239
82945  -31.133  18.457  -30.469 0.2222222239
82959  -32.707  18.853  -30.086 0.1111111119
82960  -33.676  18.755  -30.516 0.1111111119
84206  -33.519  20.470  -30.887 0.1111111119
81569  -28.418  16.832  -28.069 0.1111111119
82261  -29.080  17.275  -29.108 0.1111111119
82270  -29.132  18.434  -30.299 0.2222222239
117051  -28.969  19.082  -30.624 0.2222222239
82956  -28.189  19.255  -31.507 0.3333333433
118902  -29.137  19.174  -30.532 0.3333333433
104835  -29.878  19.859  -30.353 0.1111111119
83597  -30.583  20.161  -30.182 0.1111111119
122698  -31.266  19.736  -30.353 0.1111111119
82958  -31.764  19.033  -30.142 0.1111111119
83599  -32.103  19.676  -30.435 0.1111111119
84205  -32.482  20.411  -30.693 0.1111111119
83607  -34.368  19.959  -31.484 0.1111111119
82978  -34.578  19.064  -31.929 0.1111111119
82256  -29.006  17.286  -27.882 0.1111111119
82257  -29.456  17.938  -27.600 0.1111111119
82262  -29.437  18.026  -28.865 0.1111111119
82933  -29.848  18.795  -28.428 0.1111111119
82934  -30.282  19.531  -28.444 0.1111111119
83578  -29.848  19.650  -29.498 0.1111111119
82944  -29.483  19.667  -30.183 0.2222222239
83579  -30.307  20.055  -29.289 0.1111111119
83590  -29.954  20.139  -30.076 0.1111111119
84826  -30.423  21.101  -29.331 0.1111111119
84203  -31.154  20.589  -29.994 0.1111111119
84196  -31.126  21.197  -29.710 0.1111111119
83598  -31.549  20.246  -30.365 0.1111111119
82928  -29.984  18.465  -27.206 0.1111111119
114050  -30.606  19.066  -26.696 0.1111111119
83575  -30.602  19.741  -27.467 0.1111111119
123311  -30.471  20.190  -28.411 0.1111111119
84815  -30.420  21.101  -28.563 0.1111111119
84173  -31.361  20.055  -26.580 0.1111111119
84176  -30.869  20.705  -27.348 0.1111111119
104935  -37.737  4.783  -36.001 0.1111111119
71697  -39.070  3.945  -35.938 0.1111111119
72521  -39.580  5.164  -35.673 0.1111111119
74200  -36.734  8.078  -38.196 0.1111111119
104579  -37.262  7.007  -37.824 0.1111111119
74199  -35.582  7.631  -37.946 0.1111111119
76737  -33.647  10.870  -35.470 0.1111111119
79963  -26.420  14.312  -30.156 0.4444444478
79973  -32.367  13.942  -29.340 0.4444444478
79151  -33.511  13.764  -29.780 0.3333333433
79166  -34.458  13.816  -31.381 0.2222222239
79176  -34.792  13.747  -32.277 0.1111111119
117157  -34.179  14.018  -33.842 0.1111111119
79192  -33.376  12.561  -35.001 0.1111111119
116614  -34.595  15.303  -32.499 0.2222222239
121620  -34.363  16.672  -31.555 0.1111111119
112004  -34.862  16.572  -33.586 0.1111111119
81611  -29.054  17.144  -33.224 0.3333333433
82943  -29.421  19.133  -29.809 0.2222222239
82929  -30.261  19.098  -27.606 0.1111111119
84184  -30.385  20.610  -29.161 0.1111111119
110467  -30.114  21.747  -29.326 0.1111111119
84802  -30.743  21.536  -27.688 0.1111111119
84177  -31.202  21.516  -26.907 0.1111111119
71685  -39.876  4.423  -33.779 0.1111111119
103738  -34.716  7.763  -37.500 0.2222222239
75912  -33.850  9.353  -36.342 0.2222222239
77538  -33.441  11.548  -35.619 0.1111111119
79962  -25.226  14.436  -30.294 0.4444444478
80822  -27.520  14.974  -30.183 0.4444444478
80825  -30.299  16.057  -31.707 0.4444444478
80854  -28.197  16.783  -34.041 0.4444444478
81589  -31.196  16.158  -30.067 0.4444444478
81578  -31.758  16.609  -29.782 0.2222222239
120180  -30.192  18.276  -26.477 0.1111111119
71684  -39.550  4.468  -34.010 0.1111111119
119716  -37.441  3.220  -33.850 0.1111111119
106030  -38.605  4.305  -33.827 0.1111111119
71686  -40.398  4.418  -33.241 0.1111111119
72522  -39.789  5.904  -34.872 0.1111111119
72530  -39.908  5.417  -36.782 0.1111111119
74192  -39.321  6.763  -35.842 0.1111111119
73367  -38.880  6.763  -37.129 0.1111111119
75051  -36.486  8.960  -38.335 0.1111111119
74201  -38.362  8.210  -38.058 0.1111111119
113869  -39.136  8.111  -37.754 0.1111111119
75917  -35.089  10.112  -38.312 0.1111111119
76745  -33.976  10.623  -37.596 0.1111111119
79968  -24.900  13.924  -30.928 0.4444444478
114176  -33.644  11.239  -36.834 0.1111111119
77541  -33.309  11.784  -36.381 0.1111111119
80005  -33.435  13.799  -34.950 0.1111111119
79201  -32.778  12.801  -36.362 0.1111111119
80813  -26.015  14.617  -29.478 0.4444444478
120880  -31.905  15.252  -36.592 0.1111111119
111585  -26.177  15.717  -28.000 0.2222222239
80811  -27.404  15.634  -29.023 0.2222222239
81576  -28.591  16.859  -30.433 0.2222222239
81619  -34.901  17.391  -34.077 0.1111111119
81568  -27.790  16.320  -28.318 0.1111111119
82269  -29.040  17.326  -30.143 0.2222222239
82979  -34.791  19.356  -33.028 0.1111111119
112819  -34.759  20.300  -32.491 0.1111111119
81561  -27.822  16.601  -27.065 0.1111111119
81562  -28.519  16.874  -26.964 0.1111111119
82252  -29.648  17.738  -26.658 0.1111111119
82253  -30.121  17.819  -25.979 0.1111111119
82924  -30.556  18.566  -25.816 0.1111111119
84834  -32.104  21.777  -30.648 0.1111111119
84835  -32.897  21.451  -31.072 0.1111111119
115667  -33.671  22.549  -31.189 0.1111111119
83571  -31.269  19.394  -25.789 0.1111111119
85525  -30.263  22.129  -28.485 0.1111111119
85541  -29.240  22.316  -29.274 0.1111111119
116946  -34.202  12.765  -33.740 0.1111111119
76742  -33.660  10.089  -35.508 0.2222222239
79969  -28.678  15.402  -31.137 0.4444444478
103734  -38.086  5.281  -36.770 0.1111111119
73368  -39.714  6.212  -37.148 0.1111111119
75047  -34.098  8.787  -38.046 0.1111111119
75915  -33.761  9.986  -37.836 0.1111111119
75920  -33.938  9.562  -38.200 0.1111111119
78371  -33.211  12.155  -35.882 0.1111111119
121729  -33.182  13.177  -35.433 0.1111111119
80819  -32.867  15.429  -29.257 0.2222222239
80827  -33.555  15.394  -29.703 0.2222222239
80828  -34.144  15.425  -30.417 0.1111111119
79997  -34.499  14.758  -33.416 0.2222222239
117716  -34.195  14.611  -34.407 0.1111111119
83601  -34.008  19.667  -30.858 0.1111111119
81612  -34.933  17.292  -33.092 0.1111111119
82294  -34.407  18.003  -31.626 0.1111111119
118203  -34.748  18.175  -32.555 0.1111111119
117829  -33.832  15.852  -35.826 0.1111111119
80014  -33.156  14.550  -35.767 0.1111111119
80855  -34.676  15.589  -33.689 0.2222222239
104592  -26.855  19.276  -33.552 0.3333333433
126621  -32.572  17.459  -29.778 0.2222222239
81587  -28.064  17.384  -31.051 0.3333333433
82281  -28.419  18.988  -31.255 0.3333333433
103858  -27.492  19.325  -32.729 0.3333333433
82957  -30.070  19.156  -30.808 0.2222222239
115186  -30.858  19.426  -30.409 0.1111111119
83600  -33.161  19.602  -30.502 0.1111111119
84195  -30.582  20.495  -29.657 0.1111111119
84204  -31.883  20.918  -30.515 0.1111111119
111018  -30.241  21.753  -29.297 0.1111111119
105985  -38.293  3.748  -33.295 0.1111111119
71692  -39.691  5.117  -34.586 0.1111111119
75050  -35.279  8.706  -38.329 0.1111111119
81618  -34.625  16.450  -34.591 0.1111111119
81626  -34.737  17.462  -34.928 0.1111111119
84803  -30.968  22.279  -27.261 0.1111111119
71693  -39.966  5.249  -34.139 0.1111111119
75049  -34.533  9.539  -38.417 0.1111111119
76746  -34.258  10.078  -38.177 0.1111111119
81625  -34.486  17.045  -35.638 0.1111111119
82303  -34.991  18.469  -33.773 0.1111111119
81574  -28.541  16.712  -29.288 0.1111111119
82251  -29.111  17.305  -26.874 0.1111111119
85552  -31.346  22.103  -29.806 0.1111111119
86194  -28.253  22.138  -28.890 0.1111111119
126161  -29.315  22.244  -29.291 0.1111111119
67266  -22.937  -0.910  -28.572 0.2222222239
68163  -22.324  -0.096  -28.450 0.2222222239
124098  -23.273  -1.329  -29.061 0.3333333433
79961  -24.257  14.382  -30.174 0.3333333433
79955  -23.309  14.292  -28.735 0.2222222239
80802  -24.560  15.019  -27.278 0.1111111119
80803  -25.546  15.563  -27.440 0.1111111119
80809  -25.617  15.017  -28.582 0.2222222239
75839  -20.698  9.996  -29.207 0.2222222239
74118  -20.196  8.460  -28.905 0.1111111119
116200  -20.104  9.464  -29.052 0.1111111119
118671  -20.639  12.518  -28.017 0.1111111119
78290  -20.700  12.707  -27.366 0.1111111119
113430  -22.988  14.512  -27.011 0.1111111119
80795  -24.585  15.189  -26.178 0.1111111119
119784  -25.215  15.482  -26.592 0.1111111119
79136  -23.186  13.852  -29.235 0.2222222239
79128  -21.255  13.259  -27.752 0.1111111119
64838  -23.659  -4.160  -28.289 0.2222222239
70826  -21.973  3.145  -29.147 0.2222222239
79130  -22.545  13.780  -28.435 0.1111111119
107295  -21.623  3.753  -28.593 0.3333333433
112386  -24.031  14.798  -29.329 0.3333333433
79952  -24.216  14.696  -28.376 0.3333333433
80808  -24.984  14.961  -28.092 0.1111111119
66433  -22.481  -1.418  -27.995 0.2222222239
79950  -22.556  14.158  -27.721 0.1111111119
80801  -23.714  14.805  -26.671 0.1111111119
79116  -21.247  13.353  -27.100 0.1111111119
79951  -23.625  14.412  -27.597 0.1111111119
79938  -22.407  14.210  -26.900 0.1111111119
79923  -22.735  14.041  -26.247 0.1111111119
79939  -23.180  14.416  -26.321 0.1111111119
79117  -21.727  13.883  -27.338 0.1111111119
65674  -33.610  -1.789  -33.660 0.1111111119
55242  -26.427  -14.190  -26.523 0.1111111119
114777  -27.356  -14.182  -26.663 0.1111111119
55257  -28.203  -14.306  -26.694 0.1111111119
56098  -25.345  -13.937  -26.257 0.1111111119
56961  -24.829  -13.017  -26.260 0.1111111119
56110  -25.874  -13.278  -26.613 0.1111111119
56973  -24.687  -12.130  -26.313 0.1111111119
57836  -24.275  -11.453  -25.947 0.1111111119
57837  -24.937  -11.402  -26.639 0.1111111119
63971  -24.388  -4.474  -26.913 0.1111111119
72468  -20.924  5.440  -28.884 0.2222222239
73300  -20.910  6.192  -29.200 0.2222222239
73287  -20.614  6.133  -28.377 0.2222222239
73275  -20.500  5.974  -27.677 0.2222222239
68173  -22.515  0.633  -29.114 0.1111111119
55240  -24.953  -14.508  -25.636 0.1111111119
55255  -27.253  -14.898  -26.645 0.1111111119
56097  -24.521  -13.714  -25.653 0.1111111119
56960  -24.325  -12.298  -25.660 0.1111111119
58711  -24.054  -10.988  -26.167 0.1111111119
115599  -24.247  -10.140  -26.126 0.1111111119
60537  -24.419  -8.608  -26.267 0.1111111119
63985  -24.132  -5.330  -27.808 0.1111111119
64827  -24.191  -3.613  -27.349 0.1111111119
65611  -22.353  -2.278  -27.612 0.1111111119
68153  -21.940  -0.460  -28.050 0.1111111119
72458  -20.678  5.238  -27.893 0.2222222239
73274  -20.147  6.774  -27.976 0.2222222239
74101  -19.816  7.701  -28.227 0.1111111119
124429  -26.619  -14.952  -26.424 0.1111111119
122573  -23.436  -3.634  -28.581 0.1111111119
71628  -20.964  4.650  -28.262 0.2222222239
63995  -24.013  -4.918  -27.852 0.1111111119
114787  -24.298  -9.179  -25.886 0.1111111119
114833  -24.529  -8.054  -26.279 0.1111111119
112194  -23.921  -4.673  -27.841 0.1111111119
66420  -22.328  -1.734  -27.698 0.1111111119
55241  -25.870  -14.738  -26.098 0.1111111119
111309  -24.258  -13.023  -25.495 0.1111111119
63117  -24.459  -4.991  -26.277 0.1111111119
63972  -24.843  -4.436  -26.179 0.1111111119
105023  -23.552  -3.892  -27.988 0.1111111119
125104  -20.265  7.040  -26.194 0.1111111119
74947  -19.546  8.190  -28.003 0.1111111119
75838  -19.701  10.333  -28.796 0.1111111119
71629  -21.257  3.990  -27.752 0.1111111119
107962  -19.645  9.411  -28.514 0.1111111119
77461  -19.957  11.194  -28.568 0.1111111119
78306  -20.711  12.029  -28.528 0.1111111119
56113  -28.463  -13.375  -26.764 0.2222222239
63130  -24.175  -5.569  -27.465 0.1111111119
69091  -35.628  1.654  -35.471 0.2222222239
69988  -38.878  4.264  -37.470 0.1111111119
70869  -34.383  3.467  -32.537 0.6666666865
70888  -38.780  4.329  -37.354 0.1111111119
70890  -39.122  4.504  -37.535 0.1111111119
71700  -39.610  5.044  -37.258 0.1111111119
72508  -33.295  5.257  -32.450 0.7777777910
72535  -39.909  5.815  -37.236 0.1111111119
72536  -39.576  6.052  -37.380 0.1111111119
73262  -20.089  6.677  -27.579 0.2222222239
73358  -34.239  5.739  -34.257 0.6666666865
74092  -19.810  7.308  -27.756 0.1111111119
74151  -25.693  7.830  -32.505 1.0000000000
74167  -34.073  7.323  -32.346 0.7777777910
74198  -39.858  6.121  -36.796 0.1111111119
75004  -34.123  8.558  -31.665 0.5555555820
75015  -29.747  8.193  -33.037 0.8888888955
75017  -30.610  8.034  -31.757 0.8888888955
75019  -33.475  7.861  -31.797 0.6666666865
75028  -35.152  7.398  -34.210 0.5555555820
75860  -31.888  9.779  -30.865 0.6666666865
75884  -25.816  9.481  -33.258 0.7777777910
75888  -29.790  9.082  -33.057 0.7777777910
76658  -19.406  10.862  -28.386 0.1111111119
76676  -20.402  10.713  -29.077 0.1111111119
76696  -31.035  10.257  -30.726 0.6666666865
76699  -34.323  10.755  -31.449 0.5555555820
76710  -25.467  10.667  -32.687 0.7777777910
76722  -25.725  10.235  -33.200 0.7777777910
76726  -29.135  10.725  -32.426 0.6666666865
76741  -33.524  10.661  -36.323 0.1111111119
77500  -23.607  11.156  -30.564 0.5555555820
77513  -25.432  12.015  -32.765 0.6666666865
77525  -24.890  12.456  -32.917 0.6666666865
78308  -21.808  13.278  -28.366 0.2222222239
78322  -24.161  13.158  -30.521 0.5555555820
78350  -31.030  11.717  -30.243 0.6666666865
78359  -27.711  12.170  -31.972 0.6666666865
79129  -21.824  13.831  -27.959 0.1111111119
79164  -29.254  13.748  -32.443 0.5555555820
79186  -34.439  13.527  -33.256 0.1111111119
79956  -24.644  14.974  -28.872 0.3333333433
79960  -23.691  14.307  -29.564 0.3333333433
80818  -32.181  15.514  -29.432 0.4444444478
80843  -27.258  17.044  -33.725 0.3333333433
80844  -27.229  16.752  -33.518 0.3333333433
80845  -28.073  16.367  -33.615 0.4444444478
80846  -28.621  16.565  -33.574 0.4444444478
80853  -27.713  16.821  -33.983 0.4444444478
81573  -27.976  16.273  -29.606 0.2222222239
81580  -33.159  16.145  -29.542 0.1111111119
81598  -26.746  17.302  -33.003 0.3333333433
81610  -26.926  17.492  -33.552 0.3333333433
81617  -27.879  17.514  -34.036 0.3333333433
82272  -32.486  16.791  -29.652 0.2222222239
82280  -27.579  18.530  -31.323 0.3333333433
82291  -26.954  18.531  -32.458 0.3333333433
82293  -30.173  17.494  -31.923 0.3333333433
82300  -26.936  18.321  -34.011 0.3333333433
82301  -26.797  18.316  -33.478 0.3333333433
82310  -27.350  18.244  -34.045 0.3333333433
82967  -27.288  19.357  -32.779 0.3333333433
82968  -28.153  19.038  -32.521 0.3333333433
82976  -26.814  18.983  -34.036 0.3333333433
82977  -27.455  19.326  -33.592 0.3333333433
103717  -35.227  3.994  -37.562 0.4444444478
103720  -34.149  5.155  -37.129 0.5555555820
103721  -35.239  3.947  -37.590 0.5555555820
103723  -35.800  3.195  -38.335 0.4444444478
103726  -36.026  2.918  -38.365 0.4444444478
103729  -34.366  5.436  -37.237 0.3333333433
103735  -39.144  5.073  -37.563 0.1111111119
103736  -39.058  5.597  -37.472 0.1111111119
103742  -36.455  3.132  -37.955 0.3333333433
103744  -39.241  4.827  -37.511 0.1111111119
103853  -28.330  17.355  -33.941 0.3333333433
103854  -27.567  18.568  -33.975 0.3333333433
103855  -27.042  19.469  -34.189 0.3333333433
103856  -27.048  19.700  -33.679 0.3333333433
103857  -27.669  19.313  -32.173 0.3333333433
104186  -37.413  6.002  -37.275 0.1111111119
104427  -39.047  4.549  -37.619 0.1111111119
104515  -34.644  4.873  -37.278 0.5555555820
104840  -26.833  19.374  -34.039 0.3333333433
105047  -35.096  4.034  -37.214 0.4444444478
105138  -34.368  6.743  -36.897 0.4444444478
105838  -33.996  5.291  -36.782 0.5555555820
105997  -26.989  19.001  -34.234 0.3333333433
106612  -35.384  2.803  -34.878 0.4444444478
106652  -30.035  6.690  -32.262 0.8888888955
107282  -27.953  8.992  -32.471 0.7777777910
107796  -29.042  9.841  -32.517 0.6666666865
107898  -26.809  -0.055  -32.849 1.0000000000
108457  -25.336  13.451  -33.007 0.6666666865
109044  -26.223  9.285  -33.151 0.7777777910
111598  -29.127  5.663  -32.645 1.0000000000
113030  -27.166  5.654  -33.065 1.0000000000
113474  -29.419  13.088  -32.204 0.6666666865
115587  -32.458  12.849  -29.394 0.5555555820
115657  -33.764  13.093  -30.195 0.4444444478
115820  -31.753  15.934  -29.624 0.4444444478
116788  -33.424  11.218  -36.107 0.1111111119
116830  -39.187  4.396  -37.364 0.1111111119
117093  -34.476  16.169  -31.864 0.1111111119
119257  -38.054  4.572  -36.754 0.1111111119
119318  -38.704  4.978  -37.407 0.1111111119
121630  -25.347  13.022  -33.158 0.6666666865
122677  -25.793  13.917  -30.760 0.4444444478
123373  -26.237  6.688  -33.133 1.0000000000
124082  -27.094  12.817  -31.614 0.6666666865
125217  -34.636  10.353  -31.691 0.5555555820
125492  -27.613  4.506  -32.683 1.0000000000
125722  -27.802  2.807  -32.824 1.0000000000
126932  -27.777  -0.983  -32.516 1.0000000000
127213  -32.714  0.793  -33.436 0.5555555820
