#!ascii label  , from subject 001 vox2ras=TkReg
410
24318  -35.790  -50.535  -31.740 0.6999999881
25228  -36.768  -49.543  -31.661 0.6000000238
25229  -37.664  -49.900  -31.420 0.6000000238
25231  -39.395  -49.445  -32.146 0.4000000060
24335  -29.910  -49.907  -32.794 0.6999999881
24346  -29.968  -49.011  -32.891 0.6999999881
24347  -30.981  -50.465  -33.595 0.6999999881
25255  -30.679  -49.379  -33.580 0.6000000238
24348  -31.668  -50.811  -34.151 0.6999999881
25256  -31.402  -49.743  -34.238 0.6000000238
23473  -32.363  -51.031  -34.407 0.6000000238
24358  -31.980  -49.996  -34.494 0.6000000238
124379  -33.337  -51.029  -34.305 0.6000000238
24359  -32.484  -50.222  -34.526 0.6000000238
25267  -32.635  -49.471  -34.763 0.5000000000
24361  -33.695  -50.750  -34.064 0.5000000000
25268  -33.907  -49.423  -34.324 0.5000000000
25258  -34.748  -49.423  -32.892 0.6000000238
24337  -35.179  -50.025  -32.354 0.6000000238
25244  -35.327  -48.869  -32.502 0.6000000238
25245  -35.932  -49.162  -31.995 0.6000000238
26146  -36.569  -48.719  -31.715 0.6000000238
119855  -29.012  -49.050  -32.441 0.6000000238
26170  -30.296  -48.408  -33.563 0.6000000238
26179  -30.937  -48.739  -34.735 0.6000000238
26180  -31.013  -48.765  -35.792 0.6000000238
25265  -31.629  -48.978  -34.997 0.6000000238
25266  -31.996  -49.037  -34.928 0.6000000238
26190  -32.393  -48.665  -35.451 0.6000000238
111572  -33.244  -49.020  -34.802 0.6000000238
25257  -34.457  -49.076  -33.807 0.6000000238
26182  -33.930  -48.611  -34.445 0.6999999881
26172  -34.804  -48.538  -33.019 0.6000000238
107055  -37.606  -49.122  -31.512 0.5000000000
25243  -28.265  -48.883  -31.747 0.6000000238
104723  -29.477  -48.438  -32.519 0.6000000238
27132  -30.101  -47.638  -34.033 0.6000000238
109663  -30.168  -48.083  -34.874 0.6000000238
112000  -30.462  -48.405  -35.573 0.6000000238
26178  -30.083  -48.061  -35.408 0.6000000238
26188  -30.575  -48.514  -35.974 0.6000000238
26189  -31.970  -48.559  -36.147 0.6000000238
25274  -31.874  -48.798  -35.725 0.6000000238
27151  -32.568  -47.966  -35.889 0.6000000238
26181  -33.109  -48.162  -35.079 0.6999999881
26160  -35.413  -48.141  -32.536 0.6000000238
27123  -36.044  -47.926  -31.937 0.6000000238
26147  -38.667  -48.848  -31.721 0.4000000060
25227  -28.505  -48.624  -31.500 0.6000000238
26159  -29.283  -48.180  -32.268 0.6000000238
113683  -29.967  -48.019  -33.022 0.6000000238
27140  -29.935  -47.615  -34.763 0.6000000238
27147  -29.900  -47.429  -34.978 0.5000000000
27148  -30.317  -47.753  -35.880 0.6000000238
28157  -32.729  -47.076  -35.936 0.6999999881
27133  -34.335  -47.004  -33.796 0.6000000238
27142  -33.714  -47.533  -34.471 0.6000000238
26171  -34.504  -48.134  -33.859 0.6000000238
27134  -34.907  -47.622  -33.060 0.6000000238
27122  -35.593  -47.295  -32.490 0.6000000238
27104  -36.924  -47.972  -31.614 0.6000000238
27106  -38.845  -47.973  -31.827 0.4000000060
108134  -37.880  -48.174  -31.467 0.5000000000
26144  -29.615  -48.111  -31.883 0.6000000238
107083  -30.147  -47.797  -33.324 0.6000000238
27121  -30.082  -47.095  -33.961 0.5000000000
28142  -29.888  -47.179  -34.398 0.5000000000
28155  -30.656  -46.825  -35.844 0.6000000238
116363  -31.930  -45.799  -35.942 0.6000000238
28156  -31.816  -46.759  -36.119 0.6999999881
28144  -33.185  -46.198  -35.383 0.6999999881
27141  -33.001  -47.120  -35.265 0.6999999881
29059  -34.311  -45.372  -34.630 0.6000000238
28136  -34.397  -46.040  -33.955 0.6000000238
29051  -34.960  -45.343  -33.795 0.6000000238
28137  -35.092  -46.528  -33.169 0.6000000238
118441  -35.788  -46.563  -32.493 0.6000000238
27105  -37.548  -47.331  -31.654 0.5000000000
119706  -38.295  -47.473  -31.648 0.4000000060
26135  -29.377  -48.496  -31.390 0.6000000238
121065  -30.420  -47.886  -32.452 0.6000000238
125043  -29.872  -47.995  -32.548 0.5000000000
27101  -30.307  -47.690  -33.128 0.6000000238
28123  -30.370  -46.166  -34.170 0.5000000000
28135  -30.036  -46.621  -34.311 0.6000000238
29056  -30.209  -46.130  -35.063 0.6000000238
29049  -30.207  -45.917  -34.432 0.5000000000
29070  -32.671  -45.368  -35.661 0.5000000000
115844  -32.819  -46.193  -35.820 0.6000000238
30009  -33.119  -44.062  -35.070 0.5000000000
30023  -33.522  -44.894  -35.350 0.5000000000
29071  -33.480  -45.537  -35.357 0.6000000238
30010  -34.144  -44.303  -34.953 0.4000000060
29058  -33.688  -45.480  -35.110 0.6999999881
30011  -34.695  -44.292  -34.603 0.4000000060
29060  -34.772  -44.674  -34.464 0.5000000000
30003  -35.544  -44.283  -33.755 0.5000000000
29052  -35.526  -44.942  -33.308 0.6000000238
29993  -36.036  -44.499  -32.905 0.5000000000
29041  -36.233  -45.331  -32.558 0.6000000238
28110  -38.197  -46.769  -31.697 0.5000000000
28127  -36.393  -46.180  -32.233 0.6000000238
28128  -37.332  -46.512  -31.829 0.6000000238
26145  -30.735  -48.164  -31.932 0.5000000000
107598  -30.951  -47.204  -33.262 0.5000000000
29050  -30.316  -45.018  -34.286 0.4000000060
29057  -30.256  -44.987  -34.963 0.5000000000
108133  -31.312  -45.026  -35.559 0.5000000000
30008  -31.783  -43.799  -34.723 0.5000000000
31799  -34.793  -42.290  -34.397 0.4000000060
31808  -34.379  -42.775  -34.620 0.4000000060
30917  -34.570  -43.593  -34.648 0.4000000060
116523  -35.257  -43.130  -34.235 0.5000000000
30002  -35.136  -44.237  -34.259 0.5000000000
31801  -35.660  -42.853  -33.725 0.5000000000
30909  -35.467  -43.691  -34.055 0.5000000000
30910  -35.916  -43.710  -33.344 0.5000000000
29977  -37.745  -45.099  -31.628 0.5000000000
29027  -37.989  -45.960  -31.599 0.5000000000
29994  -36.915  -44.814  -32.272 0.6000000238
29042  -37.115  -45.684  -32.007 0.5000000000
30914  -30.931  -43.710  -34.238 0.4000000060
113713  -31.498  -43.111  -34.119 0.5000000000
30915  -32.632  -43.263  -34.571 0.5000000000
31807  -33.360  -42.643  -34.499 0.5000000000
31800  -35.168  -42.467  -34.191 0.4000000060
30904  -37.516  -44.157  -31.853 0.5000000000
29978  -38.605  -44.461  -31.422 0.3000000119
32632  -36.133  -41.239  -33.129 0.5000000000
30903  -36.610  -43.911  -32.514 0.5000000000
31806  -32.137  -42.555  -34.090 0.4000000060
32642  -33.375  -41.306  -33.906 0.4000000060
113848  -35.117  -40.922  -33.612 0.4000000060
32643  -34.499  -41.551  -34.019 0.4000000060
109412  -35.836  -40.922  -33.423 0.4000000060
33409  -36.305  -40.320  -33.289 0.5000000000
114431  -38.126  -43.406  -31.547 0.4000000060
117135  -36.311  -43.059  -32.841 0.5000000000
31792  -36.043  -42.178  -32.998 0.5000000000
122054  -36.775  -42.492  -32.436 0.5000000000
31793  -37.165  -43.228  -32.125 0.5000000000
34169  -36.445  -39.261  -34.304 0.4000000060
33420  -36.424  -39.727  -33.603 0.4000000060
32620  -38.416  -41.713  -31.279 0.4000000060
31781  -37.629  -42.354  -31.755 0.5000000000
32633  -36.762  -41.684  -32.466 0.5000000000
34170  -36.958  -39.246  -34.284 0.4000000060
113782  -39.029  -41.277  -31.204 0.3000000119
110672  -36.710  -40.594  -32.662 0.5000000000
32619  -37.464  -41.230  -31.824 0.5000000000
35024  -37.018  -38.591  -34.714 0.4000000060
33402  -38.260  -40.628  -31.461 0.3000000119
35011  -37.207  -38.839  -34.212 0.4000000060
33401  -37.329  -40.340  -31.923 0.5000000000
34157  -36.628  -39.525  -33.572 0.4000000060
114194  -36.905  -39.753  -32.479 0.5000000000
35032  -37.166  -37.935  -34.871 0.4000000060
125887  -38.313  -39.167  -31.556 0.3000000119
116289  -38.677  -39.747  -31.399 0.3000000119
35025  -37.366  -38.071  -34.471 0.4000000060
35002  -37.867  -38.483  -31.996 0.4000000060
34158  -36.922  -38.848  -32.829 0.4000000060
35920  -37.091  -37.397  -34.845 0.5000000000
34148  -38.942  -38.887  -31.334 0.4000000060
35004  -39.679  -38.301  -31.123 0.4000000060
35013  -37.923  -37.668  -32.369 0.5000000000
35003  -38.766  -37.922  -31.770 0.4000000060
35908  -37.659  -37.191  -33.977 0.5000000000
35012  -37.509  -38.024  -33.393 0.5000000000
35909  -37.753  -37.198  -32.991 0.5000000000
35899  -38.321  -36.972  -32.248 0.4000000060
35900  -39.303  -37.362  -31.516 0.4000000060
35892  -39.775  -36.881  -30.966 0.4000000060
34996  -40.548  -38.225  -30.721 0.3000000119
36748  -37.356  -36.873  -34.354 0.5000000000
36719  -39.444  -35.972  -31.216 0.4000000060
37486  -40.077  -35.591  -30.502 0.3000000119
38243  -37.557  -35.139  -32.952 0.5000000000
37493  -38.466  -35.488  -31.973 0.4000000060
36729  -38.731  -36.318  -31.824 0.4000000060
36720  -40.395  -36.449  -30.456 0.4000000060
37487  -41.079  -35.930  -30.097 0.3000000119
37514  -37.247  -36.090  -33.872 0.5000000000
36737  -37.772  -36.351  -33.037 0.5000000000
124554  -38.206  -36.267  -32.416 0.5000000000
36736  -37.450  -36.201  -33.665 0.5000000000
37485  -39.206  -35.205  -31.311 0.4000000060
38227  -39.823  -34.813  -30.504 0.4000000060
39008  -37.067  -34.310  -32.581 0.5000000000
37504  -37.297  -35.454  -33.261 0.5000000000
109783  -37.607  -34.984  -33.241 0.5000000000
37492  -37.628  -35.158  -32.610 0.5000000000
36728  -38.049  -35.728  -32.571 0.5000000000
37505  -37.353  -35.466  -33.104 0.5000000000
39768  -36.822  -33.241  -32.339 0.5000000000
124042  -37.769  -34.316  -32.145 0.5000000000
38216  -40.433  -34.382  -29.951 0.3000000119
37473  -40.924  -35.040  -29.983 0.3000000119
39769  -37.304  -33.818  -32.210 0.5000000000
38999  -37.627  -33.642  -31.974 0.5000000000
24338  -35.982  -49.813  -31.915 0.6000000238
25230  -38.557  -49.757  -31.588 0.5000000000
24360  -33.161  -50.465  -34.427 0.6000000238
27150  -32.099  -47.850  -36.249 0.6999999881
27124  -36.460  -47.062  -31.933 0.6000000238
28145  -33.636  -46.256  -34.661 0.6999999881
28126  -35.602  -45.803  -32.875 0.6000000238
30022  -32.193  -44.533  -35.348 0.5000000000
30916  -33.834  -43.437  -34.826 0.5000000000
29072  -34.188  -44.923  -35.016 0.4000000060
32644  -35.187  -41.811  -33.911 0.4000000060
32645  -35.571  -41.914  -33.577 0.5000000000
32652  -34.001  -42.050  -34.412 0.4000000060
34147  -37.654  -39.528  -31.778 0.4000000060
35901  -40.016  -37.700  -30.786 0.3000000119
39009  -37.403  -34.751  -32.579 0.5000000000
38244  -37.640  -34.885  -32.478 0.5000000000
17901  -33.295  -57.547  -33.633 0.5000000000
17903  -35.404  -57.703  -33.600 0.5000000000
17902  -34.172  -57.724  -33.456 0.5000000000
17893  -37.703  -57.365  -32.479 0.5000000000
17904  -37.281  -57.712  -33.327 0.5000000000
123933  -36.354  -57.581  -33.349 0.4000000060
17889  -33.838  -57.282  -32.937 0.5000000000
17890  -34.789  -57.338  -32.962 0.6000000238
122744  -36.948  -57.457  -32.584 0.5000000000
17891  -36.248  -57.133  -32.453 0.5000000000
19736  -39.291  -55.740  -32.980 0.4000000060
107857  -30.758  -56.173  -33.601 0.6999999881
19734  -32.379  -56.135  -33.371 0.6999999881
18787  -33.656  -56.711  -32.732 0.6999999881
18789  -35.428  -56.645  -32.382 0.5000000000
18788  -34.433  -56.677  -32.572 0.6999999881
18790  -37.610  -56.629  -31.804 0.5000000000
18773  -36.953  -56.393  -31.646 0.5000000000
18772  -36.308  -56.514  -31.835 0.5000000000
20621  -39.289  -54.404  -32.787 0.5000000000
19716  -38.820  -56.006  -32.524 0.5000000000
20640  -28.194  -54.744  -33.674 0.5000000000
19731  -28.960  -55.577  -33.611 0.6999999881
20641  -30.131  -54.732  -33.416 0.6999999881
19732  -30.082  -55.789  -33.594 0.6999999881
105659  -30.949  -55.440  -33.488 0.6999999881
19735  -33.177  -55.993  -32.893 0.6000000238
107230  -34.875  -55.857  -32.254 0.6999999881
19713  -34.415  -55.093  -32.403 0.6000000238
20619  -38.009  -55.048  -31.842 0.5000000000
19697  -36.571  -55.758  -31.537 0.6000000238
18771  -35.689  -55.836  -31.771 0.6000000238
109524  -38.871  -55.175  -32.437 0.5000000000
21601  -39.768  -53.771  -33.188 0.5000000000
21618  -28.700  -53.767  -33.413 0.5000000000
119606  -29.114  -54.462  -33.519 0.6999999881
106351  -31.984  -55.223  -33.526 0.6999999881
106644  -32.637  -54.263  -33.876 0.6999999881
124979  -31.979  -54.541  -33.586 0.6999999881
20616  -33.568  -54.826  -32.848 0.6999999881
121537  -35.654  -54.340  -31.610 0.6000000238
19714  -35.133  -54.887  -31.992 0.6999999881
20606  -37.845  -54.344  -31.626 0.6999999881
21583  -37.215  -53.883  -31.235 0.6000000238
21600  -39.216  -53.681  -32.357 0.6000000238
20620  -38.669  -54.375  -32.040 0.6000000238
22528  -39.641  -52.914  -32.797 0.6000000238
21597  -28.351  -53.146  -32.439 0.5000000000
21598  -29.282  -53.184  -33.045 0.6000000238
21619  -29.708  -53.736  -33.314 0.6000000238
21620  -30.795  -53.794  -33.232 0.6999999881
21622  -32.952  -53.578  -34.292 0.6999999881
125821  -32.362  -53.470  -33.980 0.6000000238
20642  -32.756  -55.001  -33.397 0.6999999881
105407  -33.160  -53.983  -34.070 0.6999999881
20617  -34.379  -54.244  -32.530 0.6999999881
113783  -37.460  -53.201  -31.072 0.6999999881
22527  -39.132  -52.908  -31.815 0.6999999881
21584  -38.300  -53.610  -31.549 0.6999999881
22523  -29.347  -52.500  -32.498 0.6000000238
22545  -30.324  -52.910  -32.933 0.6000000238
106098  -31.404  -53.163  -33.392 0.6000000238
20643  -33.700  -53.695  -33.252 0.8000000119
21624  -33.797  -52.904  -33.286 0.5000000000
22548  -32.811  -52.867  -34.329 0.6000000238
21581  -35.293  -53.107  -31.836 0.6999999881
109630  -34.833  -52.550  -32.232 0.6999999881
22508  -37.267  -52.606  -30.902 0.6999999881
114330  -36.603  -51.927  -31.052 0.6999999881
119439  -39.540  -52.543  -32.386 0.5000000000
23450  -39.442  -52.008  -31.720 0.6999999881
122554  -39.876  -51.184  -32.347 0.5000000000
21596  -27.545  -52.561  -31.643 0.5000000000
22522  -28.515  -52.154  -31.801 0.5000000000
114547  -29.248  -51.647  -32.144 0.6000000238
22524  -30.200  -51.846  -32.506 0.6000000238
22546  -31.226  -52.171  -33.200 0.6000000238
23447  -30.653  -51.129  -32.795 0.6000000238
23460  -31.351  -51.320  -33.656 0.6000000238
23448  -34.277  -51.366  -33.063 0.6000000238
22550  -33.687  -52.175  -33.690 0.5000000000
23461  -32.123  -51.854  -34.079 0.5000000000
23431  -35.626  -51.383  -31.619 0.6000000238
22526  -34.835  -51.791  -32.240 0.6000000238
23432  -37.485  -51.198  -30.884 0.6000000238
106555  -36.447  -51.040  -31.298 0.6000000238
24320  -38.400  -50.594  -31.167 0.5000000000
22507  -27.673  -51.569  -31.403 0.5000000000
23430  -28.387  -50.897  -31.686 0.6000000238
22549  -33.170  -52.563  -34.288 0.5000000000
23474  -32.962  -51.101  -34.475 0.5000000000
23449  -34.925  -50.864  -32.236 0.4000000060
23463  -33.807  -51.326  -33.738 0.5000000000
24319  -36.920  -50.317  -31.330 0.6000000238
22506  -26.859  -51.678  -31.096 0.5000000000
23429  -27.201  -50.585  -31.289 0.6000000238
23446  -29.542  -50.842  -32.309 0.6000000238
24336  -34.516  -50.353  -32.940 0.5000000000
24349  -34.188  -49.982  -33.754 0.4000000060
23419  -26.435  -51.527  -30.583 0.5000000000
24334  -27.685  -49.709  -31.474 0.6000000238
115766  -28.601  -49.717  -32.138 0.6000000238
23428  -26.659  -50.543  -30.885 0.5000000000
24317  -26.857  -49.626  -31.140 0.6000000238
22498  -26.276  -51.756  -30.104 0.5000000000
23420  -26.597  -50.833  -30.488 0.5000000000
24306  -26.705  -49.826  -30.812 0.5000000000
25225  -26.884  -49.112  -31.018 0.6000000238
24333  -27.249  -49.086  -31.310 0.6000000238
23410  -26.827  -51.422  -29.845 0.5000000000
24293  -27.012  -50.286  -30.309 0.5000000000
22488  -26.757  -52.369  -29.610 0.5000000000
123581  -26.895  -49.378  -30.771 0.5000000000
21567  -27.593  -53.218  -28.970 0.5000000000
23411  -28.067  -51.595  -29.624 0.5000000000
25198  -27.351  -49.530  -30.568 0.5000000000
25226  -27.480  -48.811  -31.187 0.4000000060
121308  -28.488  -52.560  -28.831 0.5000000000
24294  -28.203  -50.486  -30.234 0.5000000000
25199  -28.277  -49.387  -30.670 0.4000000060
25212  -27.861  -48.700  -30.987 0.4000000060
23412  -29.347  -51.583  -29.677 0.4000000060
24295  -29.651  -50.733  -30.251 0.4000000060
24307  -29.828  -49.676  -30.618 0.4000000060
23434  -39.310  -50.411  -31.787 0.4000000060
22565  -32.852  -51.941  -34.450 0.6000000238
25213  -28.850  -48.847  -31.060 0.4000000060
25214  -30.112  -48.921  -30.956 0.4000000060
21599  -34.437  -53.227  -32.572 0.6999999881
21582  -36.374  -53.096  -31.124 0.6999999881
124981  -35.722  -53.681  -31.538 0.6999999881
111534  -33.079  -53.286  -34.313 0.6000000238
22547  -32.006  -52.746  -33.833 0.6000000238
126223  -38.855  -52.348  -31.092 0.6999999881
22525  -34.260  -52.327  -32.847 0.6999999881
126128  -35.552  -52.293  -31.615 0.6999999881
23433  -38.754  -51.560  -30.856 0.6000000238
119891  -39.329  -51.166  -31.410 0.6000000238
17015  -36.864  -57.895  -34.081 0.5000000000
17892  -36.972  -57.057  -31.903 0.5000000000
17917  -32.779  -57.688  -34.277 0.5000000000
17918  -33.857  -57.839  -34.284 0.5000000000
18791  -38.397  -56.712  -32.348 0.5000000000
18804  -39.013  -56.646  -32.930 0.4000000060
19698  -37.404  -55.775  -31.642 0.5000000000
19712  -34.010  -55.890  -32.486 0.6000000238
19715  -38.239  -55.876  -32.016 0.5000000000
19733  -31.486  -56.205  -33.518 0.6999999881
20604  -36.060  -55.017  -31.455 0.6000000238
20605  -37.045  -54.872  -31.406 0.6000000238
20618  -35.060  -53.891  -31.990 0.6999999881
21621  -31.755  -53.967  -33.538 0.6999999881
21623  -33.397  -53.133  -34.003 0.5000000000
22497  -26.135  -52.479  -29.911 0.5000000000
22509  -38.185  -52.812  -31.125 0.6999999881
23462  -33.351  -51.584  -34.235 0.6000000238
25211  -27.235  -48.926  -30.837 0.5000000000
25273  -31.423  -48.712  -36.096 0.6000000238
26136  -30.393  -48.464  -31.421 0.5000000000
26161  -35.815  -48.573  -32.116 0.6000000238
26196  -31.020  -48.320  -36.247 0.6000000238
26197  -31.614  -48.378  -36.280 0.6999999881
27149  -31.221  -47.693  -36.294 0.6999999881
28134  -29.975  -46.978  -34.120 0.5000000000
28143  -29.993  -46.738  -34.399 0.6000000238
28154  -30.097  -46.967  -35.200 0.5000000000
29069  -30.886  -45.827  -35.663 0.6000000238
30007  -30.546  -44.314  -34.360 0.4000000060
30021  -30.841  -44.287  -34.944 0.5000000000
30918  -35.045  -43.690  -34.386 0.5000000000
31809  -34.893  -42.956  -34.471 0.4000000060
32651  -32.762  -41.941  -34.033 0.4000000060
33419  -35.816  -40.138  -33.614 0.4000000060
35921  -37.352  -37.518  -34.583 0.4000000060
37503  -37.198  -35.379  -33.340 0.5000000000
39000  -38.272  -34.347  -31.854 0.5000000000
39759  -38.185  -33.357  -31.565 0.5000000000
105916  -34.716  -57.887  -33.950 0.5000000000
105952  -35.650  -57.292  -32.971 0.5000000000
109642  -36.339  -54.148  -31.328 0.6000000238
109662  -35.402  -49.434  -32.359 0.6000000238
111464  -35.189  -44.600  -34.054 0.5000000000
111911  -34.090  -50.749  -33.545 0.4000000060
112781  -37.864  -52.065  -30.832 0.6999999881
118005  -33.563  -49.972  -34.324 0.5000000000
118222  -38.565  -45.401  -31.468 0.5000000000
121644  -31.269  -54.593  -33.443 0.6999999881
121769  -27.686  -52.361  -29.238 0.5000000000
123863  -31.583  -48.802  -35.745 0.6000000238
124534  -37.223  -48.540  -31.558 0.5000000000
125424  -27.997  -52.808  -28.798 0.5000000000
125951  -34.752  -57.715  -33.502 0.5000000000
126516  -33.383  -49.518  -34.555 0.5000000000
