#!ascii label  , from subject 001 vox2ras=TkReg
1719
39000  -38.272  -34.347  -31.854 0.5000000000
38992  -38.926  -33.657  -31.036 0.5000000000
39745  -38.766  -32.682  -30.754 0.4000000060
38981  -39.466  -33.108  -30.063 0.5000000000
39733  -39.573  -31.964  -30.192 0.5000000000
40484  -40.095  -31.459  -29.249 0.5000000000
53578  -39.609  -16.593  -32.628 0.5000000000
54445  -39.632  -15.808  -32.536 0.4000000060
55334  -40.068  -15.359  -32.216 0.4000000060
55333  -39.361  -15.004  -32.410 0.4000000060
56183  -39.777  -14.534  -32.067 0.6000000238
124331  -40.034  -14.559  -31.829 0.5000000000
109684  -38.960  -14.191  -32.407 0.5000000000
56173  -39.834  -13.960  -31.755 0.4000000060
115101  -38.611  -13.496  -32.518 0.5000000000
56182  -39.321  -13.638  -32.195 0.5000000000
56162  -40.080  -13.543  -31.102 0.4000000060
38234  -38.309  -34.918  -32.031 0.5000000000
38226  -39.078  -34.479  -31.272 0.4000000060
38993  -39.636  -34.017  -30.342 0.5000000000
38982  -40.462  -33.569  -29.508 0.5000000000
39735  -41.135  -32.860  -28.834 0.5000000000
40485  -40.931  -31.996  -28.613 0.5000000000
41241  -41.006  -31.067  -28.746 0.5000000000
109282  -40.280  -30.677  -29.002 0.5000000000
117864  -39.313  -17.403  -32.498 0.5000000000
124323  -40.185  -17.671  -32.604 0.5000000000
54446  -40.285  -16.248  -32.411 0.5000000000
55320  -40.225  -15.019  -31.873 0.6000000238
58769  -40.641  -11.216  -28.521 0.3000000119
57884  -40.454  -11.730  -29.267 0.3000000119
57037  -40.148  -12.542  -30.863 0.4000000060
111865  -40.410  -11.893  -30.208 0.4000000060
39734  -40.204  -32.521  -29.278 0.5000000000
126494  -39.850  -30.938  -29.485 0.5000000000
54433  -40.538  -15.704  -31.998 0.6000000238
58776  -40.437  -10.807  -29.282 0.3000000119
29969  -49.499  -43.612  -30.676 0.3000000119
30893  -50.178  -43.056  -30.787 0.3000000119
114836  -51.115  -43.346  -31.427 0.4000000060
30894  -50.886  -42.547  -31.260 0.4000000060
30895  -52.046  -42.796  -31.543 0.4000000060
120730  -51.570  -42.356  -31.549 0.4000000060
30896  -53.249  -42.985  -32.251 0.4000000060
31796  -53.164  -41.811  -32.910 0.4000000060
112750  -52.596  -41.411  -32.735 0.4000000060
30883  -49.280  -42.891  -30.516 0.3000000119
31785  -49.948  -42.369  -30.859 0.3000000119
32611  -49.183  -42.161  -30.834 0.4000000060
32626  -50.039  -42.135  -31.081 0.4000000060
31786  -50.805  -42.199  -31.269 0.4000000060
109927  -50.788  -41.911  -31.481 0.4000000060
32627  -51.835  -41.883  -31.863 0.4000000060
32637  -51.246  -41.303  -32.344 0.4000000060
33423  -53.119  -39.663  -33.397 0.4000000060
33415  -52.837  -40.730  -33.196 0.4000000060
32598  -47.016  -41.158  -29.992 0.3000000119
32609  -47.738  -41.524  -30.324 0.3000000119
33405  -47.180  -40.864  -30.917 0.3000000119
32625  -49.089  -41.882  -31.169 0.4000000060
33412  -48.737  -41.081  -31.934 0.4000000060
32636  -49.899  -41.594  -32.009 0.4000000060
126074  -50.372  -41.074  -32.454 0.4000000060
33414  -51.231  -40.561  -32.805 0.4000000060
35018  -50.217  -38.373  -32.704 0.4000000060
123792  -51.553  -39.639  -33.026 0.4000000060
36740  -50.775  -36.693  -32.442 0.4000000060
35914  -51.130  -37.612  -32.824 0.4000000060
35019  -51.732  -38.349  -33.108 0.4000000060
32599  -47.571  -41.618  -29.611 0.3000000119
33406  -47.817  -40.649  -31.454 0.3000000119
33413  -49.776  -40.799  -32.439 0.4000000060
106533  -49.448  -39.140  -32.609 0.4000000060
35913  -49.834  -37.606  -32.390 0.4000000060
34164  -50.187  -39.877  -32.685 0.4000000060
36739  -49.567  -36.939  -32.056 0.4000000060
36734  -49.937  -36.113  -31.843 0.4000000060
33395  -46.591  -40.317  -30.342 0.3000000119
34153  -46.856  -39.848  -31.116 0.3000000119
34154  -47.631  -39.839  -31.550 0.4000000060
34155  -48.218  -40.156  -31.902 0.4000000060
35009  -48.079  -38.233  -31.801 0.4000000060
34163  -48.975  -40.070  -32.389 0.4000000060
36726  -48.436  -35.945  -30.462 0.3000000119
36733  -48.885  -36.703  -31.573 0.4000000060
35017  -49.028  -38.362  -32.299 0.4000000060
37496  -49.128  -35.668  -31.227 0.3000000119
35906  -48.849  -37.547  -31.907 0.4000000060
34120  -45.471  -39.319  -27.686 0.3000000119
34127  -45.631  -39.552  -28.595 0.3000000119
34976  -45.422  -38.245  -27.680 0.3000000119
33386  -46.601  -40.594  -29.502 0.3000000119
34134  -46.188  -39.709  -29.570 0.3000000119
34988  -46.299  -38.755  -30.052 0.3000000119
35883  -46.344  -37.815  -29.461 0.3000000119
34142  -46.428  -39.508  -30.481 0.3000000119
35896  -46.881  -38.001  -30.382 0.3000000119
35897  -47.527  -37.290  -30.752 0.3000000119
34997  -46.721  -38.857  -30.904 0.3000000119
36725  -47.824  -36.637  -30.209 0.3000000119
35008  -47.435  -38.982  -31.459 0.3000000119
36732  -48.243  -36.577  -31.021 0.3000000119
35905  -48.064  -37.377  -31.412 0.4000000060
37489  -49.085  -35.045  -30.404 0.3000000119
38231  -49.615  -33.865  -30.410 0.4000000060
37490  -49.904  -34.551  -31.052 0.4000000060
34981  -45.405  -38.598  -28.375 0.3000000119
35874  -45.495  -37.755  -28.190 0.3000000119
34987  -45.837  -38.733  -29.181 0.3000000119
35884  -47.167  -37.206  -29.867 0.3000000119
36714  -48.031  -36.150  -29.695 0.3000000119
37479  -48.455  -35.507  -29.641 0.3000000119
38230  -48.834  -34.512  -29.659 0.3000000119
38222  -49.075  -33.648  -29.687 0.3000000119
38987  -49.538  -32.955  -30.128 0.4000000060
35866  -45.644  -37.345  -27.479 0.3000000119
118522  -45.590  -36.851  -26.754 0.3000000119
35882  -45.691  -38.028  -28.789 0.3000000119
36699  -45.950  -36.938  -27.951 0.3000000119
121196  -45.665  -35.998  -26.652 0.3000000119
36677  -45.953  -35.564  -26.942 0.3000000119
35875  -46.076  -37.326  -28.666 0.3000000119
36700  -46.516  -36.563  -28.451 0.3000000119
37432  -46.189  -34.987  -26.509 0.3000000119
37478  -47.811  -35.922  -28.957 0.3000000119
36701  -46.992  -36.251  -28.920 0.3000000119
36712  -46.695  -36.873  -29.164 0.3000000119
36713  -47.415  -36.472  -29.465 0.3000000119
37462  -48.348  -35.038  -28.929 0.3000000119
39748  -49.758  -32.372  -30.497 0.5000000000
36690  -45.828  -36.436  -27.242 0.3000000119
36691  -46.395  -36.131  -27.663 0.3000000119
116865  -46.529  -35.582  -27.180 0.3000000119
37460  -47.009  -35.961  -28.337 0.3000000119
37434  -47.986  -35.552  -26.431 0.3000000119
37433  -46.988  -35.034  -26.342 0.3000000119
37461  -47.716  -35.489  -28.287 0.3000000119
104886  -49.148  -35.785  -26.612 0.3000000119
38207  -48.295  -34.527  -28.317 0.3000000119
114445  -47.889  -33.253  -27.289 0.3000000119
38963  -47.974  -33.681  -27.925 0.3000000119
104176  -50.918  -37.101  -27.654 0.3000000119
38221  -48.624  -34.018  -29.038 0.3000000119
111628  -48.397  -33.562  -28.563 0.3000000119
38974  -48.303  -32.915  -28.612 0.3000000119
38986  -48.840  -33.079  -29.332 0.3000000119
110586  -48.673  -32.353  -29.431 0.4000000060
40477  -48.436  -31.730  -29.483 0.5000000000
37448  -47.061  -35.713  -27.708 0.3000000119
107517  -47.214  -35.455  -27.033 0.3000000119
37449  -47.713  -35.245  -27.798 0.3000000119
37450  -48.340  -35.405  -27.135 0.3000000119
103478  -49.732  -36.076  -27.166 0.3000000119
105959  -50.708  -36.754  -27.639 0.3000000119
103482  -50.570  -36.783  -27.458 0.3000000119
103496  -52.100  -35.382  -27.993 0.3000000119
122701  -51.463  -36.063  -28.158 0.3000000119
39714  -47.726  -32.826  -27.880 0.3000000119
39727  -48.074  -32.214  -28.711 0.3000000119
103487  -49.134  -35.424  -27.186 0.3000000119
38950  -48.490  -34.026  -27.216 0.3000000119
38196  -48.273  -34.772  -27.671 0.3000000119
103488  -49.263  -35.247  -27.345 0.3000000119
125345  -49.202  -34.459  -27.054 0.3000000119
38951  -49.727  -34.072  -26.405 0.3000000119
108818  -49.903  -35.009  -27.467 0.3000000119
103483  -50.091  -36.173  -27.438 0.3000000119
39703  -48.237  -33.013  -26.669 0.3000000119
103494  -52.208  -34.151  -26.448 0.3000000119
103492  -51.119  -34.890  -27.142 0.3000000119
38937  -52.168  -33.729  -25.867 0.3000000119
103495  -51.783  -34.586  -26.986 0.3000000119
105253  -50.681  -35.671  -27.669 0.3000000119
38938  -52.989  -33.223  -26.049 0.3000000119
39702  -47.340  -32.575  -27.029 0.4000000060
115369  -53.579  -33.092  -26.508 0.3000000119
39713  -47.435  -32.093  -28.007 0.4000000060
39715  -54.809  -32.901  -27.441 0.3000000119
40476  -47.747  -31.587  -28.838 0.4000000060
39716  -55.323  -32.662  -28.159 0.3000000119
40489  -48.656  -31.314  -29.992 0.5000000000
38936  -48.989  -33.604  -26.401 0.3000000119
115797  -50.293  -33.578  -25.693 0.3000000119
39690  -51.625  -32.869  -25.162 0.3000000119
39686  -47.723  -32.298  -26.099 0.4000000060
39691  -52.583  -32.520  -25.257 0.3000000119
39692  -53.142  -32.478  -25.578 0.3000000119
40452  -46.770  -31.932  -26.367 0.4000000060
40463  -46.945  -31.735  -27.386 0.5000000000
39704  -53.515  -32.428  -26.016 0.3000000119
40464  -54.600  -31.685  -26.912 0.4000000060
115972  -47.253  -31.452  -28.223 0.5000000000
40465  -55.121  -31.740  -27.717 0.3000000119
40488  -48.035  -31.130  -29.496 0.6000000238
39687  -48.750  -32.618  -25.896 0.3000000119
39670  -50.282  -32.111  -24.709 0.3000000119
39688  -50.069  -32.818  -25.191 0.3000000119
39671  -51.088  -32.071  -24.625 0.3000000119
40430  -52.696  -31.495  -24.774 0.4000000060
40453  -53.343  -31.781  -25.351 0.4000000060
40431  -53.288  -30.911  -24.883 0.4000000060
41192  -47.182  -30.746  -25.170 0.5000000000
108766  -53.742  -30.871  -25.696 0.4000000060
41217  -54.150  -30.133  -27.347 0.4000000060
40439  -46.727  -31.058  -25.948 0.5000000000
40451  -46.741  -31.046  -26.918 0.6000000238
40454  -53.891  -31.658  -26.194 0.4000000060
41202  -54.191  -30.840  -26.615 0.4000000060
41218  -54.711  -30.875  -27.485 0.4000000060
41231  -54.517  -30.161  -28.581 0.4000000060
41216  -46.877  -30.966  -27.875 0.6000000238
41219  -55.048  -30.973  -28.258 0.3000000119
41230  -47.297  -30.922  -28.844 0.6000000238
41245  -47.703  -30.544  -29.599 0.6000000238
41261  -47.916  -30.312  -30.125 0.6999999881
40442  -49.399  -32.134  -25.154 0.3000000119
40428  -50.612  -31.304  -24.131 0.3000000119
40403  -51.344  -30.555  -23.960 0.3000000119
40441  -48.382  -31.780  -25.423 0.3000000119
40426  -48.784  -31.312  -24.729 0.3000000119
40429  -52.106  -31.099  -24.264 0.3000000119
41180  -52.291  -30.187  -24.305 0.4000000060
40425  -47.871  -31.095  -24.870 0.5000000000
118995  -52.706  -30.847  -24.498 0.4000000060
122811  -53.428  -29.989  -25.294 0.4000000060
41998  -47.826  -30.309  -24.837 0.5000000000
41201  -53.768  -30.081  -26.335 0.4000000060
123562  -46.944  -30.334  -25.786 0.6000000238
42040  -53.856  -29.553  -28.284 0.4000000060
42053  -53.902  -29.481  -29.640 0.4000000060
41215  -46.639  -30.297  -27.339 0.6000000238
41247  -54.737  -29.357  -30.315 0.4000000060
42067  -54.081  -28.810  -31.099 0.4000000060
41244  -47.004  -30.253  -29.209 0.6999999881
41270  -47.690  -30.305  -30.981 0.6999999881
41178  -49.213  -30.553  -24.340 0.4000000060
41179  -50.528  -30.473  -23.916 0.4000000060
42002  -51.560  -29.673  -24.122 0.4000000060
42803  -51.214  -29.110  -24.487 0.4000000060
41177  -48.420  -30.655  -24.637 0.4000000060
42000  -49.969  -29.301  -24.112 0.4000000060
42015  -52.100  -29.166  -24.804 0.4000000060
41999  -48.544  -29.910  -24.609 0.4000000060
42003  -52.853  -29.689  -24.786 0.4000000060
42016  -52.992  -29.069  -25.372 0.4000000060
42017  -53.360  -29.301  -26.159 0.4000000060
42830  -53.100  -28.747  -26.957 0.4000000060
42028  -53.578  -29.454  -27.160 0.4000000060
42842  -53.257  -28.877  -28.206 0.4000000060
42012  -46.885  -29.669  -25.994 0.6000000238
114036  -53.395  -29.319  -29.268 0.4000000060
42052  -53.562  -29.009  -30.344 0.4000000060
42027  -46.539  -29.622  -26.758 0.6000000238
106897  -46.332  -28.951  -26.908 0.6999999881
42039  -46.267  -29.492  -27.700 0.6999999881
42870  -54.102  -28.420  -31.952 0.4000000060
42051  -46.463  -29.614  -28.787 0.6999999881
42802  -50.461  -28.840  -24.557 0.4000000060
42800  -48.772  -29.074  -24.762 0.4000000060
42801  -49.595  -28.827  -24.627 0.4000000060
42815  -52.302  -28.468  -25.736 0.4000000060
42013  -47.359  -29.874  -25.365 0.6000000238
42811  -48.376  -28.640  -25.077 0.5000000000
43617  -47.538  -28.091  -25.559 0.6999999881
43616  -47.013  -28.329  -25.947 0.6999999881
42854  -53.092  -28.867  -29.655 0.4000000060
42869  -53.907  -28.341  -31.738 0.4000000060
42868  -53.456  -28.410  -30.776 0.4000000060
42852  -46.008  -28.849  -28.430 0.6999999881
43654  -54.433  -27.649  -30.827 0.4000000060
42065  -46.833  -29.648  -29.588 0.6999999881
42080  -47.220  -29.710  -30.348 0.6999999881
44490  -55.008  -27.139  -29.207 0.4000000060
45350  -56.093  -25.543  -28.327 0.4000000060
42812  -49.131  -28.220  -25.209 0.4000000060
42813  -50.152  -28.234  -25.238 0.4000000060
42814  -51.210  -28.391  -25.429 0.4000000060
110280  -47.863  -28.588  -25.288 0.6999999881
43618  -48.211  -27.960  -25.280 0.5000000000
42829  -52.375  -28.318  -26.690 0.4000000060
44455  -47.815  -27.293  -25.633 0.6999999881
42841  -52.402  -28.402  -27.726 0.4000000060
42853  -52.632  -28.379  -28.932 0.4000000060
43630  -47.123  -27.587  -25.965 0.6999999881
43653  -52.482  -27.520  -29.531 0.4000000060
43669  -52.879  -26.956  -31.305 0.4000000060
42840  -46.092  -28.522  -27.535 0.6999999881
43670  -53.557  -27.631  -31.992 0.4000000060
43681  -53.423  -27.296  -32.024 0.4000000060
43671  -53.676  -27.815  -31.967 0.4000000060
44489  -54.400  -26.777  -30.008 0.4000000060
42866  -46.359  -28.878  -29.359 0.6999999881
113803  -46.679  -29.155  -30.011 0.6999999881
45349  -55.346  -26.360  -28.390 0.4000000060
46140  -56.343  -24.525  -28.218 0.4000000060
43620  -50.614  -27.814  -25.825 0.4000000060
42828  -51.115  -27.836  -26.465 0.4000000060
125750  -51.720  -28.116  -26.335 0.4000000060
43619  -48.820  -27.235  -25.685 0.6000000238
114265  -49.860  -27.574  -25.720 0.5000000000
109086  -50.994  -27.491  -27.214 0.5000000000
117388  -51.470  -27.544  -27.783 0.4000000060
42047  -40.906  -29.103  -28.568 0.4000000060
112354  -41.820  -28.942  -28.329 0.5000000000
43642  -51.909  -27.081  -28.623 0.4000000060
44465  -47.312  -26.779  -26.133 0.6000000238
44464  -46.741  -27.114  -26.559 0.6000000238
44520  -52.884  -26.256  -31.621 0.4000000060
43641  -46.206  -27.544  -27.316 0.6999999881
43680  -53.283  -26.894  -32.107 0.4000000060
42839  -45.785  -27.990  -28.189 0.6999999881
44509  -53.411  -27.222  -31.685 0.4000000060
42865  -45.899  -28.285  -28.964 0.6999999881
44478  -54.587  -26.339  -28.527 0.4000000060
111350  -54.606  -26.060  -27.880 0.4000000060
46132  -55.364  -24.375  -27.665 0.4000000060
47031  -56.078  -23.500  -27.858 0.4000000060
43632  -50.455  -27.275  -26.444 0.5000000000
114856  -48.939  -26.479  -26.232 0.6000000238
43631  -49.682  -26.815  -26.179 0.5000000000
44476  -51.151  -26.769  -27.903 0.5000000000
42848  -40.254  -28.186  -28.505 0.3000000119
42849  -41.275  -28.173  -28.466 0.5000000000
122067  -47.380  -26.111  -26.380 0.6000000238
45323  -46.848  -26.216  -26.588 0.6000000238
44488  -52.256  -26.548  -30.040 0.5000000000
44473  -45.804  -26.078  -27.809 0.6999999881
44474  -46.303  -26.558  -27.184 0.6000000238
44507  -52.339  -26.137  -31.295 0.4000000060
44486  -45.596  -26.539  -28.641 0.8000000119
43640  -45.751  -27.037  -27.983 0.6999999881
45374  -53.112  -25.324  -31.467 0.4000000060
44508  -53.639  -26.007  -30.800 0.4000000060
44477  -54.083  -26.030  -28.906 0.4000000060
45348  -53.986  -25.937  -27.879 0.4000000060
47030  -54.702  -24.220  -27.272 0.4000000060
47969  -55.806  -22.565  -27.463 0.4000000060
48965  -56.499  -21.908  -27.794 0.4000000060
45325  -48.617  -25.791  -26.645 0.6000000238
111690  -49.517  -26.055  -26.609 0.6000000238
44467  -50.203  -26.375  -26.726 0.5000000000
44475  -50.591  -25.981  -27.410 0.5000000000
43649  -40.685  -27.283  -28.548 0.4000000060
112327  -47.022  -25.427  -26.519 0.6000000238
45324  -47.770  -25.613  -26.463 0.6000000238
45345  -50.996  -25.605  -28.487 0.5000000000
43650  -41.553  -27.383  -28.693 0.5000000000
46127  -46.259  -24.490  -27.262 0.6999999881
45342  -46.358  -25.464  -27.041 0.6999999881
44487  -51.666  -26.071  -29.171 0.5000000000
43651  -42.237  -27.395  -29.128 0.5000000000
46126  -45.888  -24.289  -27.850 0.6999999881
45341  -45.764  -25.096  -27.932 0.6999999881
44506  -51.827  -25.621  -30.790 0.5000000000
44518  -42.254  -26.349  -30.629 0.6999999881
44505  -42.069  -26.745  -29.773 0.6000000238
45371  -45.736  -25.439  -30.032 0.6999999881
45354  -45.672  -25.201  -28.977 0.6999999881
116808  -45.616  -25.994  -29.238 0.6999999881
120605  -52.613  -24.880  -31.455 0.5000000000
46172  -43.100  -24.366  -31.980 0.6999999881
45393  -42.475  -25.635  -31.318 0.6999999881
117794  -45.611  -26.328  -29.943 0.6999999881
45390  -52.840  -25.484  -31.562 0.4000000060
44519  -45.701  -26.650  -30.535 0.8000000119
45358  -53.445  -24.661  -30.780 0.4000000060
115968  -53.812  -25.323  -29.351 0.4000000060
45330  -53.589  -25.381  -27.342 0.4000000060
47012  -54.991  -22.804  -26.816 0.4000000060
126767  -55.915  -21.725  -27.301 0.4000000060
46112  -48.751  -25.082  -27.175 0.6000000238
45343  -49.518  -25.009  -27.552 0.6000000238
45344  -50.300  -25.080  -28.062 0.6000000238
44483  -40.171  -26.437  -28.734 0.4000000060
44484  -41.028  -26.563  -28.789 0.4000000060
44504  -41.361  -26.220  -29.343 0.6999999881
47008  -47.332  -23.957  -26.884 0.6999999881
46110  -47.488  -24.804  -26.619 0.6000000238
122856  -48.135  -25.114  -26.712 0.6000000238
46136  -50.399  -24.178  -29.209 0.5000000000
47023  -46.024  -23.779  -28.217 0.6999999881
47024  -46.542  -23.329  -27.772 0.6999999881
47007  -46.742  -23.810  -27.104 0.6999999881
46109  -46.797  -24.584  -26.702 0.6999999881
45355  -50.779  -24.808  -29.215 0.5000000000
45356  -51.303  -25.079  -29.985 0.5000000000
45387  -42.132  -25.472  -30.500 0.6999999881
115115  -46.218  -23.886  -27.539 0.6999999881
45372  -51.985  -24.634  -31.185 0.5000000000
46171  -42.503  -24.796  -30.992 0.6999999881
46147  -46.237  -24.276  -30.268 0.6999999881
47036  -46.110  -23.839  -29.229 0.6999999881
46139  -53.413  -23.850  -30.699 0.4000000060
46166  -45.908  -24.820  -30.812 0.6999999881
48003  -47.814  -23.587  -31.602 0.6000000238
46167  -46.462  -24.428  -31.525 0.6000000238
45357  -53.688  -24.288  -29.910 0.4000000060
45346  -53.216  -24.932  -28.276 0.4000000060
46173  -44.262  -24.181  -32.249 0.6999999881
47064  -47.336  -24.149  -32.245 0.6000000238
107918  -53.189  -25.263  -27.443 0.4000000060
46175  -46.604  -24.298  -32.699 0.6000000238
45329  -53.130  -25.088  -26.818 0.4000000060
47010  -53.715  -23.686  -26.320 0.4000000060
47011  -54.525  -23.618  -26.809 0.4000000060
47968  -55.242  -21.953  -26.936 0.4000000060
48959  -55.569  -21.077  -26.888 0.4000000060
46129  -49.792  -24.458  -28.165 0.6000000238
44503  -40.602  -25.893  -29.175 0.6000000238
47965  -47.588  -22.205  -28.166 0.6000000238
47025  -47.339  -23.092  -27.589 0.6999999881
47026  -48.050  -23.554  -27.482 0.6999999881
46128  -48.931  -24.271  -27.738 0.6000000238
47037  -46.399  -23.346  -28.554 0.6000000238
47975  -46.869  -22.622  -28.477 0.6000000238
44517  -41.702  -26.034  -30.093 0.6999999881
47985  -47.152  -22.579  -29.792 0.6000000238
46137  -51.302  -24.253  -30.218 0.5000000000
47048  -46.751  -23.722  -30.555 0.6000000238
46150  -53.394  -22.926  -30.497 0.4000000060
125400  -44.234  -23.591  -31.644 0.6999999881
46138  -53.406  -23.773  -29.581 0.4000000060
46113  -52.568  -24.480  -27.565 0.4000000060
47065  -48.223  -23.879  -32.993 0.6000000238
46102  -52.183  -24.139  -26.432 0.4000000060
46103  -52.733  -24.674  -26.589 0.4000000060
47077  -45.587  -24.054  -32.784 0.6999999881
46180  -46.633  -24.062  -33.128 0.6999999881
46179  -45.776  -24.396  -32.823 0.6000000238
47004  -53.092  -23.766  -25.665 0.4000000060
47954  -53.580  -22.905  -25.790 0.4000000060
47955  -54.419  -22.222  -26.299 0.4000000060
49993  -54.767  -20.692  -26.365 0.4000000060
50912  -55.748  -19.680  -26.503 0.3000000119
45369  -40.148  -25.413  -30.037 0.5000000000
48981  -48.183  -21.342  -29.157 0.6000000238
48972  -48.204  -21.667  -28.511 0.6000000238
47966  -48.301  -22.454  -28.058 0.6000000238
47967  -48.914  -23.200  -28.111 0.6000000238
47027  -49.661  -23.757  -28.588 0.6000000238
45370  -41.074  -25.611  -29.799 0.5000000000
47986  -47.770  -21.830  -29.610 0.6000000238
117705  -46.606  -23.198  -29.260 0.6000000238
47976  -47.503  -21.844  -28.835 0.6000000238
47039  -50.726  -23.146  -29.519 0.5000000000
45386  -41.597  -25.266  -30.262 0.6999999881
47049  -52.310  -22.699  -30.419 0.5000000000
46148  -51.345  -23.537  -30.078 0.4000000060
46149  -52.494  -23.434  -30.750 0.4000000060
46164  -42.090  -24.518  -30.312 0.8000000119
48998  -48.505  -21.632  -30.527 0.6000000238
47050  -53.423  -22.512  -30.591 0.4000000060
47041  -53.462  -22.826  -29.578 0.4000000060
47063  -43.381  -23.660  -31.248 0.6999999881
48004  -48.639  -23.059  -32.464 0.6000000238
48014  -49.323  -22.811  -33.707 0.6000000238
46130  -52.010  -24.062  -27.374 0.4000000060
48013  -48.686  -23.200  -33.634 0.6000000238
47003  -52.597  -23.634  -25.586 0.4000000060
110594  -52.990  -23.256  -25.125 0.4000000060
47073  -44.931  -23.609  -32.011 0.6999999881
47074  -45.669  -23.417  -32.637 0.6999999881
47078  -46.491  -23.690  -33.012 0.6999999881
48018  -48.665  -23.180  -33.682 0.6999999881
47947  -53.077  -22.432  -25.006 0.4000000060
47948  -53.764  -22.088  -25.628 0.4000000060
48017  -47.445  -23.091  -33.002 0.6999999881
48935  -52.846  -21.483  -24.887 0.4000000060
117579  -53.708  -19.934  -25.497 0.3000000119
48951  -54.227  -21.429  -25.970 0.4000000060
50898  -54.247  -19.060  -25.692 0.4000000060
49994  -55.141  -20.013  -26.259 0.3000000119
48973  -48.930  -21.095  -28.971 0.6000000238
48974  -50.285  -21.111  -29.566 0.6000000238
113368  -49.198  -22.331  -28.467 0.6000000238
47978  -50.368  -21.925  -29.453 0.6000000238
126063  -50.617  -22.590  -29.479 0.5000000000
45385  -40.635  -25.012  -30.422 0.6000000238
46163  -41.047  -24.414  -30.803 0.6000000238
48982  -48.973  -20.932  -29.754 0.6000000238
50014  -49.758  -20.811  -29.714 0.6000000238
47987  -52.069  -22.106  -30.106 0.5000000000
47979  -53.627  -21.868  -30.008 0.5000000000
47988  -53.553  -22.063  -30.267 0.4000000060
47989  -53.574  -22.141  -30.197 0.4000000060
46165  -42.508  -24.091  -30.564 0.6999999881
126431  -42.314  -23.928  -30.171 0.6999999881
48005  -49.253  -22.212  -32.431 0.6000000238
48999  -49.240  -20.910  -31.140 0.6000000238
47040  -53.238  -22.471  -29.365 0.5000000000
113175  -51.793  -22.954  -27.876 0.4000000060
47028  -52.304  -23.413  -28.211 0.4000000060
48002  -44.249  -23.016  -31.136 0.8000000119
112144  -51.452  -22.892  -26.486 0.4000000060
116483  -45.152  -22.774  -31.780 0.6999999881
48019  -49.164  -22.835  -34.141 0.6999999881
51777  -50.215  -18.705  -25.265 0.5000000000
50896  -50.438  -19.533  -25.509 0.5000000000
49975  -51.160  -19.931  -25.093 0.5000000000
48933  -51.545  -21.542  -25.190 0.4000000060
47933  -51.747  -22.502  -25.471 0.4000000060
48012  -46.111  -22.781  -32.557 0.6999999881
49014  -49.171  -22.494  -34.437 0.6999999881
52648  -50.210  -17.734  -24.976 0.5000000000
50874  -50.742  -19.171  -25.005 0.5000000000
117659  -51.776  -19.969  -24.686 0.4000000060
49976  -51.652  -20.704  -24.842 0.4000000060
47934  -51.991  -22.105  -24.929 0.4000000060
52633  -50.625  -16.887  -24.733 0.4000000060
51760  -50.833  -18.491  -24.820 0.5000000000
51761  -51.668  -18.453  -24.653 0.4000000060
51762  -52.510  -18.471  -24.661 0.4000000060
117750  -53.033  -19.962  -24.924 0.4000000060
123536  -51.296  -16.764  -24.588 0.4000000060
52634  -51.229  -17.577  -24.657 0.4000000060
52636  -52.924  -17.621  -24.695 0.4000000060
51763  -53.177  -18.474  -24.920 0.4000000060
50897  -53.416  -19.195  -25.205 0.4000000060
47977  -49.123  -21.602  -28.592 0.6000000238
46162  -40.024  -24.606  -30.741 0.5000000000
50021  -50.107  -20.393  -30.460 0.6000000238
110542  -51.739  -20.691  -30.308 0.6000000238
48983  -52.679  -21.090  -30.541 0.5000000000
48984  -53.663  -21.484  -30.155 0.5000000000
47061  -42.045  -23.750  -29.881 0.6999999881
50034  -49.965  -20.613  -31.785 0.6000000238
50015  -53.173  -20.988  -29.459 0.5000000000
48975  -53.563  -21.381  -29.774 0.5000000000
49008  -49.614  -21.821  -33.249 0.6000000238
48964  -52.157  -21.576  -28.601 0.5000000000
109361  -52.692  -22.166  -29.008 0.5000000000
47062  -42.400  -23.482  -30.056 0.8000000119
50911  -50.353  -19.947  -26.393 0.5000000000
50004  -51.780  -20.862  -28.201 0.5000000000
47953  -51.449  -22.292  -27.515 0.5000000000
111404  -43.165  -22.893  -30.608 0.8000000119
49009  -49.570  -21.752  -34.103 0.6000000238
52664  -49.403  -17.594  -26.275 0.5000000000
51795  -50.375  -18.784  -27.948 0.5000000000
50895  -49.816  -19.126  -26.034 0.5000000000
49999  -50.816  -20.704  -26.774 0.5000000000
48956  -51.164  -21.502  -27.138 0.5000000000
48949  -50.974  -21.171  -25.929 0.4000000060
49015  -49.450  -22.409  -34.307 0.6999999881
51789  -49.650  -18.503  -26.711 0.5000000000
51776  -49.705  -18.162  -25.686 0.5000000000
49990  -50.756  -20.330  -25.754 0.5000000000
49006  -45.486  -21.842  -31.708 0.8000000119
49013  -48.274  -22.354  -33.617 0.6999999881
111533  -48.680  -21.718  -34.485 0.6999999881
53518  -49.314  -16.875  -25.995 0.5000000000
53501  -49.993  -16.900  -25.009 0.4000000060
47059  -39.442  -24.122  -30.726 0.5000000000
108335  -51.930  -20.407  -30.665 0.6000000238
50023  -53.675  -20.945  -30.024 0.5000000000
116151  -40.419  -24.100  -30.910 0.5000000000
108937  -53.464  -20.570  -29.867 0.5000000000
114676  -52.660  -20.615  -29.148 0.5000000000
47997  -40.097  -23.356  -30.748 0.5000000000
47060  -41.146  -23.931  -30.923 0.5000000000
50046  -49.662  -20.614  -32.904 0.6000000238
50035  -50.941  -20.040  -31.428 0.6000000238
50930  -51.617  -19.608  -28.454 0.5000000000
109102  -51.103  -20.152  -27.563 0.5000000000
51807  -50.402  -18.031  -28.571 0.5000000000
50919  -50.190  -19.459  -27.183 0.5000000000
48000  -42.343  -22.720  -29.875 0.6999999881
50056  -49.410  -21.091  -33.885 0.6000000238
123059  -43.874  -22.405  -30.461 0.6999999881
50055  -49.202  -21.585  -34.490 0.6999999881
52675  -49.738  -17.838  -27.409 0.5000000000
54379  -49.067  -16.234  -26.207 0.4000000060
50053  -47.610  -21.144  -33.080 0.6999999881
53500  -49.601  -16.372  -25.401 0.5000000000
54359  -49.221  -15.576  -25.629 0.5000000000
105096  -44.560  -21.950  -31.022 0.6999999881
49007  -46.704  -21.784  -32.421 0.8000000119
53487  -50.244  -16.209  -24.795 0.4000000060
53488  -50.917  -16.174  -24.487 0.5000000000
56093  -52.090  -13.705  -24.848 0.4000000060
56968  -53.143  -13.050  -25.551 0.5000000000
119581  -53.359  -12.525  -25.988 0.5000000000
56106  -54.302  -13.734  -25.959 0.5000000000
56996  -53.739  -13.098  -26.049 0.5000000000
56997  -53.854  -12.381  -26.449 0.5000000000
50022  -53.385  -20.340  -30.168 0.6000000238
50036  -52.464  -19.897  -30.773 0.6000000238
50950  -53.177  -19.713  -30.343 0.6000000238
50941  -53.285  -19.998  -30.093 0.5000000000
50931  -52.743  -20.122  -29.338 0.5000000000
50920  -52.033  -20.266  -28.515 0.5000000000
105594  -40.452  -22.284  -30.567 0.5000000000
47998  -41.109  -23.125  -30.194 0.5000000000
50047  -51.181  -19.545  -31.862 0.6000000238
118066  -52.571  -19.395  -31.012 0.6000000238
51808  -51.621  -18.843  -29.106 0.5000000000
51809  -52.851  -19.423  -29.646 0.5000000000
48992  -39.297  -22.382  -30.621 0.5000000000
106441  -41.487  -22.175  -29.955 0.6000000238
50057  -49.796  -20.085  -33.124 0.6000000238
106440  -42.149  -22.079  -29.790 0.6999999881
50975  -50.787  -19.132  -32.585 0.6000000238
48001  -42.942  -22.109  -30.316 0.6999999881
52676  -49.754  -17.285  -28.017 0.5000000000
53540  -49.507  -16.522  -28.080 0.6000000238
53553  -49.889  -16.157  -28.931 0.4000000060
54394  -49.002  -16.021  -27.240 0.5000000000
114887  -48.653  -20.509  -33.908 0.6999999881
109819  -49.240  -20.510  -33.845 0.6999999881
50054  -48.250  -20.774  -33.852 0.6999999881
54378  -48.848  -15.448  -26.443 0.5000000000
56103  -50.080  -13.100  -25.017 0.4000000060
56957  -50.669  -12.581  -24.928 0.4000000060
50973  -47.487  -19.595  -33.211 0.6999999881
56958  -51.546  -12.906  -24.823 0.4000000060
50045  -46.211  -20.273  -32.241 0.6999999881
56967  -52.472  -12.939  -25.048 0.4000000060
48997  -45.082  -21.050  -31.120 0.6999999881
56129  -54.482  -13.022  -26.462 0.5000000000
56137  -55.128  -12.949  -27.057 0.5000000000
57007  -54.557  -12.229  -26.912 0.5000000000
111698  -53.241  -19.324  -30.171 0.5000000000
50963  -52.020  -18.960  -31.662 0.6000000238
50951  -52.898  -19.045  -30.801 0.5000000000
51823  -52.899  -18.753  -29.972 0.5000000000
52700  -51.289  -18.061  -29.728 0.5000000000
51847  -51.513  -18.427  -32.270 0.5000000000
53541  -50.241  -17.119  -28.980 0.5000000000
51859  -50.493  -18.471  -32.895 0.6000000238
120055  -50.214  -15.858  -29.393 0.6000000238
54407  -49.218  -15.638  -28.264 0.5000000000
48995  -42.768  -21.302  -30.214 0.6999999881
50974  -48.642  -19.615  -33.526 0.6999999881
119228  -48.654  -13.556  -27.678 0.5000000000
56128  -48.464  -13.273  -26.918 0.4000000060
48996  -43.738  -21.588  -30.410 0.6999999881
54393  -48.859  -15.198  -27.408 0.5000000000
55272  -48.714  -14.653  -26.708 0.5000000000
116298  -48.550  -13.987  -26.978 0.4000000060
56101  -48.759  -12.891  -26.296 0.4000000060
111693  -49.873  -12.383  -25.280 0.4000000060
50972  -47.007  -20.030  -33.072 0.6999999881
108458  -50.522  -11.918  -25.121 0.4000000060
123159  -51.450  -11.172  -25.405 0.4000000060
105721  -44.370  -20.941  -30.738 0.6999999881
50033  -45.647  -19.481  -31.655 0.6999999881
56966  -51.327  -11.878  -25.003 0.4000000060
57832  -52.099  -11.544  -25.340 0.4000000060
113078  -44.825  -20.235  -30.970 0.6999999881
50032  -45.373  -20.257  -31.363 0.6999999881
120673  -52.096  -12.219  -25.003 0.4000000060
57853  -52.679  -11.324  -25.995 0.4000000060
58741  -53.380  -10.787  -27.050 0.4000000060
57855  -53.840  -11.538  -26.887 0.5000000000
51837  -52.207  -18.335  -31.150 0.5000000000
52701  -52.300  -18.354  -30.518 0.5000000000
50964  -52.157  -18.482  -31.501 0.5000000000
52712  -51.787  -17.407  -31.217 0.5000000000
52711  -51.383  -17.341  -30.370 0.5000000000
53554  -50.646  -16.450  -29.768 0.5000000000
48993  -41.041  -21.293  -30.632 0.6000000238
51848  -51.829  -17.637  -32.107 0.5000000000
120747  -50.791  -17.269  -29.733 0.5000000000
48994  -41.921  -21.228  -30.072 0.6999999881
115934  -51.145  -17.863  -32.591 0.5000000000
127220  -50.941  -16.005  -30.287 0.6000000238
54417  -49.626  -15.380  -29.192 0.5000000000
52729  -50.397  -17.755  -32.897 0.6000000238
108626  -49.656  -18.382  -33.199 0.6999999881
125280  -49.061  -15.187  -28.751 0.5000000000
118383  -48.464  -12.708  -27.490 0.4000000060
51858  -48.949  -18.868  -33.319 0.8000000119
104478  -48.852  -14.213  -28.321 0.5000000000
104224  -48.840  -13.609  -28.662 0.5000000000
56965  -49.444  -11.757  -25.809 0.4000000060
57831  -50.030  -11.632  -25.380 0.4000000060
123022  -50.646  -11.192  -25.366 0.4000000060
51836  -48.082  -18.131  -32.089 0.6000000238
50962  -46.200  -19.106  -32.394 0.6999999881
51835  -47.046  -18.027  -31.830 0.6000000238
52710  -47.984  -17.844  -31.172 0.6000000238
58720  -51.959  -10.825  -25.868 0.4000000060
50948  -45.122  -19.463  -31.023 0.6000000238
50949  -45.648  -18.964  -31.454 0.6999999881
105410  -46.788  -18.550  -30.591 0.6000000238
58740  -52.652  -10.553  -26.542 0.4000000060
105395  -44.159  -20.110  -30.828 0.6999999881
52709  -47.489  -18.159  -30.414 0.6000000238
58742  -54.055  -10.937  -27.498 0.5000000000
51822  -47.149  -18.536  -29.698 0.6000000238
52699  -47.879  -17.449  -30.364 0.6000000238
57868  -54.545  -11.583  -27.484 0.5000000000
57869  -54.981  -11.711  -28.093 0.5000000000
53562  -51.410  -16.464  -30.683 0.6000000238
50043  -39.862  -21.226  -30.879 0.5000000000
52718  -51.973  -17.129  -32.235 0.5000000000
53563  -51.765  -16.224  -31.854 0.6000000238
54427  -51.382  -15.609  -30.785 0.6000000238
50029  -41.541  -20.258  -30.549 0.6000000238
50030  -42.564  -20.360  -30.499 0.6000000238
52731  -52.174  -16.403  -32.534 0.6000000238
53570  -52.511  -16.320  -32.979 0.6000000238
54418  -50.520  -15.516  -29.952 0.5000000000
117963  -50.933  -14.750  -30.634 0.5000000000
103578  -50.057  -14.599  -29.734 0.5000000000
52730  -51.388  -17.106  -32.723 0.6000000238
53581  -50.948  -16.469  -32.827 0.6000000238
56157  -50.324  -13.842  -30.445 0.5000000000
125762  -49.269  -13.078  -29.772 0.5000000000
56994  -48.367  -12.331  -26.973 0.4000000060
50946  -43.322  -19.796  -31.018 0.6000000238
52728  -49.466  -17.519  -32.844 0.6999999881
114466  -50.389  -17.139  -32.853 0.6000000238
120437  -49.411  -13.753  -29.491 0.5000000000
119366  -48.883  -12.964  -29.279 0.5000000000
56995  -48.770  -11.990  -26.420 0.4000000060
57830  -49.822  -11.026  -25.789 0.4000000060
59616  -50.847  -9.910  -26.008 0.4000000060
51845  -47.914  -18.739  -32.816 0.6999999881
52717  -48.422  -17.621  -32.152 0.6999999881
53569  -48.690  -16.595  -32.310 0.6999999881
119091  -50.266  -13.093  -31.374 0.5000000000
119367  -49.720  -13.080  -30.322 0.5000000000
58739  -51.717  -9.987  -26.261 0.4000000060
50947  -44.587  -19.538  -30.914 0.6000000238
117824  -48.093  -17.065  -31.254 0.6000000238
54435  -48.644  -15.316  -32.092 0.6999999881
59628  -52.439  -9.796  -26.757 0.4000000060
113629  -46.058  -18.835  -30.845 0.6000000238
53561  -48.094  -16.056  -31.294 0.6000000238
54426  -48.033  -14.904  -31.050 0.6000000238
59629  -53.094  -10.064  -27.054 0.4000000060
50940  -45.576  -18.984  -30.385 0.6000000238
53551  -47.738  -16.668  -29.727 0.6000000238
54416  -47.907  -15.789  -30.283 0.6000000238
122433  -53.456  -9.666  -27.422 0.4000000060
52698  -47.423  -17.779  -29.433 0.6000000238
54405  -47.535  -15.643  -29.331 0.6000000238
58759  -54.306  -10.388  -27.969 0.5000000000
58758  -53.703  -10.296  -27.459 0.4000000060
58771  -54.819  -10.429  -28.831 0.5000000000
108197  -54.941  -9.925  -29.950 0.5000000000
54436  -52.151  -16.035  -32.653 0.6000000238
54428  -51.992  -15.771  -32.516 0.6000000238
55311  -51.698  -15.025  -31.720 0.6000000238
55310  -50.971  -14.076  -31.513 0.5000000000
120024  -40.983  -19.442  -31.078 0.6000000238
123840  -51.719  -15.196  -32.660 0.6000000238
126650  -51.487  -14.225  -32.146 0.5000000000
119126  -48.543  -11.921  -29.400 0.5000000000
57006  -48.405  -11.693  -27.911 0.4000000060
50945  -42.184  -19.294  -30.992 0.6000000238
50961  -42.999  -19.138  -31.251 0.6000000238
107961  -50.216  -15.768  -32.778 0.6000000238
54453  -50.280  -14.958  -33.297 0.6000000238
57055  -50.915  -12.704  -33.149 0.5000000000
103593  -48.533  -11.614  -33.585 0.5000000000
103582  -50.087  -11.179  -32.195 0.5000000000
103587  -49.600  -11.398  -31.781 0.5000000000
104664  -48.510  -11.204  -27.322 0.4000000060
57852  -49.191  -11.052  -26.516 0.4000000060
58718  -50.326  -10.384  -25.823 0.4000000060
55337  -49.480  -14.293  -33.692 0.5000000000
103592  -50.735  -11.539  -32.331 0.5000000000
103580  -50.624  -11.725  -31.909 0.5000000000
60544  -51.889  -9.150  -26.659 0.4000000060
51833  -44.336  -19.010  -30.576 0.6000000238
104349  -47.687  -13.965  -30.572 0.6000000238
50939  -44.989  -19.090  -30.277 0.6000000238
51820  -45.546  -18.737  -29.522 0.6000000238
119151  -47.709  -14.821  -29.991 0.6000000238
59643  -52.944  -9.016  -27.101 0.4000000060
50031  -43.541  -20.692  -30.597 0.6999999881
51805  -46.075  -18.433  -28.805 0.6000000238
59645  -53.926  -9.792  -27.886 0.4000000060
60558  -53.394  -8.415  -27.653 0.4000000060
51806  -46.847  -18.330  -28.970 0.6000000238
52687  -46.914  -17.544  -28.595 0.6000000238
59661  -54.133  -9.262  -28.440 0.4000000060
59673  -54.755  -9.013  -30.059 0.5000000000
59682  -54.858  -9.409  -31.158 0.4000000060
55322  -51.759  -14.974  -32.453 0.6000000238
56175  -51.443  -13.896  -32.481 0.5000000000
119307  -48.480  -11.236  -31.197 0.5000000000
104283  -48.182  -10.616  -30.409 0.5000000000
103576  -48.514  -11.293  -30.145 0.5000000000
124704  -48.430  -10.838  -28.108 0.4000000060
51832  -43.519  -18.850  -30.945 0.6000000238
55346  -51.035  -14.623  -33.140 0.6000000238
103584  -47.954  -11.661  -33.042 0.5000000000
104798  -48.710  -11.465  -30.978 0.5000000000
58737  -49.624  -10.231  -26.436 0.4000000060
58738  -50.029  -9.547  -26.291 0.4000000060
107447  -43.894  -19.428  -31.014 0.6000000238
103590  -47.821  -12.426  -33.496 0.5000000000
59627  -50.888  -9.223  -26.304 0.4000000060
51819  -44.717  -18.682  -29.654 0.6000000238
51804  -45.170  -18.265  -28.870 0.6000000238
123396  -47.569  -13.994  -29.771 0.6000000238
127068  -53.382  -7.894  -28.009 0.4000000060
52686  -46.323  -17.739  -28.326 0.6000000238
104249  -47.347  -14.590  -29.124 0.6000000238
60573  -53.821  -8.425  -28.420 0.4000000060
53538  -46.497  -16.961  -28.038 0.6000000238
53539  -47.165  -16.614  -28.703 0.6000000238
60574  -54.351  -8.764  -29.215 0.4000000060
125096  -54.422  -8.411  -29.991 0.4000000060
61481  -53.743  -8.060  -31.292 0.3000000119
111837  -54.563  -9.567  -29.117 0.5000000000
60597  -54.446  -8.552  -30.820 0.4000000060
60605  -52.736  -9.039  -31.734 0.3000000119
119247  -47.582  -9.588  -30.093 0.5000000000
104429  -48.314  -10.424  -29.730 0.5000000000
103605  -48.427  -9.961  -28.341 0.5000000000
104755  -49.279  -9.270  -27.037 0.5000000000
119207  -48.057  -11.079  -31.483 0.5000000000
104276  -47.301  -10.427  -30.723 0.6000000238
104184  -48.857  -9.939  -27.407 0.4000000060
125449  -50.148  -9.005  -26.414 0.4000000060
51818  -43.846  -18.555  -29.981 0.6000000238
52697  -44.228  -18.125  -29.066 0.6000000238
106309  -47.126  -12.348  -31.579 0.6000000238
120661  -51.198  -8.394  -26.489 0.4000000060
52684  -44.655  -17.642  -28.281 0.6000000238
103577  -47.283  -13.062  -31.167 0.6999999881
61431  -52.841  -7.821  -27.411 0.3000000119
52673  -45.121  -17.074  -27.700 0.6000000238
104172  -47.250  -13.513  -29.247 0.6000000238
61446  -52.966  -7.336  -28.221 0.3000000119
52685  -45.577  -17.731  -28.232 0.6000000238
52674  -45.876  -17.105  -27.727 0.6000000238
61432  -53.490  -7.702  -28.816 0.4000000060
116519  -46.635  -16.109  -27.883 0.6000000238
54404  -46.998  -15.417  -28.461 0.6000000238
55283  -46.609  -14.551  -27.259 0.6000000238
60590  -54.004  -8.080  -29.411 0.3000000119
61469  -54.092  -7.897  -30.421 0.3000000119
121173  -53.344  -7.302  -31.293 0.3000000119
113339  -52.560  -8.248  -31.491 0.3000000119
60604  -51.899  -8.830  -32.001 0.3000000119
119280  -47.107  -9.381  -30.215 0.6000000238
103607  -47.845  -8.744  -29.278 0.5000000000
119342  -48.449  -8.960  -28.519 0.5000000000
103595  -47.207  -10.711  -30.934 0.6000000238
104811  -46.949  -9.677  -30.380 0.6000000238
59626  -49.559  -8.670  -26.900 0.4000000060
60543  -50.311  -8.531  -26.537 0.4000000060
52696  -43.336  -17.773  -29.481 0.6000000238
52683  -43.695  -17.456  -28.519 0.6000000238
104294  -46.907  -11.414  -31.002 0.6000000238
61430  -51.307  -7.574  -26.844 0.3000000119
113025  -52.091  -7.362  -27.107 0.3000000119
52672  -44.128  -16.921  -27.829 0.6000000238
53527  -45.483  -16.363  -27.203 0.6000000238
55294  -46.818  -14.277  -28.310 0.6000000238
62296  -53.137  -7.041  -29.164 0.3000000119
53528  -46.141  -16.423  -27.418 0.6000000238
54377  -46.331  -15.247  -26.923 0.6000000238
61468  -53.691  -7.408  -29.800 0.3000000119
61490  -52.697  -7.171  -31.449 0.3000000119
61489  -51.779  -8.050  -31.670 0.3000000119
103603  -46.987  -8.877  -29.995 0.6000000238
112400  -47.112  -8.841  -29.936 0.6000000238
103608  -47.537  -9.134  -29.763 0.5000000000
104198  -48.055  -8.194  -28.807 0.5000000000
59642  -48.713  -8.337  -27.798 0.4000000060
103597  -46.569  -10.558  -29.741 0.6000000238
103600  -46.719  -9.458  -30.036 0.6000000238
60542  -49.733  -7.922  -27.083 0.4000000060
103575  -46.766  -11.797  -29.249 0.6000000238
61415  -50.554  -7.913  -26.716 0.4000000060
62280  -51.386  -6.770  -27.452 0.3000000119
126710  -43.442  -16.901  -28.239 0.6000000238
53526  -44.759  -16.502  -27.370 0.6000000238
56148  -46.678  -13.599  -27.751 0.6000000238
63170  -52.172  -5.928  -29.003 0.3000000119
62314  -52.765  -6.410  -29.501 0.3000000119
54391  -45.486  -15.684  -26.707 0.6000000238
112543  -45.866  -15.166  -26.487 0.6000000238
62342  -52.467  -6.528  -31.278 0.3000000119
62341  -51.554  -7.208  -31.570 0.3000000119
103602  -46.896  -8.865  -29.805 0.6000000238
104359  -47.123  -8.697  -29.692 0.5000000000
60556  -48.809  -7.794  -27.681 0.4000000060
104465  -46.621  -9.623  -29.414 0.6000000238
61428  -49.071  -7.188  -27.685 0.4000000060
61429  -50.243  -7.203  -27.298 0.4000000060
57877  -46.802  -11.118  -28.788 0.6000000238
57018  -46.739  -12.449  -28.188 0.6000000238
123939  -51.093  -6.213  -28.203 0.3000000119
53537  -43.333  -16.245  -27.945 0.6000000238
116070  -44.177  -16.209  -27.437 0.6000000238
56136  -46.843  -13.114  -26.996 0.6000000238
63182  -51.759  -5.239  -29.505 0.3000000119
122226  -46.643  -13.942  -26.824 0.6000000238
54390  -44.787  -15.863  -26.841 0.6000000238
55282  -45.207  -15.147  -26.327 0.6000000238
55270  -45.761  -14.380  -25.969 0.6000000238
103601  -46.923  -8.759  -29.075 0.6000000238
103606  -47.765  -8.086  -28.699 0.4000000060
119189  -48.040  -7.779  -28.581 0.4000000060
103598  -47.280  -10.423  -28.041 0.5000000000
62279  -50.345  -6.342  -27.840 0.4000000060
57005  -47.051  -11.934  -27.335 0.5000000000
63168  -50.505  -5.451  -28.470 0.3000000119
54388  -42.944  -15.263  -27.810 0.6000000238
105538  -46.399  -13.563  -26.149 0.5000000000
54389  -43.816  -15.569  -27.256 0.6000000238
55281  -44.345  -15.071  -26.540 0.6000000238
55246  -45.898  -13.629  -25.704 0.6000000238
55269  -44.836  -14.381  -26.064 0.6000000238
55268  -43.941  -14.146  -26.530 0.5000000000
104479  -47.169  -8.856  -27.904 0.4000000060
104510  -47.501  -8.183  -28.067 0.3000000119
60541  -47.888  -7.563  -28.572 0.4000000060
113743  -48.120  -7.169  -28.438 0.4000000060
104244  -47.339  -9.921  -27.574 0.5000000000
61427  -47.866  -6.766  -28.617 0.3000000119
107910  -48.428  -6.657  -28.326 0.3000000119
107639  -49.361  -6.576  -27.915 0.3000000119
57851  -46.760  -12.049  -26.399 0.5000000000
63167  -48.636  -5.598  -28.673 0.3000000119
56992  -46.457  -12.756  -26.026 0.5000000000
56100  -46.123  -13.015  -25.743 0.5000000000
64036  -50.246  -4.504  -29.712 0.3000000119
121756  -45.588  -13.183  -25.629 0.5000000000
117117  -45.278  -13.735  -25.700 0.5000000000
59625  -47.252  -9.118  -26.730 0.3000000119
119757  -47.575  -7.808  -27.636 0.3000000119
61414  -47.647  -7.271  -27.804 0.3000000119
61426  -47.896  -6.990  -28.562 0.3000000119
58736  -47.246  -10.220  -26.573 0.3000000119
62277  -47.899  -6.378  -28.678 0.3000000119
59614  -46.842  -9.828  -25.758 0.3000000119
62293  -48.007  -5.867  -28.706 0.3000000119
56964  -46.356  -12.240  -25.832 0.4000000060
109972  -49.438  -5.199  -28.774 0.3000000119
56963  -45.582  -12.424  -25.551 0.5000000000
64035  -49.095  -4.131  -29.858 0.3000000119
56099  -44.876  -12.982  -25.593 0.5000000000
64050  -49.428  -4.321  -30.214 0.3000000119
56126  -43.561  -13.348  -26.390 0.4000000060
56127  -44.385  -13.601  -25.892 0.5000000000
59615  -47.319  -8.451  -26.683 0.3000000119
105268  -47.621  -6.759  -27.805 0.3000000119
107902  -47.812  -6.665  -28.515 0.3000000119
63166  -48.108  -5.325  -28.754 0.3000000119
58716  -45.439  -11.124  -25.197 0.3000000119
58717  -46.450  -10.774  -25.602 0.3000000119
123219  -48.602  -5.089  -28.968 0.3000000119
64024  -49.191  -4.604  -29.348 0.3000000119
57827  -44.718  -11.463  -25.265 0.3000000119
57828  -45.266  -11.764  -25.373 0.4000000060
64034  -48.513  -4.030  -29.384 0.3000000119
56962  -44.554  -12.147  -25.475 0.4000000060
64884  -48.679  -3.608  -30.101 0.3000000119
56990  -43.158  -12.559  -26.137 0.4000000060
56991  -43.991  -12.805  -25.769 0.4000000060
64900  -48.496  -3.955  -30.704 0.3000000119
64919  -47.238  -4.063  -31.094 0.3000000119
60535  -46.959  -8.526  -25.616 0.3000000119
122017  -47.072  -9.100  -25.941 0.3000000119
60536  -47.340  -7.757  -26.410 0.3000000119
116489  -47.438  -6.987  -26.651 0.3000000119
62276  -47.650  -6.215  -27.964 0.3000000119
63156  -47.722  -5.568  -27.824 0.3000000119
63165  -47.858  -5.499  -28.439 0.3000000119
58715  -44.490  -10.744  -25.110 0.3000000119
59613  -45.625  -10.174  -25.039 0.3000000119
64022  -47.977  -5.044  -28.515 0.3000000119
64872  -48.370  -3.763  -28.786 0.3000000119
57850  -43.904  -11.504  -25.419 0.4000000060
64883  -48.485  -3.387  -29.572 0.3000000119
65649  -47.839  -2.735  -31.215 0.3000000119
64918  -45.976  -3.700  -31.635 0.3000000119
65675  -46.363  -2.251  -33.102 0.3000000119
61403  -47.093  -7.184  -25.459 0.3000000119
62262  -47.525  -6.333  -26.789 0.3000000119
109280  -46.590  -7.850  -25.162 0.3000000119
63140  -47.674  -5.670  -26.894 0.3000000119
113527  -45.179  -9.259  -24.789 0.3000000119
60534  -45.783  -8.469  -25.004 0.3000000119
122650  -47.943  -5.025  -27.080 0.3000000119
64010  -47.890  -5.016  -27.961 0.3000000119
59612  -44.643  -9.915  -24.912 0.3000000119
64852  -48.454  -3.703  -27.801 0.3000000119
64011  -48.141  -4.497  -28.263 0.3000000119
57849  -42.880  -11.608  -25.902 0.4000000060
117320  -48.517  -2.836  -29.111 0.3000000119
65644  -48.430  -2.725  -30.097 0.3000000119
65667  -46.581  -2.773  -31.946 0.3000000119
57867  -42.266  -11.518  -26.747 0.4000000060
65666  -46.274  -2.978  -32.249 0.3000000119
66478  -47.042  -1.634  -32.907 0.3000000119
62250  -47.289  -6.500  -25.691 0.3000000119
106213  -47.575  -5.747  -25.741 0.3000000119
63992  -48.046  -5.110  -26.019 0.3000000119
63993  -48.279  -4.378  -27.337 0.3000000119
110015  -44.250  -9.232  -24.980 0.3000000119
122943  -48.591  -3.080  -28.263 0.3000000119
65636  -48.679  -1.891  -29.467 0.3000000119
117428  -48.442  -1.902  -30.632 0.3000000119
65668  -47.807  -1.869  -31.723 0.3000000119
58757  -41.744  -10.955  -27.308 0.3000000119
66479  -48.292  -1.362  -32.192 0.3000000119
66490  -48.587  -1.433  -32.764 0.3000000119
61402  -46.223  -7.147  -24.626 0.3000000119
63127  -47.150  -6.036  -24.947 0.3000000119
63982  -48.297  -4.285  -26.199 0.3000000119
61401  -45.325  -7.617  -24.726 0.3000000119
64835  -48.666  -3.559  -26.796 0.3000000119
114489  -48.863  -2.796  -27.298 0.3000000119
116803  -48.690  -2.268  -28.334 0.3000000119
66454  -48.893  -1.385  -30.116 0.3000000119
66462  -48.654  -1.391  -31.074 0.3000000119
67301  -49.419  -1.187  -30.352 0.3000000119
67319  -49.120  -1.247  -31.084 0.3000000119
66480  -49.610  -1.354  -31.345 0.3000000119
67320  -50.621  -0.895  -30.857 0.3000000119
62238  -45.965  -6.418  -24.207 0.3000000119
63111  -46.572  -5.850  -24.329 0.3000000119
110825  -47.717  -5.012  -25.301 0.3000000119
63981  -47.896  -4.501  -25.504 0.3000000119
61381  -44.617  -6.913  -24.579 0.3000000119
61382  -45.404  -6.881  -24.503 0.3000000119
108899  -46.454  -5.152  -24.221 0.3000000119
63965  -46.721  -4.509  -24.493 0.3000000119
64822  -47.728  -3.702  -25.331 0.3000000119
64823  -48.257  -3.412  -25.980 0.3000000119
121743  -44.361  -7.583  -24.643 0.3000000119
60532  -43.160  -8.106  -25.538 0.3000000119
111104  -48.951  -1.191  -29.365 0.3000000119
67302  -49.940  -0.757  -29.961 0.3000000119
67303  -50.265  -0.443  -30.475 0.3000000119
63964  -45.899  -4.613  -24.189 0.3000000119
63109  -44.502  -5.368  -24.480 0.3000000119
63963  -44.915  -4.623  -24.466 0.3000000119
62236  -43.981  -6.154  -24.574 0.3000000119
61400  -43.893  -7.046  -24.688 0.3000000119
62237  -44.993  -6.209  -24.412 0.3000000119
61399  -43.387  -7.192  -25.371 0.3000000119
56174  -50.935  -13.141  -32.218 0.5000000000
55321  -48.273  -14.420  -31.914 0.6999999881
104442  -50.224  -12.144  -33.528 0.5000000000
104765  -47.751  -13.826  -31.535 0.6000000238
28115  -48.732  -46.089  -31.566 0.3000000119
29032  -49.360  -45.218  -31.439 0.3000000119
29033  -50.330  -45.196  -31.784 0.3000000119
29984  -50.124  -44.172  -31.148 0.3000000119
113612  -51.186  -44.409  -31.769 0.4000000060
29985  -52.474  -43.790  -31.812 0.4000000060
31797  -53.857  -42.223  -32.972 0.4000000060
32639  -54.371  -41.462  -33.828 0.4000000060
32638  -53.805  -41.043  -33.611 0.4000000060
33424  -53.770  -40.252  -33.986 0.4000000060
34165  -52.531  -39.020  -33.270 0.4000000060
34174  -53.380  -39.092  -33.702 0.4000000060
122192  -50.802  -34.302  -31.554 0.4000000060
37431  -45.713  -35.304  -26.304 0.3000000119
110317  -46.454  -34.665  -25.720 0.3000000119
38236  -50.460  -33.755  -31.285 0.5000000000
108455  -49.452  -36.063  -26.159 0.3000000119
103479  -50.190  -36.660  -26.870 0.3000000119
39002  -50.631  -33.376  -31.711 0.5000000000
39738  -49.198  -31.931  -30.167 0.5000000000
40490  -56.025  -30.963  -29.573 0.3000000119
40478  -55.524  -31.709  -28.641 0.3000000119
41246  -48.266  -30.761  -29.930 0.6000000238
41262  -48.479  -30.901  -30.556 0.6000000238
117164  -54.236  -28.679  -32.031 0.4000000060
43673  -55.216  -28.085  -31.479 0.4000000060
43672  -54.216  -28.421  -31.383 0.4000000060
44491  -55.883  -27.115  -28.978 0.4000000060
117603  -56.460  -26.264  -28.647 0.4000000060
42063  -40.154  -29.907  -28.896 0.4000000060
41240  -41.205  -30.097  -28.731 0.5000000000
125749  -41.604  -29.440  -28.442 0.5000000000
42079  -46.544  -29.003  -30.864 0.6999999881
47042  -57.017  -23.566  -28.458 0.4000000060
47970  -56.644  -22.706  -28.127 0.4000000060
42850  -42.151  -28.258  -28.564 0.5000000000
127189  -42.354  -26.921  -30.340 0.6000000238
44525  -42.449  -26.461  -31.794 0.8000000119
43667  -45.646  -27.224  -29.907 0.8000000119
43668  -46.049  -28.028  -29.606 0.6999999881
43678  -45.890  -27.259  -30.596 0.8000000119
115946  -46.313  -28.283  -30.788 0.6999999881
48966  -57.091  -21.300  -28.106 0.4000000060
45394  -42.906  -25.211  -32.437 0.8000000119
118564  -45.706  -25.974  -30.552 0.8000000119
110759  -56.420  -21.132  -27.444 0.4000000060
45388  -45.709  -25.467  -31.181 0.8000000119
46177  -43.770  -24.890  -32.682 0.6999999881
46178  -44.881  -24.707  -32.670 0.6999999881
125205  -45.072  -25.756  -32.671 0.8000000119
51791  -56.542  -18.616  -26.752 0.3000000119
53490  -52.995  -16.724  -24.751 0.4000000060
51779  -54.356  -17.993  -25.623 0.4000000060
50899  -55.095  -19.338  -26.105 0.4000000060
51790  -55.843  -18.757  -26.397 0.3000000119
110428  -52.397  -16.196  -24.646 0.4000000060
52649  -53.471  -17.172  -25.035 0.4000000060
117749  -53.622  -17.815  -25.190 0.4000000060
51778  -53.735  -18.514  -25.356 0.4000000060
54346  -51.285  -15.624  -24.440 0.4000000060
107162  -53.781  -15.840  -25.512 0.4000000060
55250  -53.952  -14.470  -25.648 0.5000000000
54345  -50.573  -15.392  -24.623 0.5000000000
56092  -51.339  -13.775  -24.792 0.4000000060
56105  -53.557  -13.755  -25.589 0.5000000000
55251  -54.662  -14.402  -25.932 0.5000000000
56130  -55.111  -13.821  -26.474 0.4000000060
55247  -48.947  -14.809  -25.840 0.5000000000
55248  -49.371  -14.253  -25.372 0.5000000000
56091  -50.689  -13.429  -24.826 0.4000000060
109419  -55.519  -12.923  -27.883 0.5000000000
57008  -55.034  -12.254  -27.611 0.5000000000
57879  -55.233  -11.454  -28.896 0.5000000000
58777  -55.414  -10.792  -29.814 0.5000000000
125501  -39.048  -20.762  -31.241 0.5000000000
58787  -55.374  -10.298  -30.904 0.5000000000
60606  -53.989  -9.032  -31.629 0.4000000060
50958  -40.480  -18.968  -31.793 0.6000000238
50960  -41.987  -18.634  -31.338 0.6000000238
59688  -52.976  -9.829  -32.224 0.3000000119
51831  -42.519  -18.586  -31.134 0.6000000238
60611  -51.704  -9.017  -32.849 0.3000000119
52708  -42.983  -18.178  -30.492 0.6000000238
52682  -42.835  -16.821  -28.940 0.6000000238
54403  -42.555  -15.774  -28.613 0.6000000238
55280  -43.421  -14.717  -27.118 0.6000000238
55293  -42.287  -14.853  -28.461 0.6000000238
56135  -43.107  -13.846  -27.044 0.5000000000
56125  -42.829  -13.033  -26.905 0.4000000060
56989  -42.548  -12.226  -26.749 0.4000000060
57866  -41.957  -11.883  -27.381 0.4000000060
67294  -49.407  -0.907  -29.693 0.3000000119
68190  -50.324  0.625  -30.603 0.3000000119
69058  -50.685  1.144  -31.264 0.3000000119
62248  -43.560  -6.528  -25.086 0.3000000119
109276  -42.696  -7.200  -26.283 0.3000000119
56138  -55.602  -13.672  -27.385 0.5000000000
31787  -52.631  -42.349  -32.053 0.4000000060
32600  -48.161  -41.788  -29.996 0.3000000119
32610  -48.533  -41.823  -30.557 0.3000000119
32624  -48.100  -41.376  -31.092 0.3000000119
124358  -47.322  -40.319  -31.278 0.3000000119
33379  -45.790  -40.268  -28.003 0.3000000119
39739  -49.322  -32.429  -29.985 0.4000000060
38952  -52.501  -34.312  -26.777 0.3000000119
39705  -54.056  -32.502  -26.675 0.3000000119
103491  -50.500  -34.443  -26.736 0.3000000119
104711  -51.201  -33.847  -25.960 0.3000000119
39728  -55.746  -32.934  -28.684 0.3000000119
105060  -49.562  -33.191  -25.668 0.3000000119
39689  -50.762  -32.913  -25.130 0.3000000119
41191  -46.708  -30.335  -26.472 0.6000000238
41232  -55.212  -30.483  -29.189 0.4000000060
41229  -46.694  -30.303  -28.321 0.6000000238
42066  -47.439  -30.057  -29.803 0.6999999881
40427  -49.700  -31.411  -24.419 0.3000000119
118227  -54.237  -28.565  -32.139 0.4000000060
42001  -50.711  -29.633  -23.957 0.4000000060
105607  -46.576  -28.122  -26.588 0.6999999881
43643  -52.043  -27.911  -28.214 0.4000000060
44466  -48.061  -26.428  -26.023 0.6000000238
117763  -55.341  -25.437  -27.884 0.4000000060
42046  -39.724  -29.104  -28.702 0.3000000119
42881  -46.420  -28.497  -30.124 0.6999999881
43652  -45.637  -27.456  -28.975 0.6999999881
122860  -45.536  -26.746  -29.373 0.6999999881
46146  -45.869  -24.601  -29.576 0.6999999881
46114  -53.863  -24.565  -26.875 0.4000000060
46111  -48.066  -24.390  -26.941 0.6999999881
46174  -45.903  -24.916  -32.199 0.6999999881
45395  -45.421  -25.626  -32.131 0.6999999881
47075  -47.572  -23.989  -33.171 0.6000000238
50922  -56.963  -19.630  -27.476 0.4000000060
50921  -56.420  -19.305  -26.875 0.3000000119
106245  -48.043  -22.656  -30.743 0.6000000238
47079  -47.622  -23.802  -33.245 0.6999999881
47080  -48.191  -23.497  -33.395 0.6999999881
47038  -49.796  -22.866  -28.852 0.4000000060
47009  -51.668  -23.646  -26.904 0.3000000119
47946  -52.380  -22.839  -25.123 0.3000000119
48950  -53.543  -21.490  -25.321 0.3000000119
114375  -54.486  -19.953  -25.951 0.3000000119
50875  -51.363  -19.214  -24.780 0.4000000060
49991  -51.215  -20.733  -25.298 0.4000000060
48934  -52.072  -21.358  -24.738 0.4000000060
52647  -49.689  -17.261  -25.515 0.5000000000
121155  -52.407  -19.960  -24.640 0.4000000060
49977  -52.600  -20.687  -24.763 0.4000000060
47999  -41.907  -22.911  -29.675 0.6999999881
50044  -45.723  -21.036  -31.639 0.8000000119
54344  -49.806  -15.536  -25.016 0.5000000000
57854  -53.293  -11.846  -26.243 0.4000000060
51824  -52.958  -18.890  -30.404 0.5000000000
116167  -49.627  -19.336  -33.340 0.6999999881
56090  -49.949  -13.866  -24.911 0.4000000060
110271  -48.783  -13.901  -26.194 0.4000000060
55284  -48.738  -14.416  -27.497 0.5000000000
51844  -46.622  -18.628  -32.543 0.6000000238
51834  -46.164  -18.548  -31.837 0.6000000238
57878  -54.700  -11.057  -28.089 0.5000000000
121259  -40.664  -20.416  -30.921 0.5000000000
51846  -48.820  -18.270  -32.819 0.6999999881
53552  -47.980  -16.621  -30.549 0.6000000238
51821  -46.409  -18.809  -29.690 0.6000000238
107504  -39.908  -20.038  -31.396 0.5000000000
104213  -49.459  -12.230  -31.222 0.5000000000
119368  -48.585  -12.575  -28.369 0.4000000060
115181  -49.337  -15.882  -32.613 0.6999999881
110516  -48.678  -14.427  -32.616 0.6999999881
54447  -49.381  -14.947  -32.926 0.6999999881
103599  -48.413  -11.419  -28.794 0.4000000060
106913  -49.777  -13.762  -34.062 0.5000000000
103589  -49.059  -11.387  -32.137 0.5000000000
56200  -48.957  -12.580  -34.104 0.5000000000
55336  -48.726  -13.923  -33.573 0.6000000238
60557  -52.108  -8.210  -26.850 0.4000000060
103579  -47.281  -13.017  -32.180 0.6999999881
119321  -47.426  -13.179  -30.133 0.6000000238
104310  -47.646  -10.393  -30.546 0.6000000238
104796  -48.312  -10.250  -28.935 0.4000000060
103585  -47.757  -12.099  -32.802 0.6999999881
103586  -47.519  -11.674  -31.849 0.6000000238
55335  -48.135  -13.645  -32.623 0.6000000238
104481  -48.714  -8.855  -27.930 0.4000000060
104732  -46.910  -12.296  -30.676 0.6000000238
62281  -52.367  -6.942  -27.652 0.3000000119
62295  -52.518  -6.684  -28.589 0.3000000119
103574  -47.012  -12.454  -29.681 0.6000000238
119150  -46.911  -12.961  -28.693 0.6000000238
54392  -46.627  -15.280  -27.662 0.6000000238
61480  -53.684  -7.246  -30.823 0.3000000119
60603  -51.470  -8.350  -32.365 0.3000000119
104591  -46.720  -10.391  -30.473 0.6000000238
103581  -46.630  -11.450  -30.208 0.6000000238
53517  -45.982  -15.826  -26.910 0.6000000238
62315  -53.387  -6.733  -30.203 0.3000000119
62333  -53.255  -6.594  -31.072 0.3000000119
62294  -51.867  -6.337  -28.219 0.3000000119
63183  -52.385  -5.815  -29.896 0.3000000119
55271  -46.341  -14.529  -26.492 0.6000000238
63199  -52.541  -5.998  -30.768 0.3000000119
119327  -47.476  -8.552  -29.025 0.5000000000
56993  -46.679  -12.724  -26.497 0.5000000000
124110  -47.435  -8.410  -28.767 0.4000000060
63157  -49.476  -5.882  -28.299 0.3000000119
103588  -47.384  -11.073  -26.875 0.5000000000
64025  -50.235  -4.789  -29.070 0.3000000119
109628  -46.751  -11.368  -26.131 0.4000000060
62292  -47.784  -5.945  -28.423 0.3000000119
57829  -46.030  -11.639  -25.542 0.3000000119
64070  -46.094  -3.664  -32.362 0.3000000119
114313  -46.258  -9.241  -25.284 0.3000000119
64023  -48.272  -4.642  -28.888 0.3000000119
64899  -48.047  -3.398  -30.854 0.3000000119
109522  -43.652  -12.125  -25.694 0.4000000060
66489  -47.347  -1.126  -33.750 0.3000000119
60533  -44.609  -8.384  -24.762 0.3000000119
62249  -46.793  -6.583  -24.710 0.3000000119
120049  -50.018  -1.209  -30.501 0.3000000119
63112  -47.197  -5.254  -24.733 0.3000000119
116486  -43.742  -7.845  -24.770 0.3000000119
105016  -48.871  -1.300  -28.492 0.3000000119
68197  -50.643  0.186  -31.064 0.3000000119
68198  -51.167  -0.086  -31.375 0.3000000119
63110  -45.650  -5.478  -24.151 0.3000000119
63966  -47.411  -4.422  -24.949 0.3000000119
64809  -46.879  -3.667  -24.697 0.3000000119
112380  -42.520  -8.018  -26.215 0.3000000119
68189  -49.932  0.197  -30.000 0.3000000119
44526  -45.686  -26.169  -31.303 0.8000000119
45399  -45.093  -25.154  -32.740 0.8000000119
54362  -54.395  -15.274  -25.807 0.4000000060
55279  -42.640  -14.363  -27.679 0.5000000000
113267  -51.270  -15.027  -24.502 0.4000000060
55249  -53.228  -14.453  -25.252 0.4000000060
56176  -56.542  -13.554  -31.463 0.3000000119
57039  -56.484  -13.133  -30.514 0.4000000060
56188  -56.317  -13.602  -32.498 0.3000000119
56149  -56.000  -13.576  -28.192 0.4000000060
57020  -55.847  -12.915  -28.752 0.4000000060
56187  -55.270  -13.521  -32.913 0.3000000119
57038  -55.993  -12.339  -30.396 0.4000000060
115571  -56.149  -12.839  -31.406 0.3000000119
55236  -51.674  -14.441  -24.696 0.3000000119
57027  -55.684  -12.283  -29.314 0.4000000060
57895  -55.662  -11.336  -30.847 0.3000000119
57906  -54.628  -11.589  -32.630 0.3000000119
57900  -55.334  -11.459  -31.910 0.3000000119
57885  -55.715  -11.612  -29.839 0.4000000060
58798  -53.948  -11.103  -33.052 0.3000000119
58793  -54.478  -10.844  -32.244 0.3000000119
59690  -55.011  -10.137  -31.673 0.3000000119
50959  -41.367  -18.697  -31.664 0.5000000000
59696  -53.470  -10.440  -32.643 0.3000000119
51856  -40.628  -17.886  -32.631 0.5000000000
51842  -40.953  -18.320  -32.351 0.5000000000
51857  -41.151  -17.939  -32.590 0.5000000000
51830  -41.824  -18.090  -31.614 0.5000000000
59695  -52.705  -9.983  -32.852 0.3000000119
59689  -54.050  -10.029  -31.970 0.3000000119
107365  -42.490  -17.369  -30.057 0.5000000000
53568  -41.183  -16.804  -32.149 0.5000000000
54425  -41.150  -16.180  -31.077 0.5000000000
110475  -41.347  -16.742  -31.578 0.5000000000
53549  -41.596  -16.008  -30.121 0.4000000060
54434  -40.923  -16.178  -31.724 0.5000000000
53567  -40.756  -16.316  -32.137 0.5000000000
54415  -42.238  -16.082  -29.381 0.5000000000
54414  -40.915  -15.593  -30.577 0.4000000060
54424  -40.617  -15.451  -31.354 0.4000000060
54402  -41.915  -15.388  -29.259 0.5000000000
55309  -40.230  -14.514  -31.386 0.4000000060
55302  -40.573  -14.882  -30.533 0.5000000000
55292  -41.535  -14.515  -29.026 0.4000000060
56156  -40.732  -14.138  -29.687 0.5000000000
55303  -41.076  -15.151  -29.848 0.4000000060
117600  -40.376  -14.110  -30.589 0.3000000119
56134  -42.406  -13.507  -27.558 0.4000000060
56146  -41.297  -13.588  -28.801 0.3000000119
56145  -40.704  -13.107  -29.291 0.3000000119
56133  -41.760  -13.145  -28.113 0.3000000119
57026  -40.493  -12.482  -29.771 0.3000000119
57016  -40.608  -12.410  -29.025 0.3000000119
57017  -41.114  -12.751  -28.607 0.3000000119
57003  -41.483  -12.356  -27.973 0.3000000119
57004  -42.201  -12.687  -27.470 0.3000000119
57875  -40.692  -12.032  -28.430 0.3000000119
51855  -39.731  -18.026  -32.367 0.5000000000
55324  -57.376  -14.878  -31.783 0.3000000119
51854  -38.600  -18.028  -32.439 0.4000000060
52726  -40.334  -17.203  -32.651 0.4000000060
55234  -49.935  -14.725  -24.897 0.4000000060
55237  -52.501  -14.456  -24.854 0.4000000060
54348  -53.021  -15.840  -25.089 0.4000000060
55235  -50.731  -14.380  -24.707 0.3000000119
55273  -55.634  -14.505  -26.995 0.4000000060
57019  -55.323  -12.278  -28.439 0.4000000060
56147  -41.962  -13.989  -28.232 0.4000000060
55323  -56.932  -14.112  -31.850 0.3000000119
56163  -56.778  -13.707  -30.641 0.4000000060
57048  -56.120  -13.126  -32.201 0.3000000119
57028  -56.280  -12.905  -29.625 0.4000000060
110329  -56.377  -13.519  -29.016 0.4000000060
56158  -56.750  -13.512  -29.843 0.4000000060
55285  -56.118  -14.297  -27.700 0.4000000060
57047  -55.722  -12.276  -31.537 0.3000000119
106621  -55.510  -12.842  -32.190 0.3000000119
58788  -55.320  -10.743  -31.566 0.3000000119
50957  -39.457  -19.401  -32.036 0.5000000000
51841  -40.074  -18.493  -32.216 0.5000000000
52727  -40.997  -17.400  -32.630 0.5000000000
51843  -41.497  -18.232  -32.109 0.5000000000
52716  -41.452  -17.562  -32.198 0.5000000000
52707  -42.099  -17.851  -30.917 0.5000000000
52706  -41.642  -17.377  -31.561 0.5000000000
53560  -41.730  -16.913  -30.727 0.5000000000
53550  -42.176  -16.622  -29.851 0.5000000000
126390  -41.490  -17.062  -31.938 0.5000000000
56155  -40.429  -13.323  -30.213 0.3000000119
106185  -56.528  -14.138  -28.435 0.4000000060
42879  -42.422  -28.141  -31.952 0.6999999881
116724  -45.231  -26.389  -32.366 0.6999999881
44531  -43.350  -26.750  -33.656 0.6999999881
43690  -42.849  -27.011  -33.774 0.6999999881
44529  -42.684  -26.688  -33.491 0.6999999881
43683  -42.426  -27.287  -32.442 0.6999999881
45400  -43.699  -26.276  -33.385 0.6999999881
44530  -43.022  -26.438  -33.558 0.6999999881
45396  -42.789  -26.100  -33.142 0.6999999881
113872  -42.635  -25.934  -32.482 0.6999999881
52651  -54.692  -17.186  -25.851 0.3000000119
52665  -55.334  -17.214  -26.096 0.3000000119
53503  -54.384  -16.362  -25.775 0.3000000119
53520  -55.629  -16.592  -26.368 0.3000000119
53519  -55.144  -15.861  -26.271 0.3000000119
53504  -55.027  -16.649  -26.080 0.3000000119
119527  -44.350  -25.271  -32.924 0.6999999881
45397  -43.540  -25.700  -33.094 0.6999999881
52650  -54.029  -17.173  -25.491 0.3000000119
54381  -55.633  -15.245  -26.703 0.3000000119
54395  -56.891  -15.427  -27.618 0.3000000119
54396  -57.435  -15.237  -28.173 0.3000000119
55286  -56.761  -14.765  -27.915 0.3000000119
55297  -57.153  -14.583  -28.671 0.3000000119
54380  -55.147  -14.836  -26.309 0.3000000119
55296  -56.859  -14.055  -29.224 0.3000000119
54347  -52.087  -15.339  -24.598 0.3000000119
114319  -45.746  -26.986  -31.399 0.6999999881
116448  -45.009  -27.299  -32.617 0.6999999881
42880  -42.664  -28.900  -31.430 0.6999999881
44528  -44.158  -26.804  -33.264 0.6999999881
43686  -42.593  -27.209  -33.369 0.6999999881
43677  -42.361  -27.244  -31.151 0.6999999881
118601  -55.613  -17.903  -26.196 0.3000000119
52666  -56.006  -17.275  -26.399 0.3000000119
116672  -56.297  -16.643  -26.764 0.3000000119
53530  -56.603  -15.991  -27.207 0.3000000119
54408  -58.030  -14.950  -29.095 0.3000000119
115434  -57.403  -14.396  -29.396 0.3000000119
55305  -57.960  -14.519  -30.018 0.3000000119
55304  -57.240  -14.021  -30.166 0.3000000119
51780  -55.041  -18.465  -25.966 0.3000000119
54382  -56.237  -15.136  -27.249 0.3000000119
37520  -51.524  -34.883  -33.714 0.4000000060
38254  -51.249  -34.226  -33.208 0.4000000060
39003  -51.034  -33.714  -32.545 0.4000000060
38247  -51.536  -34.359  -32.753 0.4000000060
38253  -50.505  -34.227  -33.597 0.4000000060
40501  -49.086  -31.580  -30.477 0.5000000000
39747  -49.624  -31.917  -30.742 0.4000000060
39761  -50.029  -32.664  -31.338 0.4000000060
39012  -50.293  -33.129  -32.393 0.4000000060
113509  -49.660  -32.589  -32.298 0.5000000000
39016  -50.331  -33.498  -33.248 0.4000000060
115801  -49.663  -33.779  -33.631 0.4000000060
39760  -49.312  -32.088  -31.752 0.5000000000
39773  -49.681  -32.743  -33.170 0.5000000000
39015  -49.274  -33.165  -33.504 0.5000000000
40513  -49.029  -31.424  -31.131 0.5000000000
39772  -49.156  -32.051  -32.941 0.5000000000
38252  -48.675  -33.907  -33.539 0.5000000000
38251  -47.721  -33.990  -33.354 0.5000000000
123965  -47.314  -34.647  -33.534 0.5000000000
39777  -48.767  -32.458  -33.339 0.5000000000
40519  -48.555  -31.428  -32.405 0.6000000238
39014  -48.199  -33.199  -33.325 0.5000000000
40523  -48.276  -31.727  -33.306 0.5000000000
38250  -47.150  -34.077  -33.261 0.6000000238
39010  -46.427  -33.455  -32.814 0.5000000000
41271  -48.153  -30.762  -31.737 0.6000000238
124378  -48.067  -30.853  -32.631 0.6000000238
39776  -47.630  -32.373  -33.364 0.5000000000
39013  -47.321  -33.226  -33.331 0.6000000238
39011  -46.785  -33.309  -33.203 0.6000000238
39771  -46.312  -32.546  -33.182 0.5000000000
39746  -45.267  -33.056  -30.500 0.5000000000
115082  -45.612  -32.679  -31.836 0.5000000000
39770  -45.723  -32.119  -32.865 0.5000000000
40475  -42.786  -31.717  -28.663 0.4000000060
40522  -47.948  -30.982  -33.220 0.6000000238
41228  -43.306  -30.412  -28.984 0.5000000000
41279  -47.555  -30.421  -32.682 0.6000000238
117695  -43.241  -31.130  -28.879 0.5000000000
41282  -47.198  -30.767  -33.319 0.6000000238
125116  -47.009  -32.035  -33.511 0.6000000238
41242  -43.767  -30.939  -29.416 0.5000000000
39775  -46.484  -31.740  -33.513 0.6000000238
39774  -45.975  -31.855  -33.426 0.6000000238
127323  -46.363  -32.130  -33.428 0.5000000000
116911  -44.709  -32.174  -30.149 0.5000000000
40518  -45.466  -31.355  -33.092 0.5000000000
40474  -42.110  -31.614  -28.263 0.4000000060
41227  -42.602  -30.750  -28.490 0.5000000000
39724  -41.687  -32.259  -28.374 0.4000000060
42049  -42.798  -29.753  -28.633 0.5000000000
111591  -47.602  -30.052  -31.915 0.6000000238
117039  -43.719  -30.287  -29.661 0.5000000000
42094  -47.081  -29.648  -32.422 0.6000000238
42064  -43.584  -29.962  -30.506 0.5000000000
40521  -46.486  -30.974  -33.545 0.6000000238
41281  -45.776  -30.504  -33.389 0.6000000238
40511  -45.116  -31.889  -31.167 0.5000000000
40512  -45.344  -31.413  -32.269 0.5000000000
113650  -44.969  -31.009  -31.634 0.5000000000
41226  -41.847  -30.824  -28.374 0.4000000060
123612  -41.560  -31.585  -28.376 0.4000000060
126570  -43.291  -29.008  -29.773 0.5000000000
105698  -43.162  -29.423  -30.682 0.5000000000
122282  -43.186  -29.877  -31.287 0.5000000000
42086  -46.616  -29.015  -32.004 0.6000000238
41243  -44.108  -30.586  -30.392 0.5000000000
42093  -46.287  -29.312  -32.833 0.6000000238
42095  -45.738  -29.858  -33.270 0.6000000238
40500  -44.537  -31.283  -30.813 0.5000000000
41277  -45.218  -30.773  -33.050 0.5000000000
41260  -44.466  -30.535  -31.534 0.5000000000
41268  -44.831  -30.517  -32.438 0.5000000000
42851  -42.881  -28.865  -29.083 0.5000000000
42890  -42.611  -28.063  -32.894 0.6000000238
42886  -42.631  -28.931  -32.431 0.5000000000
42887  -46.296  -28.352  -31.603 0.6000000238
42077  -42.925  -29.665  -31.951 0.5000000000
42894  -45.914  -28.641  -32.504 0.6000000238
42078  -43.740  -30.051  -31.562 0.5000000000
41280  -45.011  -30.180  -32.995 0.5000000000
115503  -44.279  -30.089  -32.297 0.5000000000
41276  -44.597  -30.226  -32.587 0.5000000000
42048  -42.082  -29.810  -28.382 0.4000000060
42891  -42.856  -28.707  -33.090 0.6000000238
43684  -45.708  -27.841  -32.189 0.6000000238
42084  -43.117  -29.394  -32.789 0.5000000000
42085  -43.729  -29.798  -32.433 0.5000000000
42893  -44.762  -28.750  -32.878 0.6000000238
115747  -42.332  -29.105  -28.467 0.5000000000
43666  -42.746  -27.461  -30.018 0.4000000060
42863  -42.725  -28.033  -29.295 0.4000000060
43687  -42.993  -27.867  -33.515 0.6000000238
42892  -43.582  -28.739  -33.207 0.5000000000
40487  -44.281  -31.460  -29.774 0.5000000000
38237  -51.177  -33.921  -31.944 0.4000000060
42087  -47.160  -29.578  -31.449 0.6000000238
43679  -46.154  -27.797  -30.320 0.6000000238
43685  -46.126  -27.713  -31.112 0.6000000238
43689  -44.592  -28.159  -32.915 0.6000000238
43688  -43.962  -27.756  -33.428 0.6000000238
121271  -42.652  -28.023  -30.912 0.5000000000
113254  -46.799  -32.482  -33.425 0.6000000238
110901  -47.287  -31.493  -33.439 0.6000000238
42050  -43.377  -29.643  -29.491 0.5000000000
41269  -45.108  -30.761  -32.698 0.5000000000
41278  -46.634  -30.130  -33.221 0.6000000238
42092  -45.166  -29.394  -32.944 0.6000000238
42091  -44.055  -29.666  -32.877 0.6000000238
42068  -54.631  -29.234  -32.173 0.3000000119
41248  -55.423  -29.975  -30.490 0.3000000119
42069  -54.974  -29.472  -32.682 0.3000000119
42871  -54.665  -28.820  -32.375 0.3000000119
41263  -55.217  -29.822  -32.695 0.3000000119
42882  -55.294  -29.243  -32.661 0.3000000119
42872  -56.243  -28.700  -31.515 0.3000000119
43657  -56.897  -28.065  -30.293 0.3000000119
121603  -57.207  -27.482  -29.657 0.3000000119
43656  -56.313  -27.662  -29.590 0.3000000119
48985  -57.968  -22.154  -29.165 0.3000000119
47971  -57.208  -22.052  -28.410 0.3000000119
50016  -57.862  -20.737  -28.671 0.3000000119
50006  -57.059  -20.484  -27.770 0.3000000119
50932  -57.642  -19.793  -28.193 0.3000000119
115279  -57.458  -19.105  -27.780 0.3000000119
41249  -55.095  -30.117  -32.214 0.3000000119
41272  -55.788  -30.096  -32.706 0.3000000119
37518  -47.990  -34.832  -33.664 0.4000000060
42883  -57.543  -28.694  -31.269 0.3000000119
122540  -57.580  -28.122  -30.915 0.3000000119
44492  -56.909  -27.050  -29.032 0.3000000119
122170  -57.015  -25.304  -28.678 0.3000000119
47980  -57.532  -22.826  -28.783 0.3000000119
47990  -58.277  -22.943  -29.731 0.3000000119
48977  -58.366  -21.477  -29.459 0.3000000119
50024  -58.741  -20.724  -29.742 0.3000000119
50933  -58.512  -19.881  -28.996 0.3000000119
117530  -56.313  -29.159  -32.042 0.3000000119
44522  -58.080  -27.385  -30.483 0.3000000119
113912  -39.135  -43.555  -31.260 0.4000000060
31782  -38.695  -42.653  -31.218 0.3000000119
113782  -39.029  -41.277  -31.204 0.3000000119
33403  -39.326  -40.557  -31.311 0.3000000119
37488  -45.070  -35.629  -30.779 0.4000000060
38229  -45.522  -34.814  -30.975 0.4000000060
37494  -44.926  -36.478  -31.446 0.4000000060
36731  -45.339  -36.679  -32.333 0.4000000060
38985  -44.919  -33.880  -29.772 0.4000000060
38994  -45.391  -34.079  -30.476 0.4000000060
38995  -45.626  -33.828  -31.268 0.4000000060
38235  -45.739  -34.673  -31.856 0.4000000060
38245  -46.182  -34.484  -32.570 0.4000000060
37506  -45.729  -35.594  -32.505 0.4000000060
38217  -41.267  -34.285  -29.484 0.3000000119
39737  -44.639  -32.986  -29.563 0.4000000060
116611  -45.978  -32.877  -32.604 0.4000000060
38971  -42.009  -33.147  -28.649 0.3000000119
38983  -41.444  -33.611  -29.035 0.3000000119
37507  -46.249  -35.340  -33.133 0.4000000060
39001  -45.925  -33.650  -32.175 0.4000000060
40486  -43.607  -31.839  -29.149 0.4000000060
36730  -44.844  -37.251  -31.996 0.4000000060
38228  -45.041  -34.771  -30.220 0.4000000060
37495  -45.443  -35.694  -31.645 0.4000000060
32649  -54.430  -41.374  -34.068 0.3000000119
32648  -54.122  -40.977  -34.163 0.3000000119
108491  -53.723  -39.444  -34.111 0.3000000119
35028  -52.942  -38.464  -33.644 0.3000000119
35029  -52.952  -37.887  -33.890 0.3000000119
35931  -52.014  -37.782  -34.710 0.3000000119
105502  -50.853  -38.097  -34.873 0.3000000119
35037  -49.494  -38.620  -34.717 0.3000000119
36757  -51.615  -36.154  -34.453 0.3000000119
105841  -50.839  -37.069  -34.741 0.3000000119
105503  -49.495  -37.653  -34.781 0.3000000119
37526  -52.127  -35.568  -34.040 0.3000000119
105136  -51.109  -35.406  -34.262 0.3000000119
36756  -50.339  -36.103  -34.532 0.3000000119
37525  -49.848  -35.366  -34.191 0.3000000119
35925  -52.431  -37.668  -33.390 0.3000000119
37519  -49.375  -34.589  -33.827 0.3000000119
38255  -50.515  -34.816  -33.988 0.3000000119
34175  -53.305  -38.647  -34.207 0.3000000119
34162  -48.274  -39.233  -32.160 0.4000000060
34998  -47.321  -38.079  -31.219 0.3000000119
38996  -50.086  -33.069  -30.887 0.5000000000
39672  -51.898  -31.855  -24.772 0.3000000119
40440  -47.316  -31.592  -25.493 0.5000000000
40479  -56.250  -32.300  -29.361 0.3000000119
40520  -45.868  -31.199  -33.483 0.6000000238
41181  -52.964  -30.330  -24.699 0.4000000060
42014  -47.973  -29.338  -25.041 0.6000000238
42081  -55.324  -29.623  -32.728 0.3000000119
42088  -56.243  -29.892  -32.653 0.3000000119
42810  -47.333  -28.964  -25.637 0.6000000238
42816  -53.000  -28.598  -26.114 0.4000000060
42827  -46.694  -28.945  -26.244 0.6999999881
42864  -43.164  -28.415  -30.085 0.5000000000
42867  -52.976  -28.036  -30.403 0.4000000060
42888  -55.859  -29.454  -32.549 0.3000000119
43633  -51.632  -27.994  -27.248 0.4000000060
43655  -55.172  -27.788  -29.960 0.4000000060
43691  -43.401  -27.246  -33.672 0.6000000238
44468  -50.643  -26.891  -27.149 0.5000000000
44485  -41.661  -26.823  -29.067 0.5000000000
44510  -57.702  -26.772  -29.838 0.3000000119
44521  -53.116  -26.489  -31.831 0.4000000060
44527  -42.516  -26.592  -32.975 0.6999999881
45326  -49.274  -25.518  -27.055 0.6000000238
45327  -50.040  -25.566  -27.072 0.6000000238
45328  -52.877  -25.021  -27.213 0.4000000060
45347  -53.548  -25.499  -28.000 0.4000000060
45373  -52.352  -25.514  -31.427 0.5000000000
45389  -52.936  -24.019  -31.153 0.4000000060
45398  -44.486  -25.889  -33.041 0.8000000119
46104  -53.163  -24.426  -26.245 0.4000000060
46131  -54.389  -25.289  -27.484 0.4000000060
46135  -45.760  -24.424  -28.630 0.6999999881
46141  -57.464  -24.426  -28.874 0.3000000119
46151  -53.041  -24.572  -31.348 0.4000000060
47002  -51.891  -23.385  -25.859 0.3000000119
47029  -52.639  -23.803  -28.379 0.4000000060
47935  -52.445  -22.076  -24.875 0.3000000119
48957  -51.260  -22.026  -26.161 0.4000000060
48958  -54.818  -21.446  -26.566 0.4000000060
48976  -57.673  -21.526  -28.720 0.3000000119
49978  -53.295  -20.721  -25.133 0.3000000119
49992  -54.011  -20.705  -25.700 0.3000000119
50000  -55.504  -20.346  -26.596 0.3000000119
50005  -56.249  -20.240  -27.071 0.3000000119
50876  -52.094  -19.234  -24.632 0.4000000060
50877  -52.796  -19.233  -24.772 0.4000000060
52635  -52.112  -17.802  -24.596 0.4000000060
53489  -52.120  -16.962  -24.592 0.4000000060
53502  -53.627  -16.522  -25.287 0.3000000119
53521  -55.918  -15.911  -26.751 0.3000000119
53529  -49.155  -16.954  -27.020 0.5000000000
53579  -40.742  -16.797  -32.431 0.5000000000
53580  -49.815  -16.608  -32.730 0.6999999881
53582  -52.179  -16.320  -32.765 0.6000000238
53583  -52.622  -16.284  -33.134 0.6000000238
54360  -52.839  -15.063  -25.077 0.4000000060
54361  -53.517  -15.176  -25.433 0.4000000060
54406  -48.877  -14.877  -28.230 0.5000000000
54448  -51.371  -15.643  -32.865 0.6000000238
55295  -49.070  -14.635  -29.081 0.5000000000
55338  -51.589  -14.478  -32.696 0.5000000000
55345  -50.146  -14.360  -33.641 0.6000000238
56102  -49.392  -13.270  -25.477 0.4000000060
56104  -52.905  -13.715  -25.068 0.4000000060
56184  -47.914  -13.184  -33.836 0.6000000238
56185  -48.812  -13.538  -34.097 0.5000000000
56186  -51.115  -12.859  -32.559 0.5000000000
56195  -49.401  -12.913  -34.159 0.5000000000
56196  -51.166  -13.644  -33.076 0.5000000000
57833  -52.770  -12.172  -25.519 0.4000000060
58719  -51.161  -10.548  -25.711 0.4000000060
59644  -53.651  -9.090  -27.760 0.4000000060
60617  -51.565  -8.397  -33.009 0.3000000119
62278  -48.570  -6.164  -28.463 0.3000000119
62332  -52.985  -6.244  -30.360 0.3000000119
64064  -45.967  -3.522  -32.200 0.3000000119
64079  -46.187  -3.434  -32.525 0.3000000119
64898  -46.729  -3.596  -31.156 0.3000000119
64921  -46.224  -3.054  -32.456 0.3000000119
65676  -46.410  -1.832  -33.061 0.3000000119
66487  -46.185  -1.040  -33.956 0.3000000119
66488  -46.465  -0.992  -33.774 0.3000000119
66496  -46.566  -1.193  -34.404 0.3000000119
103477  -50.641  -37.029  -27.416 0.3000000119
103583  -47.829  -12.754  -32.952 0.6000000238
103591  -49.292  -11.084  -32.648 0.5000000000
103594  -47.932  -11.890  -33.597 0.5000000000
103596  -48.456  -11.244  -32.577 0.5000000000
103604  -50.258  -11.341  -32.728 0.5000000000
103609  -49.368  -11.402  -33.240 0.5000000000
104125  -48.794  -12.404  -30.193 0.5000000000
104552  -50.461  -13.182  -33.777 0.5000000000
104686  -51.000  -11.927  -32.764 0.5000000000
104747  -48.275  -11.387  -33.132 0.5000000000
104759  -48.394  -12.587  -34.095 0.5000000000
104769  -47.839  -11.170  -31.624 0.5000000000
104834  -49.134  -12.170  -33.999 0.5000000000
105358  -47.480  -12.477  -32.357 0.6999999881
106905  -51.665  -16.175  -24.475 0.4000000060
107496  -50.347  -36.036  -27.618 0.3000000119
109477  -52.060  -36.988  -34.424 0.3000000119
110260  -51.080  -12.033  -32.297 0.5000000000
110356  -49.435  -14.971  -25.306 0.4000000060
112794  -50.854  -39.046  -32.907 0.4000000060
113455  -54.270  -23.039  -26.402 0.4000000060
115100  -55.262  -23.476  -27.350 0.4000000060
117147  -49.313  -29.579  -24.369 0.4000000060
117333  -49.929  -30.026  -23.990 0.4000000060
118084  -51.412  -31.391  -24.219 0.3000000119
118085  -50.483  -13.948  -33.515 0.6000000238
118194  -52.776  -24.184  -25.998 0.4000000060
119682  -48.674  -11.037  -33.052 0.5000000000
119719  -46.338  -15.810  -27.310 0.6000000238
119950  -45.643  -25.788  -28.496 0.6999999881
120807  -49.205  -12.470  -25.799 0.4000000060
121025  -53.153  -11.200  -26.613 0.4000000060
122337  -55.015  -17.743  -25.933 0.3000000119
122362  -49.256  -36.021  -34.268 0.3000000119
123924  -48.640  -41.938  -30.407 0.3000000119
125678  -48.969  -14.090  -28.909 0.5000000000
126210  -47.965  -11.436  -32.493 0.6000000238
126503  -54.347  -9.907  -28.424 0.5000000000
126690  -49.980  -30.798  -24.061 0.4000000060
126824  -52.055  -20.563  -24.633 0.4000000060
