#!ascii label  , from subject 001 vox2ras=TkReg
703
27145  -48.518  -47.625  -34.167 0.5000000000
27155  -46.863  -47.912  -35.092 0.8000000119
27153  -45.317  -47.368  -35.900 0.8000000119
27154  -45.942  -47.705  -35.448 0.8000000119
28165  -46.708  -46.855  -35.285 0.8000000119
27146  -49.548  -48.132  -33.929 0.5000000000
27144  -47.541  -47.182  -34.514 0.5000000000
28162  -44.475  -46.334  -35.802 0.6999999881
127344  -45.469  -46.596  -35.810 0.6999999881
28148  -47.480  -45.933  -34.925 0.6999999881
27136  -50.365  -47.463  -33.839 0.6000000238
28150  -49.344  -46.961  -34.073 0.5000000000
28161  -42.366  -46.099  -35.659 0.6999999881
28149  -48.315  -46.467  -34.251 0.6000000238
109817  -49.162  -45.826  -34.486 0.6000000238
120776  -43.590  -45.825  -35.568 0.6999999881
28168  -43.667  -46.820  -36.212 0.6999999881
118023  -46.107  -45.904  -36.091 0.6999999881
118878  -48.298  -45.554  -34.587 0.6000000238
29064  -48.775  -44.950  -34.863 0.6000000238
113444  -46.648  -45.826  -35.798 0.8000000119
29079  -47.251  -45.055  -35.498 0.8000000119
29063  -47.931  -45.085  -34.941 0.6999999881
28138  -51.175  -46.926  -33.928 0.4000000060
28151  -50.299  -46.186  -34.085 0.6000000238
28160  -41.362  -45.917  -35.580 0.6999999881
30017  -50.339  -44.432  -34.666 0.6000000238
29075  -42.749  -45.240  -35.359 0.6999999881
29076  -44.714  -45.542  -35.485 0.6999999881
28163  -45.344  -46.185  -35.757 0.6999999881
29078  -46.605  -45.174  -35.765 0.6000000238
30015  -48.031  -44.371  -35.098 0.6999999881
30935  -48.834  -43.150  -35.247 0.5000000000
29077  -45.930  -45.292  -35.765 0.6000000238
30028  -46.509  -44.602  -35.621 0.6000000238
30029  -47.110  -44.443  -35.533 0.6000000238
30934  -48.145  -43.174  -35.171 0.6000000238
30933  -46.883  -43.898  -35.487 0.6000000238
30924  -47.857  -42.496  -34.855 0.5000000000
29067  -52.130  -45.387  -34.221 0.4000000060
28152  -51.581  -46.143  -33.980 0.5000000000
29073  -41.318  -45.331  -35.280 0.6999999881
29066  -50.864  -45.284  -34.408 0.6000000238
115242  -51.147  -43.932  -34.584 0.6000000238
30026  -43.642  -44.778  -35.164 0.6999999881
112241  -50.041  -43.769  -34.766 0.6000000238
30027  -45.067  -44.616  -35.133 0.6999999881
30031  -49.409  -43.338  -35.060 0.5000000000
31820  -49.215  -42.892  -35.113 0.6000000238
30932  -46.026  -44.041  -35.219 0.6999999881
31819  -48.674  -42.696  -35.075 0.5000000000
31815  -49.453  -42.159  -34.823 0.5000000000
30923  -47.219  -43.133  -35.182 0.5000000000
29053  -40.939  -45.462  -33.872 0.6000000238
29068  -53.469  -45.310  -34.016 0.5000000000
29062  -41.410  -45.147  -35.207 0.6999999881
28147  -41.091  -45.480  -35.386 0.6999999881
30018  -52.399  -44.620  -34.336 0.5000000000
116384  -52.509  -43.764  -34.221 0.4000000060
29074  -41.928  -45.213  -35.322 0.6999999881
30025  -42.613  -44.551  -35.155 0.6999999881
126641  -44.036  -44.033  -34.810 0.6999999881
30926  -51.654  -43.075  -34.507 0.5000000000
30014  -44.824  -43.693  -34.601 0.6999999881
118768  -45.653  -43.195  -34.649 0.6000000238
31816  -49.948  -42.745  -34.782 0.5000000000
120452  -46.536  -43.437  -35.152 0.6000000238
106719  -46.350  -42.709  -34.722 0.5000000000
31814  -46.951  -42.204  -34.568 0.5000000000
32658  -49.070  -41.177  -34.699 0.5000000000
106178  -48.407  -41.882  -34.755 0.5000000000
106702  -50.025  -40.370  -34.669 0.3000000119
31804  -54.437  -42.174  -33.950 0.3000000119
29043  -40.066  -45.867  -32.218 0.6000000238
29044  -40.792  -45.355  -32.755 0.6000000238
30020  -54.277  -43.566  -33.818 0.4000000060
30928  -54.503  -42.768  -33.913 0.4000000060
30919  -42.252  -44.175  -34.654 0.6000000238
31817  -52.674  -41.994  -34.220 0.5000000000
30929  -42.412  -44.363  -34.978 0.6999999881
111807  -51.108  -42.472  -34.621 0.5000000000
30922  -44.454  -42.727  -34.472 0.5000000000
106867  -50.744  -41.925  -34.650 0.5000000000
32659  -50.451  -41.195  -34.650 0.4000000060
105453  -51.311  -39.517  -34.820 0.4000000060
105627  -47.934  -40.944  -34.725 0.5000000000
33430  -48.582  -40.311  -34.675 0.4000000060
29030  -40.306  -44.994  -31.875 0.6000000238
123831  -40.829  -44.701  -32.511 0.6000000238
30004  -41.378  -44.862  -33.484 0.6000000238
30005  -41.811  -44.490  -34.435 0.6000000238
32662  -54.104  -41.245  -34.261 0.3000000119
30920  -42.695  -43.870  -34.792 0.6000000238
32661  -53.417  -41.029  -34.515 0.3000000119
113211  -42.974  -43.577  -34.860 0.6000000238
30930  -43.166  -43.854  -34.941 0.6999999881
120785  -53.583  -40.210  -34.545 0.3000000119
122297  -51.940  -41.646  -34.565 0.3000000119
30921  -43.321  -43.026  -34.703 0.6000000238
34182  -53.030  -39.401  -34.731 0.3000000119
33431  -51.869  -40.256  -34.789 0.3000000119
116794  -43.952  -42.062  -34.490 0.5000000000
121590  -45.440  -42.416  -34.463 0.5000000000
35038  -52.243  -38.606  -34.809 0.3000000119
106173  -45.904  -41.850  -34.445 0.5000000000
32657  -46.421  -41.268  -34.398 0.5000000000
105504  -50.707  -38.889  -34.825 0.3000000119
32656  -45.381  -41.056  -34.364 0.5000000000
34181  -49.446  -39.524  -34.649 0.3000000119
29980  -40.378  -44.185  -31.979 0.5000000000
30905  -41.424  -43.532  -32.874 0.5000000000
30911  -42.763  -43.073  -34.547 0.6000000238
31803  -42.856  -42.136  -34.356 0.5000000000
34176  -53.141  -38.181  -34.150 0.3000000119
105763  -43.031  -42.982  -34.738 0.6000000238
35932  -52.589  -37.034  -34.102 0.3000000119
31811  -43.344  -42.132  -34.509 0.6000000238
31813  -44.756  -41.723  -34.398 0.5000000000
33428  -45.932  -40.195  -34.274 0.5000000000
33429  -47.456  -40.164  -34.675 0.4000000060
35035  -47.528  -38.901  -34.483 0.4000000060
30892  -40.565  -43.480  -32.174 0.5000000000
31794  -40.849  -42.633  -32.245 0.5000000000
31795  -41.965  -42.782  -33.143 0.5000000000
29996  -41.643  -44.197  -33.491 0.5000000000
32646  -42.533  -41.800  -33.706 0.5000000000
35926  -52.596  -37.043  -33.640 0.3000000119
35927  -52.717  -37.111  -33.857 0.3000000119
31810  -43.126  -42.426  -34.560 0.6000000238
125413  -43.517  -41.564  -34.344 0.6000000238
31812  -44.080  -41.438  -34.302 0.5000000000
33427  -45.028  -40.444  -34.261 0.5000000000
35037  -49.494  -38.620  -34.717 0.4000000060
35036  -48.357  -38.252  -34.507 0.4000000060
109254  -41.709  -41.886  -32.562 0.5000000000
32634  -42.431  -41.032  -32.960 0.5000000000
35915  -51.962  -36.924  -32.994 0.4000000060
36741  -52.068  -36.014  -32.859 0.4000000060
31802  -42.508  -42.679  -34.045 0.5000000000
32647  -42.893  -41.437  -34.178 0.5000000000
36742  -52.496  -36.381  -33.396 0.4000000060
37522  -52.497  -35.906  -33.855 0.3000000119
36758  -52.413  -36.242  -34.130 0.3000000119
120175  -43.257  -41.660  -34.365 0.5000000000
32654  -43.719  -41.056  -34.136 0.4000000060
32655  -44.274  -40.872  -34.128 0.4000000060
32622  -40.739  -41.630  -31.712 0.5000000000
32623  -41.514  -40.976  -32.071 0.5000000000
37508  -51.181  -35.573  -32.247 0.4000000060
32635  -42.890  -40.775  -33.920 0.5000000000
33411  -42.819  -40.122  -33.304 0.4000000060
37509  -51.992  -35.114  -32.987 0.4000000060
33421  -43.298  -40.077  -33.596 0.4000000060
32653  -43.283  -40.886  -34.095 0.4000000060
37521  -52.174  -35.386  -33.642 0.4000000060
33425  -43.676  -40.377  -33.786 0.4000000060
33426  -44.298  -40.450  -33.943 0.4000000060
105101  -45.003  -39.782  -34.036 0.4000000060
34178  -45.943  -39.610  -34.239 0.4000000060
35033  -45.501  -38.796  -34.005 0.4000000060
35929  -47.145  -37.893  -34.160 0.4000000060
35930  -48.295  -37.272  -34.322 0.4000000060
33404  -40.481  -40.570  -31.387 0.5000000000
33410  -41.550  -40.101  -31.773 0.4000000060
37497  -50.440  -35.088  -31.617 0.4000000060
120622  -42.268  -40.414  -32.469 0.5000000000
38248  -51.765  -34.849  -33.320 0.4000000060
33422  -43.654  -39.731  -33.409 0.4000000060
34173  -44.674  -39.108  -33.493 0.4000000060
36755  -49.368  -36.729  -34.640 0.3000000119
35034  -46.456  -38.816  -34.314 0.4000000060
34151  -41.924  -39.350  -31.614 0.5000000000
34152  -43.012  -39.060  -32.373 0.4000000060
37498  -51.290  -34.641  -32.182 0.4000000060
35014  -43.885  -38.871  -32.761 0.4000000060
34160  -43.303  -39.501  -33.062 0.4000000060
35015  -44.220  -38.605  -32.654 0.4000000060
34171  -43.714  -39.343  -33.065 0.4000000060
34172  -44.043  -39.183  -33.101 0.4000000060
35026  -44.586  -38.710  -33.073 0.4000000060
109263  -48.345  -36.335  -34.192 0.4000000060
36754  -47.314  -36.748  -34.075 0.4000000060
110931  -42.434  -38.690  -31.518 0.4000000060
35006  -43.446  -38.598  -32.165 0.4000000060
35007  -43.953  -38.454  -32.294 0.4000000060
123993  -44.429  -38.143  -32.280 0.4000000060
34161  -44.243  -38.818  -32.891 0.4000000060
35922  -45.142  -38.187  -33.161 0.4000000060
35924  -45.608  -37.996  -33.809 0.4000000060
35923  -45.472  -37.801  -33.454 0.4000000060
36753  -46.212  -37.201  -34.039 0.4000000060
35902  -43.200  -38.170  -31.383 0.4000000060
35903  -44.235  -37.937  -31.872 0.4000000060
105925  -44.724  -37.779  -32.300 0.4000000060
35910  -44.732  -38.170  -32.626 0.4000000060
35904  -45.111  -37.475  -32.476 0.4000000060
35911  -45.093  -37.951  -32.855 0.4000000060
36738  -45.438  -37.136  -32.856 0.4000000060
37515  -45.666  -36.965  -33.332 0.4000000060
37523  -47.564  -35.803  -34.045 0.3000000119
36750  -46.666  -36.265  -33.983 0.4000000060
35894  -43.402  -37.583  -30.871 0.4000000060
112980  -43.411  -37.070  -30.425 0.4000000060
35895  -44.219  -37.338  -31.372 0.4000000060
36730  -44.844  -37.251  -31.996 0.4000000060
119601  -45.716  -36.430  -33.089 0.4000000060
37519  -49.375  -34.589  -33.827 0.4000000060
37524  -48.656  -35.495  -33.991 0.3000000119
37517  -47.021  -35.380  -33.874 0.5000000000
37516  -46.280  -36.053  -33.605 0.5000000000
36711  -42.938  -36.482  -29.812 0.4000000060
36723  -43.871  -36.621  -30.202 0.4000000060
37477  -44.459  -36.175  -30.492 0.4000000060
36724  -44.432  -36.848  -31.182 0.4000000060
37507  -46.249  -35.340  -33.133 0.4000000060
37476  -43.296  -35.938  -29.414 0.4000000060
117895  -43.915  -35.632  -29.380 0.4000000060
121556  -44.566  -35.403  -30.065 0.4000000060
115954  -46.825  -34.988  -33.497 0.5000000000
37459  -43.126  -35.326  -28.643 0.4000000060
38219  -43.573  -34.741  -28.679 0.4000000060
38220  -44.411  -34.724  -29.412 0.4000000060
38246  -46.718  -34.266  -33.031 0.5000000000
39726  -43.064  -32.581  -28.853 0.4000000060
38206  -42.939  -34.643  -28.413 0.4000000060
38973  -43.285  -33.668  -28.723 0.4000000060
39736  -43.853  -32.837  -29.113 0.4000000060
117771  -44.229  -32.237  -29.494 0.5000000000
111288  -42.643  -33.101  -28.740 0.4000000060
122900  -46.608  -40.017  -34.456 0.5000000000
34180  -48.500  -39.023  -34.631 0.4000000060
26185  -48.861  -48.679  -34.396 0.5000000000
26192  -45.470  -48.387  -35.926 0.8000000119
27161  -45.109  -47.895  -36.891 0.8000000119
27160  -44.531  -47.703  -36.873 0.6999999881
26174  -50.640  -48.618  -33.833 0.5000000000
111115  -42.445  -46.934  -36.237 0.6999999881
26175  -51.693  -49.058  -33.589 0.5000000000
27157  -41.172  -47.319  -36.555 0.6999999881
28153  -52.867  -46.126  -33.586 0.4000000060
27137  -51.445  -47.886  -33.769 0.4000000060
29054  -41.360  -45.014  -34.683 0.6999999881
122175  -53.651  -46.543  -33.381 0.4000000060
28140  -53.649  -45.749  -33.521 0.4000000060
28129  -40.093  -46.463  -32.958 0.6000000238
30913  -54.311  -43.741  -33.741 0.4000000060
29029  -39.469  -45.248  -31.490 0.6000000238
29979  -39.718  -44.364  -31.376 0.5000000000
30891  -39.943  -43.568  -31.428 0.5000000000
121160  -40.180  -42.948  -31.606 0.5000000000
31784  -40.030  -42.226  -31.467 0.4000000060
34150  -40.688  -39.502  -31.244 0.4000000060
110267  -41.204  -38.803  -31.073 0.4000000060
35893  -42.141  -37.536  -30.508 0.4000000060
36722  -42.514  -36.981  -30.211 0.4000000060
37475  -42.534  -35.645  -29.333 0.4000000060
120723  -42.689  -35.019  -28.668 0.4000000060
39725  -42.311  -32.376  -28.474 0.4000000060
26193  -46.225  -48.698  -35.576 0.8000000119
28164  -45.980  -46.575  -35.776 0.8000000119
28169  -44.847  -47.067  -36.129 0.6999999881
29065  -49.785  -45.080  -34.640 0.6000000238
30016  -49.283  -44.181  -35.022 0.6999999881
30030  -48.562  -43.628  -35.216 0.6000000238
30013  -42.226  -44.563  -34.969 0.6999999881
30925  -50.446  -43.242  -34.719 0.5000000000
30006  -54.215  -44.184  -33.748 0.5000000000
121198  -53.690  -43.511  -33.992 0.5000000000
31818  -54.227  -41.865  -34.132 0.3000000119
122336  -47.443  -41.580  -34.568 0.5000000000
107013  -44.605  -41.020  -34.276 0.5000000000
105506  -46.817  -40.635  -34.457 0.5000000000
125437  -45.429  -40.014  -34.200 0.4000000060
35928  -46.063  -38.051  -34.215 0.4000000060
35027  -45.204  -38.407  -33.469 0.4000000060
35005  -41.638  -38.156  -30.778 0.4000000060
119397  -45.989  -36.749  -33.714 0.4000000060
38984  -44.192  -33.819  -29.076 0.4000000060
18886  -41.470  -55.694  -39.961 0.4000000060
18887  -42.389  -55.911  -40.140 0.4000000060
18888  -43.129  -56.218  -39.929 0.4000000060
18872  -43.837  -56.459  -39.402 0.4000000060
17983  -43.225  -57.200  -38.804 0.4000000060
18871  -43.670  -56.555  -39.037 0.4000000060
120988  -44.242  -56.115  -38.686 0.4000000060
18858  -44.395  -55.753  -38.054 0.4000000060
19787  -45.403  -55.004  -37.998 0.5000000000
17972  -43.667  -57.247  -38.187 0.4000000060
18857  -44.114  -56.388  -38.109 0.4000000060
18845  -44.453  -55.532  -37.248 0.5000000000
19772  -45.135  -55.116  -37.075 0.5000000000
20684  -45.693  -54.421  -36.424 0.6000000238
17074  -42.497  -58.003  -37.712 0.4000000060
113925  -43.115  -57.572  -37.548 0.4000000060
18844  -43.774  -55.878  -36.710 0.4000000060
20697  -45.891  -54.563  -37.489 0.5000000000
105394  -53.011  -47.138  -33.164 0.3000000119
29999  -54.031  -44.683  -33.080 0.3000000119
25271  -50.208  -50.280  -34.546 0.5000000000
18825  -42.143  -55.967  -35.873 0.4000000060
19771  -44.290  -55.179  -36.514 0.5000000000
17943  -42.293  -56.835  -36.166 0.4000000060
17963  -42.825  -57.218  -36.790 0.4000000060
20685  -46.654  -53.989  -36.668 0.6000000238
21655  -47.545  -52.566  -37.002 0.6000000238
109529  -47.345  -51.107  -37.159 0.6999999881
22588  -47.849  -51.782  -37.431 0.6999999881
23500  -49.015  -51.574  -37.098 0.6999999881
25280  -49.687  -50.546  -35.304 0.6999999881
23499  -47.683  -51.197  -37.407 0.6999999881
24377  -48.395  -50.895  -36.959 0.6999999881
20683  -44.803  -54.649  -36.053 0.6000000238
21653  -46.130  -53.412  -35.845 0.6000000238
21647  -46.246  -52.516  -35.729 0.6000000238
126994  -42.637  -56.286  -36.190 0.4000000060
19759  -43.169  -54.874  -35.754 0.5000000000
20672  -44.317  -53.950  -35.438 0.6000000238
23498  -46.742  -51.274  -36.329 0.6000000238
120442  -54.246  -44.017  -33.309 0.3000000119
21654  -46.962  -52.791  -36.234 0.6000000238
24376  -47.422  -50.826  -36.886 0.6999999881
25270  -49.229  -49.747  -34.777 0.6000000238
26186  -49.871  -49.237  -34.228 0.5000000000
20669  -41.746  -54.387  -35.073 0.6000000238
20670  -42.548  -54.184  -35.296 0.6000000238
21644  -43.793  -53.116  -35.281 0.6999999881
21645  -44.676  -52.987  -35.228 0.6000000238
22577  -45.153  -52.062  -35.330 0.6000000238
19758  -42.303  -55.092  -35.594 0.5000000000
20682  -43.943  -54.680  -35.921 0.6000000238
108151  -47.095  -51.151  -36.664 0.6000000238
25278  -47.533  -49.789  -35.889 0.6999999881
25287  -47.967  -50.363  -36.603 0.6999999881
25279  -48.640  -49.972  -35.860 0.6999999881
107729  -42.057  -53.409  -34.791 0.6000000238
22575  -43.397  -52.232  -35.270 0.6999999881
23484  -43.812  -51.548  -35.981 0.6999999881
22576  -44.175  -52.184  -35.451 0.6999999881
23486  -45.831  -51.401  -35.777 0.6000000238
26184  -47.828  -48.208  -34.658 0.5000000000
24375  -46.570  -50.961  -36.229 0.6999999881
25286  -46.946  -50.546  -36.162 0.6999999881
26195  -48.254  -49.123  -35.265 0.6000000238
24380  -44.035  -50.298  -36.705 0.6999999881
26203  -45.201  -48.945  -36.621 0.6999999881
23495  -43.574  -51.097  -36.286 0.6999999881
24381  -45.235  -50.176  -36.427 0.6000000238
25284  -45.523  -49.807  -36.200 0.5000000000
23496  -44.285  -51.015  -36.403 0.6999999881
23497  -45.144  -50.962  -36.181 0.6000000238
25285  -46.101  -50.439  -35.953 0.6999999881
26194  -47.217  -48.848  -35.459 0.5000000000
115131  -46.149  -50.885  -36.074 0.6000000238
25277  -46.566  -49.761  -35.811 0.6999999881
26202  -44.881  -48.451  -37.055 0.6999999881
26201  -43.706  -48.382  -36.966 0.6999999881
26187  -50.860  -49.772  -33.882 0.5000000000
25276  -45.683  -49.498  -36.043 0.6000000238
17997  -42.809  -56.587  -39.435 0.4000000060
19786  -44.783  -55.451  -37.991 0.4000000060
17063  -42.366  -57.834  -37.023 0.4000000060
114070  -44.112  -56.006  -37.417 0.4000000060
121946  -43.656  -55.279  -36.225 0.4000000060
18843  -43.082  -56.495  -36.532 0.4000000060
24366  -49.113  -50.726  -36.220 0.6999999881
21646  -45.559  -52.754  -35.438 0.6000000238
20671  -43.441  -54.016  -35.432 0.6000000238
23485  -44.694  -51.411  -35.825 0.6000000238
24374  -45.841  -50.574  -35.987 0.6000000238
26206  -45.024  -49.432  -36.698 0.6000000238
23483  -42.961  -51.418  -35.762 0.5000000000
19757  -41.505  -55.365  -35.242 0.4000000060
125277  -42.486  -51.052  -35.904 0.6000000238
115964  -40.941  -55.965  -34.860 0.4000000060
108724  -40.678  -54.828  -34.405 0.5000000000
20668  -41.144  -54.581  -34.698 0.5000000000
21642  -41.641  -52.786  -34.442 0.5000000000
23482  -42.097  -51.298  -35.456 0.5000000000
23481  -41.427  -50.709  -35.395 0.5000000000
22574  -42.451  -52.231  -34.822 0.5000000000
23494  -42.909  -50.774  -36.338 0.6000000238
24371  -43.226  -50.252  -36.753 0.5000000000
24370  -42.083  -50.611  -35.988 0.5000000000
25289  -42.528  -49.615  -37.166 0.6999999881
25282  -41.584  -49.431  -37.148 0.6000000238
25288  -41.924  -48.946  -37.397 0.6000000238
20659  -40.114  -54.888  -34.023 0.5000000000
20660  -40.724  -54.154  -34.201 0.5000000000
21636  -41.182  -53.148  -34.087 0.5000000000
22573  -41.599  -51.822  -34.654 0.5000000000
26204  -43.023  -49.095  -37.238 0.6000000238
110202  -41.218  -48.810  -37.170 0.5000000000
26199  -41.518  -48.148  -36.942 0.6000000238
20646  -40.144  -54.198  -33.731 0.5000000000
21625  -40.502  -53.538  -33.688 0.5000000000
23465  -40.896  -51.892  -33.812 0.5000000000
23475  -41.147  -51.349  -34.587 0.5000000000
24362  -41.066  -50.492  -35.021 0.5000000000
26200  -42.455  -48.278  -37.022 0.6000000238
25275  -41.046  -49.812  -35.904 0.5000000000
26198  -40.895  -48.663  -36.808 0.6000000238
20645  -39.705  -54.564  -33.425 0.5000000000
109646  -40.235  -53.059  -33.318 0.5000000000
22551  -40.374  -52.393  -33.223 0.5000000000
111022  -39.878  -52.163  -32.647 0.5000000000
122554  -39.876  -51.184  -32.347 0.6000000238
23464  -40.490  -51.561  -33.203 0.4000000060
24339  -39.884  -50.149  -32.693 0.4000000060
24350  -40.501  -50.636  -33.358 0.5000000000
25269  -40.832  -50.029  -34.466 0.5000000000
24351  -40.871  -51.010  -34.122 0.4000000060
119421  -39.813  -48.859  -32.632 0.4000000060
25246  -40.219  -48.733  -33.410 0.5000000000
25260  -40.572  -49.054  -34.408 0.5000000000
26148  -39.448  -48.493  -32.194 0.4000000060
108148  -40.772  -49.293  -35.476 0.6000000238
26191  -40.614  -48.514  -36.164 0.6000000238
27152  -40.957  -46.743  -36.234 0.6000000238
28158  -40.924  -46.086  -35.653 0.6000000238
114712  -40.388  -49.700  -33.541 0.5000000000
26162  -40.040  -48.130  -32.714 0.5000000000
26163  -40.108  -47.707  -33.432 0.5000000000
26173  -40.145  -48.073  -34.384 0.5000000000
27107  -39.568  -47.660  -32.326 0.4000000060
27125  -40.024  -47.307  -32.807 0.5000000000
27135  -39.895  -46.917  -34.526 0.6000000238
111440  -40.170  -47.576  -35.110 0.6000000238
27143  -40.484  -46.786  -35.490 0.6000000238
27126  -39.880  -46.805  -33.599 0.5000000000
118222  -38.565  -45.401  -31.468 0.3000000119
29028  -39.036  -46.185  -31.705 0.4000000060
28111  -38.948  -47.138  -31.947 0.4000000060
28112  -39.624  -46.766  -32.393 0.5000000000
28130  -40.091  -46.013  -34.138 0.5000000000
28146  -40.537  -45.998  -35.130 0.6000000238
32621  -39.812  -41.384  -31.363 0.3000000119
110021  -39.259  -42.029  -31.061 0.3000000119
31783  -39.546  -42.834  -31.208 0.4000000060
113912  -39.135  -43.555  -31.260 0.4000000060
113071  -39.650  -39.722  -31.252 0.3000000119
34996  -40.548  -38.225  -30.721 0.3000000119
112101  -40.353  -38.799  -30.991 0.3000000119
119695  -40.780  -37.416  -30.447 0.3000000119
36710  -42.003  -36.251  -29.856 0.3000000119
37474  -41.694  -35.567  -29.720 0.3000000119
107738  -41.933  -34.941  -29.383 0.3000000119
38218  -42.218  -34.202  -28.889 0.3000000119
25290  -43.609  -49.820  -36.869 0.5000000000
20661  -41.352  -53.762  -34.545 0.5000000000
125795  -41.019  -49.907  -35.256 0.5000000000
106019  -40.546  -47.627  -35.874 0.6000000238
25272  -51.073  -50.734  -34.152 0.3000000119
24378  -49.685  -51.280  -36.559 0.6000000238
24367  -50.162  -51.220  -35.770 0.6000000238
26164  -52.696  -48.325  -32.430 0.3000000119
26165  -53.281  -48.740  -32.741 0.3000000119
25249  -53.566  -48.972  -33.004 0.3000000119
27139  -53.067  -47.959  -32.975 0.3000000119
25263  -53.476  -49.573  -33.106 0.3000000119
26176  -52.986  -49.341  -33.481 0.3000000119
27138  -52.555  -48.179  -33.359 0.3000000119
24363  -50.492  -51.115  -34.909 0.5000000000
27127  -51.870  -47.784  -32.059 0.3000000119
107112  -52.665  -47.438  -32.508 0.3000000119
27128  -52.974  -47.897  -32.894 0.3000000119
28141  -53.125  -47.254  -33.087 0.3000000119
25262  -53.102  -50.301  -33.375 0.3000000119
25261  -51.859  -50.133  -33.432 0.3000000119
27112  -50.670  -47.714  -31.703 0.3000000119
120675  -52.157  -47.006  -32.169 0.3000000119
28131  -51.816  -46.234  -32.131 0.3000000119
28132  -52.851  -46.456  -32.606 0.3000000119
18890  -45.022  -56.285  -39.957 0.5000000000
19817  -45.810  -55.594  -39.725 0.5000000000
19816  -42.879  -55.689  -40.731 0.4000000060
105797  -43.486  -56.297  -40.182 0.4000000060
18889  -44.245  -56.386  -39.655 0.4000000060
18908  -45.024  -56.512  -40.395 0.5000000000
21686  -48.529  -53.935  -38.404 0.5000000000
20734  -47.310  -54.648  -39.573 0.5000000000
125818  -44.958  -55.969  -39.410 0.5000000000
19800  -46.425  -55.001  -39.266 0.5000000000
21669  -49.822  -53.113  -38.413 0.6000000238
21668  -48.910  -53.222  -38.107 0.6000000238
20699  -47.792  -54.112  -38.073 0.5000000000
20718  -47.075  -54.528  -38.767 0.5000000000
19799  -44.453  -55.928  -38.766 0.3000000119
107659  -45.393  -55.409  -38.815 0.4000000060
20717  -46.082  -54.738  -38.413 0.5000000000
23509  -50.638  -52.407  -37.570 0.6000000238
22597  -48.483  -52.498  -37.685 0.6000000238
21667  -48.151  -53.146  -37.635 0.6000000238
24379  -50.420  -51.701  -36.217 0.6000000238
24364  -51.076  -51.450  -34.398 0.4000000060
21666  -47.416  -53.504  -37.140 0.4000000060
112950  -53.362  -50.480  -33.070 0.3000000119
25247  -53.067  -49.231  -32.342 0.3000000119
24352  -51.787  -50.953  -33.585 0.3000000119
24368  -50.664  -51.622  -35.338 0.5000000000
23507  -48.552  -51.886  -37.551 0.6000000238
23501  -50.211  -51.752  -37.008 0.6000000238
22598  -49.298  -52.553  -37.887 0.6000000238
24365  -51.753  -51.631  -33.770 0.3000000119
22599  -50.385  -52.621  -38.139 0.5000000000
22589  -51.046  -52.745  -37.600 0.5000000000
23502  -50.607  -52.233  -36.799 0.5000000000
22590  -51.264  -53.028  -37.255 0.4000000060
23503  -50.800  -52.584  -36.481 0.5000000000
21670  -51.171  -53.326  -38.282 0.5000000000
22605  -50.734  -53.160  -38.411 0.5000000000
21671  -51.370  -53.616  -37.812 0.4000000060
22580  -50.955  -53.102  -35.931 0.4000000060
23488  -51.048  -52.473  -35.290 0.4000000060
23487  -50.711  -52.055  -35.834 0.5000000000
23476  -51.044  -51.934  -34.773 0.4000000060
14455  -41.868  -61.666  -43.796 0.3000000119
109612  -42.247  -62.202  -43.824 0.3000000119
14456  -42.322  -61.306  -43.152 0.3000000119
15355  -43.631  -60.189  -43.003 0.3000000119
14458  -44.310  -60.508  -42.769 0.4000000060
15354  -42.725  -60.153  -42.835 0.3000000119
16213  -43.280  -59.624  -43.204 0.3000000119
15322  -45.258  -60.803  -41.992 0.4000000060
15357  -45.007  -60.489  -43.110 0.4000000060
16214  -43.927  -59.661  -43.268 0.3000000119
17139  -43.408  -58.872  -43.341 0.3000000119
15323  -45.756  -60.492  -42.019 0.4000000060
16191  -46.470  -59.706  -41.729 0.4000000060
17141  -45.063  -59.364  -43.154 0.4000000060
17140  -44.237  -58.953  -43.324 0.4000000060
17133  -43.880  -58.047  -43.053 0.4000000060
17134  -44.691  -58.214  -43.028 0.4000000060
17091  -47.492  -58.541  -39.827 0.3000000119
107522  -47.401  -58.977  -41.283 0.4000000060
16176  -48.244  -58.702  -41.254 0.4000000060
16208  -46.695  -59.288  -42.081 0.4000000060
18045  -46.699  -57.700  -42.284 0.4000000060
18044  -45.129  -57.453  -42.498 0.4000000060
18043  -44.240  -57.382  -42.299 0.4000000060
18873  -49.244  -56.797  -38.566 0.3000000119
17098  -48.644  -58.335  -40.734 0.4000000060
18036  -48.347  -57.577  -41.544 0.4000000060
123132  -48.578  -58.166  -41.293 0.4000000060
18035  -47.622  -57.693  -42.022 0.4000000060
18931  -47.435  -56.708  -41.466 0.4000000060
114914  -46.777  -56.979  -41.884 0.4000000060
18930  -46.215  -56.382  -41.429 0.4000000060
18034  -45.816  -56.815  -42.198 0.4000000060
18033  -44.662  -56.862  -41.842 0.4000000060
18892  -49.433  -56.344  -39.102 0.4000000060
18912  -48.920  -55.950  -39.781 0.4000000060
18910  -47.888  -55.938  -41.033 0.4000000060
18909  -46.694  -56.033  -40.852 0.4000000060
18929  -45.090  -56.716  -41.028 0.4000000060
18032  -43.735  -56.909  -41.604 0.4000000060
19820  -48.669  -55.234  -39.970 0.4000000060
19819  -47.799  -54.857  -40.357 0.4000000060
114513  -47.255  -55.372  -40.552 0.4000000060
125532  -44.506  -56.688  -40.623 0.4000000060
19838  -46.001  -55.756  -40.334 0.4000000060
20737  -49.205  -54.840  -39.130 0.4000000060
20736  -48.479  -54.610  -39.750 0.4000000060
20719  -48.024  -54.286  -39.284 0.4000000060
20723  -51.179  -54.020  -38.230 0.4000000060
20720  -49.006  -54.427  -38.991 0.4000000060
21656  -51.272  -53.562  -36.750 0.3000000119
22567  -51.608  -52.959  -34.623 0.3000000119
19818  -46.956  -55.029  -40.038 0.4000000060
21689  -50.788  -53.805  -38.438 0.4000000060
23477  -51.659  -52.209  -34.137 0.3000000119
111772  -48.660  -54.332  -39.120 0.4000000060
15342  -45.259  -60.766  -42.559 0.4000000060
15343  -46.012  -60.059  -42.235 0.4000000060
17136  -46.453  -58.589  -42.349 0.4000000060
17135  -45.640  -58.647  -42.767 0.4000000060
17092  -48.269  -58.358  -39.886 0.4000000060
17097  -48.059  -58.824  -40.590 0.4000000060
124751  -48.659  -57.232  -38.656 0.3000000119
17137  -47.394  -58.570  -42.047 0.4000000060
18874  -49.914  -56.237  -38.401 0.3000000119
109037  -48.983  -57.156  -39.279 0.4000000060
18008  -48.857  -57.439  -40.979 0.4000000060
18911  -48.624  -56.165  -40.678 0.4000000060
19821  -49.412  -55.537  -39.155 0.4000000060
20745  -48.258  -54.797  -40.228 0.4000000060
109313  -45.712  -56.302  -40.696 0.4000000060
20735  -47.966  -54.485  -40.026 0.4000000060
20721  -50.040  -54.377  -38.653 0.4000000060
120616  -45.103  -59.267  -39.790 0.3000000119
15303  -43.814  -60.220  -40.583 0.3000000119
15320  -43.672  -60.593  -41.118 0.3000000119
15304  -44.940  -60.263  -41.253 0.3000000119
105192  -45.398  -59.647  -40.741 0.3000000119
15321  -44.251  -60.267  -41.611 0.3000000119
15305  -45.754  -60.278  -41.583 0.3000000119
16161  -45.872  -58.983  -40.048 0.3000000119
16175  -46.350  -59.388  -41.103 0.3000000119
17096  -46.959  -58.787  -40.379 0.3000000119
109051  -50.327  -55.740  -38.284 0.3000000119
19802  -50.571  -55.153  -38.269 0.3000000119
20700  -50.912  -54.510  -38.120 0.3000000119
20701  -51.213  -54.241  -37.941 0.3000000119
19822  -50.125  -55.076  -38.629 0.3000000119
14422  -44.781  -60.884  -42.545 0.4000000060
15341  -43.726  -60.238  -41.675 0.3000000119
15356  -44.477  -60.433  -43.090 0.4000000060
16192  -47.852  -58.836  -41.665 0.4000000060
16206  -42.813  -59.383  -43.126 0.3000000119
16207  -45.640  -59.909  -42.792 0.4000000060
16209  -47.196  -59.002  -41.669 0.4000000060
16215  -44.604  -59.838  -43.200 0.4000000060
17120  -48.138  -58.374  -41.698 0.4000000060
17962  -42.231  -57.591  -36.394 0.4000000060
17964  -43.582  -56.719  -37.280 0.4000000060
17985  -48.441  -57.743  -39.170 0.3000000119
17998  -48.893  -57.793  -40.064 0.4000000060
18042  -43.552  -57.465  -42.057 0.4000000060
18826  -43.029  -55.753  -36.093 0.4000000060
18891  -48.848  -56.774  -39.945 0.4000000060
18932  -48.393  -56.730  -41.232 0.4000000060
19756  -40.963  -55.229  -34.711 0.4000000060
19801  -50.057  -55.697  -38.577 0.3000000119
19815  -41.878  -55.748  -40.596 0.4000000060
19839  -48.184  -55.290  -40.581 0.4000000060
20644  -39.389  -54.997  -33.057 0.5000000000
20673  -45.231  -53.802  -35.487 0.6000000238
20698  -46.814  -54.273  -37.768 0.4000000060
20722  -50.731  -54.498  -38.327 0.3000000119
21643  -42.931  -53.204  -35.089 0.6000000238
21687  -49.215  -53.864  -38.614 0.5000000000
21688  -50.008  -53.761  -38.612 0.4000000060
22552  -40.826  -52.739  -33.657 0.5000000000
22566  -41.245  -52.232  -34.169 0.5000000000
22578  -45.901  -52.068  -35.578 0.6000000238
22579  -46.558  -51.918  -35.876 0.6000000238
22587  -47.212  -51.824  -36.578 0.6000000238
22600  -51.071  -52.863  -38.157 0.5000000000
23508  -49.744  -52.070  -37.569 0.6000000238
24369  -41.489  -49.893  -36.345 0.6000000238
24372  -43.836  -50.674  -36.588 0.6999999881
24373  -44.718  -50.534  -36.596 0.6000000238
25248  -53.487  -49.290  -32.811 0.3000000119
25259  -39.953  -49.420  -32.864 0.5000000000
25281  -41.038  -49.295  -36.778 0.5000000000
25283  -42.252  -50.115  -36.678 0.5000000000
25291  -44.560  -49.973  -36.748 0.6000000238
26177  -53.362  -48.794  -33.122 0.3000000119
26183  -40.424  -48.405  -35.246 0.6000000238
26205  -44.183  -49.235  -36.837 0.6999999881
27129  -53.201  -48.381  -32.986 0.3000000119
27156  -40.893  -47.792  -36.586 0.6000000238
27158  -41.908  -47.485  -36.592 0.6999999881
27159  -43.093  -47.618  -36.570 0.6000000238
28133  -53.244  -46.979  -32.996 0.3000000119
28139  -52.151  -47.065  -33.652 0.4000000060
28159  -41.073  -45.941  -35.593 0.6000000238
28166  -40.889  -46.568  -35.901 0.6999999881
28167  -41.544  -46.670  -36.183 0.6999999881
29048  -53.883  -45.428  -33.469 0.4000000060
29055  -54.000  -44.938  -33.710 0.5000000000
29061  -40.869  -45.382  -34.982 0.6000000238
29995  -41.093  -44.175  -32.691 0.5000000000
30000  -54.227  -44.488  -33.574 0.3000000119
30012  -41.841  -44.797  -35.035 0.6000000238
30019  -53.749  -44.343  -34.051 0.5000000000
30024  -41.815  -44.921  -35.127 0.6999999881
30906  -42.063  -43.658  -33.789 0.6000000238
30907  -54.139  -43.164  -33.352 0.4000000060
30912  -54.340  -43.056  -33.893 0.3000000119
30927  -52.838  -42.943  -34.083 0.4000000060
30931  -43.778  -43.349  -34.698 0.5000000000
32660  -52.045  -41.034  -34.680 0.3000000119
34149  -39.837  -39.054  -31.099 0.3000000119
34159  -42.569  -39.743  -32.450 0.5000000000
34177  -44.203  -39.743  -33.585 0.4000000060
34179  -46.971  -39.556  -34.482 0.5000000000
35016  -44.693  -38.430  -32.866 0.4000000060
35030  -52.911  -37.759  -34.114 0.3000000119
35039  -52.834  -38.134  -34.437 0.3000000119
35912  -45.400  -37.555  -33.139 0.4000000060
36721  -41.441  -36.752  -30.212 0.3000000119
36749  -45.604  -37.351  -33.501 0.4000000060
36751  -52.602  -36.402  -33.731 0.3000000119
36752  -52.587  -36.399  -33.973 0.3000000119
38972  -42.627  -33.791  -28.684 0.4000000060
104821  -53.443  -49.901  -32.715 0.3000000119
105505  -48.012  -39.612  -34.726 0.4000000060
105507  -45.900  -40.652  -34.323 0.5000000000
107419  -48.439  -54.459  -39.603 0.4000000060
111030  -52.459  -35.816  -33.492 0.4000000060
113661  -40.772  -49.166  -36.391 0.5000000000
114280  -52.554  -37.610  -34.390 0.3000000119
114799  -40.463  -45.896  -33.137 0.6000000238
116202  -47.645  -43.758  -35.285 0.6000000238
120758  -51.302  -44.710  -34.482 0.6000000238
121346  -44.826  -60.962  -42.978 0.4000000060
121598  -45.424  -50.582  -36.219 0.6000000238
123795  -51.292  -53.042  -38.011 0.5000000000
123864  -45.974  -57.724  -42.538 0.4000000060
123994  -46.141  -59.365  -42.447 0.4000000060
124942  -41.425  -52.489  -34.274 0.5000000000
126737  -41.135  -48.166  -36.845 0.6000000238
127052  -46.016  -44.667  -35.518 0.6999999881
