#!ascii label  , from subject 001 vox2ras=TkReg
1443
119521  -34.839  -40.143  -33.581 0.5000000000
33418  -34.024  -40.648  -33.835 0.4000000060
32642  -33.375  -41.306  -33.906 0.6000000238
34167  -33.783  -39.587  -33.707 0.6000000238
107290  -35.580  -38.869  -34.236 0.6000000238
126048  -36.151  -37.878  -34.659 0.6000000238
33417  -32.874  -40.381  -33.542 0.6999999881
32641  -32.224  -41.314  -33.435 0.6999999881
113745  -33.452  -38.819  -33.625 0.6999999881
35022  -34.473  -38.812  -33.768 0.6999999881
105300  -35.217  -38.172  -34.092 0.6999999881
108041  -36.475  -37.306  -34.678 0.5000000000
35919  -35.541  -37.320  -34.186 0.6999999881
35031  -36.828  -37.969  -34.957 0.5000000000
26093  -28.870  -48.725  -26.581 0.5000000000
34166  -32.932  -39.315  -33.397 0.6999999881
35918  -34.388  -37.434  -33.548 0.6999999881
35020  -33.001  -38.278  -33.095 0.6999999881
35021  -33.882  -38.191  -33.513 0.6999999881
35917  -33.256  -37.439  -33.062 0.6999999881
37513  -36.631  -35.936  -33.875 0.6000000238
30879  -34.203  -42.906  -31.749 0.6999999881
32607  -33.750  -41.509  -31.624 0.6999999881
34156  -32.458  -39.932  -33.146 0.6999999881
33408  -32.334  -40.478  -32.725 0.6999999881
27043  -28.998  -47.947  -26.388 0.6000000238
25176  -27.176  -49.111  -26.931 0.4000000060
36745  -34.880  -36.646  -33.598 0.6999999881
106934  -35.506  -35.875  -33.540 0.6999999881
37512  -34.148  -35.938  -33.178 0.6999999881
37503  -37.198  -35.379  -33.340 0.6000000238
30881  -35.256  -43.123  -30.345 0.6999999881
31771  -34.827  -42.629  -31.171 0.6999999881
31769  -32.918  -41.871  -31.811 0.6999999881
32608  -34.712  -41.813  -31.195 0.6999999881
28048  -30.830  -46.889  -26.468 0.6000000238
122244  -33.638  -40.915  -31.647 0.6999999881
34146  -32.604  -39.817  -32.475 0.6999999881
32606  -32.892  -41.143  -31.921 0.6999999881
111215  -34.526  -41.062  -31.338 0.6999999881
26106  -26.656  -48.462  -27.236 0.5000000000
26107  -27.428  -48.271  -26.930 0.5000000000
36743  -32.546  -36.577  -32.461 0.6999999881
106286  -34.097  -40.354  -31.519 0.6999999881
25175  -26.350  -49.267  -27.264 0.4000000060
36744  -33.569  -36.711  -33.111 0.6999999881
127011  -32.851  -38.390  -32.453 0.6999999881
33392  -33.187  -40.393  -31.810 0.6999999881
25174  -25.387  -49.390  -27.343 0.4000000060
35907  -32.734  -37.501  -32.278 0.6999999881
34139  -33.423  -39.639  -31.683 0.6999999881
34140  -34.365  -39.555  -31.399 0.6999999881
37511  -32.690  -36.042  -32.733 0.6999999881
35888  -32.422  -36.834  -31.362 0.6999999881
34992  -33.110  -37.738  -31.606 0.6999999881
37502  -34.915  -35.111  -33.061 0.6999999881
36727  -31.336  -36.271  -31.631 0.6999999881
38242  -36.796  -34.639  -32.928 0.6000000238
38240  -34.266  -34.371  -32.744 0.6999999881
108187  -37.349  -31.779  -31.541 0.5000000000
116561  -37.401  -32.701  -31.889 0.5000000000
39759  -38.185  -33.357  -31.565 0.4000000060
39758  -37.819  -32.679  -31.635 0.5000000000
123073  -35.319  -41.265  -30.354 0.6999999881
28946  -30.568  -45.513  -26.192 0.6000000238
34138  -32.886  -39.760  -31.941 0.6999999881
27061  -28.599  -47.102  -26.574 0.5000000000
33393  -35.165  -40.358  -30.948 0.6999999881
37501  -33.453  -35.219  -32.811 0.6999999881
116717  -30.871  -36.080  -31.899 0.6999999881
39756  -35.375  -32.238  -31.865 0.6999999881
38241  -35.633  -34.212  -32.919 0.6999999881
39767  -35.937  -32.836  -32.620 0.6999999881
118722  -35.595  -33.295  -32.793 0.6999999881
39757  -36.589  -32.271  -31.860 0.6999999881
30833  -34.035  -44.454  -25.919 0.6999999881
30834  -34.523  -43.813  -26.405 0.6999999881
30835  -35.236  -43.156  -26.946 0.8000000119
120794  -35.847  -42.064  -27.910 0.8000000119
29909  -33.140  -44.803  -25.780 0.6000000238
123214  -33.375  -44.078  -25.598 0.6000000238
31755  -35.666  -42.292  -28.574 0.8000000119
30832  -32.539  -43.896  -25.700 0.6000000238
32597  -35.570  -41.766  -29.361 0.6999999881
28947  -31.673  -45.545  -26.080 0.6000000238
29908  -32.026  -44.625  -25.868 0.6000000238
28067  -29.524  -46.026  -26.645 0.6000000238
28969  -29.739  -45.439  -26.687 0.6000000238
27060  -27.693  -47.368  -26.935 0.5000000000
28066  -28.782  -46.128  -26.844 0.6000000238
123255  -35.600  -40.615  -29.940 0.6999999881
37500  -31.942  -35.393  -32.381 0.6999999881
36735  -31.769  -36.460  -31.997 0.6999999881
113124  -33.439  -37.838  -31.393 0.6999999881
39766  -34.694  -32.918  -32.385 0.8000000119
39006  -34.846  -33.647  -32.702 0.6999999881
37510  -31.377  -36.093  -32.226 0.6999999881
40508  -34.792  -31.554  -31.468 0.8000000119
38239  -32.796  -34.500  -32.438 0.6999999881
37499  -30.850  -35.639  -31.943 0.6999999881
39744  -38.149  -32.233  -31.238 0.5000000000
40498  -38.098  -31.562  -31.052 0.5000000000
39745  -38.766  -32.682  -30.754 0.4000000060
31730  -34.030  -43.731  -25.584 0.6000000238
31732  -35.298  -42.421  -26.249 0.8000000119
109617  -35.632  -42.239  -27.168 0.8999999762
30817  -33.162  -43.365  -25.517 0.6000000238
32578  -35.897  -41.503  -27.642 0.8000000119
111545  -36.033  -41.170  -28.264 0.8000000119
33378  -36.137  -40.749  -28.497 0.8000000119
29907  -30.932  -44.694  -25.897 0.6000000238
29927  -29.938  -44.767  -26.465 0.6000000238
33384  -35.941  -40.401  -29.279 0.8000000119
28065  -28.006  -46.442  -27.037 0.6000000238
28968  -29.042  -45.358  -27.009 0.6000000238
29926  -29.266  -44.762  -27.053 0.6000000238
34132  -36.055  -39.142  -30.205 0.6999999881
111234  -26.906  -47.655  -27.157 0.5000000000
34995  -35.484  -38.487  -30.836 0.6999999881
27058  -25.631  -47.584  -27.602 0.5000000000
27059  -26.296  -47.180  -27.415 0.5000000000
35890  -34.620  -37.780  -31.223 0.6999999881
34994  -34.473  -38.672  -31.293 0.6999999881
39755  -33.802  -32.190  -31.843 0.8000000119
39005  -33.700  -33.673  -32.370 0.8000000119
38233  -31.020  -34.912  -31.552 0.6999999881
36716  -31.461  -36.236  -31.368 0.6999999881
39004  -32.245  -33.747  -32.063 0.6999999881
40510  -37.756  -31.881  -31.426 0.5000000000
31716  -33.879  -42.874  -25.433 0.6999999881
32549  -33.729  -41.965  -25.141 0.6999999881
31717  -34.662  -42.355  -25.539 0.6999999881
31718  -35.241  -41.881  -25.738 0.8000000119
32567  -35.643  -41.549  -26.550 0.8000000119
32550  -34.665  -41.599  -25.227 0.8000000119
34113  -36.349  -40.242  -26.915 0.8000000119
30831  -31.421  -43.667  -25.849 0.6000000238
30830  -30.251  -43.910  -26.105 0.6000000238
34125  -36.298  -40.191  -28.750 0.6999999881
28967  -28.266  -45.491  -27.282 0.6000000238
34985  -36.156  -38.231  -30.135 0.8000000119
34986  -36.442  -38.866  -29.370 0.6999999881
111889  -27.577  -45.930  -27.291 0.6000000238
113423  -36.670  -38.031  -29.435 0.8000000119
28063  -25.636  -46.760  -27.747 0.4000000060
35891  -35.560  -37.581  -30.784 0.6999999881
26117  -23.712  -48.618  -28.475 0.4000000060
118869  -33.502  -36.195  -30.876 0.6999999881
118394  -34.821  -37.073  -31.093 0.6999999881
39765  -33.092  -32.983  -31.932 0.8000000119
38238  -31.413  -34.709  -32.007 0.8000000119
36717  -32.402  -36.331  -31.024 0.6999999881
38225  -31.182  -34.923  -31.262 0.6999999881
106282  -35.900  -31.706  -31.435 0.6999999881
40509  -36.706  -31.453  -31.373 0.5000000000
41239  -38.971  -30.366  -30.072 0.5000000000
118488  -37.826  -31.315  -31.095 0.5000000000
40483  -39.455  -31.063  -30.158 0.4000000060
112254  -34.009  -41.282  -24.842 0.6999999881
32551  -35.389  -41.232  -25.541 0.8000000119
33364  -35.869  -40.757  -26.234 0.8000000119
30816  -32.239  -43.013  -25.712 0.6999999881
31714  -31.339  -42.630  -25.875 0.6999999881
34119  -36.831  -39.658  -27.487 0.8000000119
108869  -30.599  -42.998  -26.193 0.6000000238
122339  -29.842  -43.287  -26.490 0.6000000238
106137  -37.003  -38.979  -27.916 0.8000000119
34126  -36.623  -39.508  -28.517 0.8000000119
118440  -27.551  -45.327  -27.510 0.6000000238
29925  -28.568  -44.609  -27.416 0.6000000238
36707  -35.459  -36.710  -30.689 0.8000000119
123137  -26.289  -46.444  -27.516 0.5000000000
38213  -34.038  -34.178  -30.272 0.8000000119
36718  -34.517  -36.370  -30.940 0.6999999881
28078  -25.199  -46.382  -28.347 0.4000000060
40507  -33.318  -31.505  -31.624 0.8000000119
39764  -31.825  -32.969  -31.725 0.8000000119
114508  -31.257  -34.084  -31.125 0.8000000119
37482  -32.789  -35.590  -30.719 0.6999999881
38998  -31.476  -33.976  -31.474 0.8000000119
37481  -31.507  -35.656  -31.089 0.6999999881
118207  -31.372  -33.190  -31.229 0.8000000119
41266  -34.202  -30.984  -31.044 0.8000000119
39753  -31.508  -32.360  -31.485 0.8000000119
41257  -36.869  -30.714  -30.536 0.6000000238
120632  -36.565  -31.017  -30.999 0.6000000238
41238  -38.228  -30.333  -30.379 0.5000000000
108822  -33.290  -41.279  -24.908 0.6000000238
33349  -35.520  -40.531  -25.305 0.6999999881
32547  -31.958  -42.140  -25.508 0.6000000238
34114  -36.814  -39.648  -26.344 0.6999999881
32548  -32.670  -41.651  -25.160 0.6000000238
33346  -32.590  -40.768  -24.902 0.6000000238
31729  -30.599  -42.205  -26.174 0.6000000238
115011  -28.892  -44.187  -27.323 0.6000000238
31743  -29.899  -42.539  -26.508 0.6000000238
34975  -37.295  -38.922  -26.899 0.6999999881
29924  -27.816  -44.702  -27.645 0.5000000000
35872  -37.148  -37.766  -28.822 0.8000000119
28989  -27.018  -44.811  -27.779 0.3000000119
36708  -36.746  -36.419  -29.624 0.8000000119
35880  -36.876  -37.296  -29.424 0.8000000119
37484  -35.271  -35.749  -30.614 0.8000000119
122605  -36.022  -36.338  -30.241 0.8000000119
39754  -32.291  -32.180  -32.029 0.8000000119
125841  -31.248  -34.367  -31.001 0.8000000119
37469  -33.425  -34.873  -30.480 0.8000000119
37483  -34.108  -35.580  -30.766 0.6999999881
38991  -31.287  -33.071  -31.061 0.8000000119
41267  -35.689  -31.007  -31.112 0.6999999881
41237  -37.593  -30.443  -30.354 0.6000000238
123891  -39.621  -30.520  -29.414 0.3000000119
33347  -33.535  -40.624  -24.690 0.6000000238
34097  -33.920  -39.827  -24.594 0.6999999881
34098  -35.086  -39.791  -24.795 0.6999999881
34099  -35.788  -39.407  -24.916 0.6999999881
121383  -27.721  -41.195  -29.553 0.5000000000
32566  -31.119  -41.803  -25.803 0.6000000238
33345  -31.681  -41.143  -25.394 0.6000000238
34970  -37.263  -38.985  -25.791 0.6999999881
30846  -28.807  -43.496  -27.447 0.5000000000
110794  -30.747  -41.044  -25.877 0.6000000238
110131  -37.633  -38.031  -26.864 0.6999999881
30857  -27.309  -43.414  -28.554 0.3000000119
30845  -28.366  -43.760  -27.659 0.5000000000
36689  -37.712  -36.600  -28.121 0.8000000119
35873  -37.404  -37.372  -28.265 0.8000000119
108795  -35.551  -34.991  -30.335 0.8999999762
37472  -36.785  -35.408  -29.411 0.8999999762
36709  -37.333  -36.052  -28.929 0.8000000119
28965  -25.803  -45.936  -27.860 0.4000000060
37470  -34.713  -34.886  -30.558 0.8999999762
106689  -36.157  -34.734  -29.849 0.8999999762
40496  -32.601  -31.012  -31.512 0.8000000119
40506  -31.971  -31.601  -32.026 0.8000000119
38212  -31.633  -33.811  -30.798 0.8000000119
37468  -32.020  -34.746  -30.820 0.8000000119
41256  -35.035  -30.192  -30.982 0.6999999881
42076  -36.150  -30.158  -30.384 0.6000000238
42061  -38.473  -29.782  -29.642 0.6000000238
34096  -32.774  -39.719  -24.732 0.6000000238
34089  -35.112  -38.849  -24.660 0.6999999881
109452  -31.881  -40.066  -25.243 0.6000000238
34090  -35.977  -38.770  -24.750 0.6999999881
33363  -30.968  -40.269  -25.619 0.6000000238
34956  -36.782  -38.587  -25.057 0.8000000119
32588  -28.767  -41.625  -27.786 0.6000000238
31742  -29.357  -42.100  -27.073 0.5000000000
33362  -30.365  -40.367  -26.144 0.6000000238
34100  -36.507  -39.318  -25.368 0.6999999881
35857  -38.160  -37.311  -26.772 0.8000000119
31760  -27.662  -42.580  -28.758 0.4000000060
29945  -27.844  -43.911  -27.838 0.4000000060
35865  -37.732  -37.383  -27.528 0.8000000119
38215  -36.007  -34.002  -29.728 0.8000000119
37458  -37.750  -35.660  -28.312 0.8000000119
38968  -33.937  -32.928  -29.340 0.8999999762
123783  -37.278  -35.265  -28.853 0.8000000119
38980  -34.512  -33.573  -29.834 0.8000000119
40505  -31.378  -31.801  -31.359 0.8000000119
39730  -32.030  -31.950  -30.566 0.8000000119
119870  -32.774  -34.197  -30.389 0.6999999881
40495  -31.557  -31.139  -31.406 0.8000000119
38978  -31.728  -32.886  -30.645 0.8000000119
42074  -34.545  -29.662  -30.462 0.8000000119
42059  -36.843  -30.160  -29.942 0.6999999881
42862  -37.506  -28.362  -29.396 0.6000000238
42846  -38.391  -28.281  -29.198 0.6000000238
43647  -38.852  -27.391  -29.053 0.6000000238
34946  -34.262  -38.072  -24.531 0.8000000119
34123  -28.371  -39.670  -28.872 0.5000000000
34957  -37.450  -38.260  -25.474 0.8000000119
118211  -37.947  -37.848  -26.102 0.6999999881
33377  -28.690  -40.566  -27.862 0.5000000000
32565  -30.146  -40.982  -26.438 0.5000000000
35842  -36.784  -37.671  -24.739 0.8000000119
35843  -37.579  -37.362  -25.389 0.8000000119
32587  -28.208  -41.175  -28.689 0.5000000000
36674  -38.115  -37.053  -26.060 0.8000000119
35858  -38.276  -36.694  -27.291 0.8000000119
120454  -38.508  -36.141  -27.040 0.8000000119
116017  -38.257  -35.996  -27.593 0.8000000119
38204  -36.877  -34.385  -29.175 0.8000000119
120393  -35.412  -33.605  -29.703 0.8000000119
40494  -30.966  -31.463  -31.076 0.8000000119
39731  -32.914  -32.528  -29.798 0.8000000119
41255  -33.554  -30.412  -30.688 0.8000000119
41254  -31.978  -30.512  -30.927 0.8000000119
42075  -35.523  -29.739  -30.597 0.6999999881
112530  -37.063  -29.303  -29.631 0.6999999881
42878  -35.199  -28.936  -30.334 0.6999999881
42058  -36.068  -29.304  -29.990 0.6999999881
42861  -36.567  -28.345  -29.572 0.6999999881
116366  -37.083  -27.620  -29.389 0.6999999881
35829  -33.443  -37.326  -24.684 0.8000000119
34955  -32.584  -38.626  -24.778 0.6000000238
35830  -34.373  -37.167  -24.512 0.8000000119
119896  -28.448  -35.721  -28.714 0.6000000238
35870  -29.142  -37.385  -28.626 0.5000000000
34112  -31.174  -39.351  -25.528 0.6000000238
34954  -31.893  -38.143  -25.101 0.6000000238
117965  -35.925  -37.533  -24.459 0.8000000119
36696  -27.447  -35.217  -29.049 0.6000000238
36697  -29.631  -36.142  -28.150 0.6000000238
35863  -30.368  -37.358  -27.682 0.5000000000
107533  -30.463  -38.667  -26.440 0.5000000000
37424  -27.311  -35.792  -26.222 0.5000000000
37425  -27.967  -35.489  -26.924 0.5000000000
37442  -28.148  -35.665  -27.933 0.6000000238
37457  -29.348  -35.647  -27.909 0.6000000238
34117  -29.411  -39.246  -27.384 0.5000000000
34974  -30.052  -38.363  -27.459 0.5000000000
35832  -37.010  -36.744  -24.776 0.8000000119
36662  -38.296  -36.263  -25.842 0.8000000119
38179  -28.470  -34.647  -26.396 0.5000000000
34118  -29.926  -39.141  -26.824 0.5000000000
37409  -26.063  -35.475  -25.487 0.4000000060
109718  -29.760  -40.037  -26.747 0.5000000000
37430  -38.523  -35.818  -26.425 0.6999999881
38205  -37.517  -34.092  -28.498 0.8000000119
37446  -38.189  -35.184  -27.704 0.8000000119
38195  -38.494  -34.661  -27.084 0.6999999881
39720  -34.529  -32.410  -28.922 0.8000000119
38969  -36.154  -33.295  -29.352 0.8000000119
38194  -38.045  -34.321  -27.841 0.8000000119
38970  -37.160  -33.416  -28.869 0.8000000119
39722  -36.712  -32.587  -28.884 0.8000000119
124447  -31.935  -29.928  -30.781 0.8999999762
41253  -30.715  -30.480  -31.086 0.8999999762
40482  -31.739  -31.235  -30.248 0.8000000119
41236  -30.660  -30.550  -30.797 1.0000000000
39718  -32.811  -31.793  -29.507 0.8000000119
42877  -34.192  -28.976  -30.017 0.6999999881
36660  -32.712  -36.580  -24.996 0.8000000119
38192  -29.531  -35.069  -27.340 0.6000000238
35840  -31.926  -36.670  -25.618 0.6000000238
35841  -32.450  -37.532  -24.910 0.6000000238
35831  -35.251  -36.992  -24.371 0.8000000119
36650  -35.415  -36.131  -24.453 0.8000000119
37426  -28.710  -35.135  -27.048 0.5000000000
37443  -28.800  -35.489  -27.709 0.6000000238
36687  -30.444  -36.378  -27.663 0.6000000238
35855  -31.329  -37.214  -26.185 0.6000000238
107434  -36.144  -36.853  -24.402 0.8000000119
36652  -37.380  -36.043  -24.790 0.6999999881
36672  -31.339  -36.363  -26.350 0.6000000238
35856  -31.727  -37.502  -25.488 0.6000000238
116338  -26.888  -35.342  -25.585 0.4000000060
38167  -29.128  -34.101  -26.032 0.4000000060
38181  -29.656  -33.977  -27.218 0.4000000060
37413  -38.435  -35.409  -25.535 0.6999999881
38166  -27.972  -34.358  -25.552 0.4000000060
37427  -30.835  -34.639  -26.981 0.4000000060
123360  -38.645  -35.019  -26.360 0.6999999881
38930  -29.469  -33.780  -25.882 0.4000000060
38932  -30.257  -33.296  -26.618 0.5000000000
38962  -38.363  -33.675  -27.209 0.6999999881
38929  -28.286  -33.756  -25.050 0.3000000119
38931  -29.816  -33.451  -26.529 0.5000000000
126777  -30.520  -33.413  -27.086 0.5000000000
39721  -35.584  -32.305  -28.980 0.8000000119
39723  -37.408  -32.808  -28.490 0.8000000119
126504  -38.156  -33.114  -27.594 0.8000000119
38961  -37.826  -33.432  -28.090 0.8000000119
42072  -31.124  -29.837  -31.021 0.8000000119
41222  -31.654  -30.498  -29.549 0.8000000119
41209  -32.976  -30.675  -28.715 0.8000000119
40469  -33.542  -31.469  -28.702 0.8000000119
109706  -34.827  -31.866  -28.705 0.8000000119
40471  -35.452  -31.444  -28.550 0.8000000119
41265  -30.294  -29.845  -30.960 1.0000000000
40470  -34.468  -31.263  -28.471 0.8000000119
42073  -33.098  -29.632  -30.471 0.8000000119
42044  -31.368  -29.539  -29.361 0.8000000119
40460  -33.788  -30.824  -28.449 0.8000000119
109166  -33.138  -28.837  -30.040 0.8999999762
118895  -34.815  -28.323  -30.020 0.6999999881
42860  -35.582  -28.088  -29.767 0.6999999881
43663  -36.256  -27.331  -29.410 0.6999999881
43665  -37.890  -27.337  -29.345 0.6999999881
111656  -37.790  -26.164  -29.653 0.6999999881
43664  -37.011  -26.769  -29.477 0.6999999881
44502  -39.672  -25.840  -29.319 0.6000000238
117220  -38.744  -25.972  -29.577 0.6000000238
36648  -33.573  -36.459  -24.750 0.8000000119
36649  -34.541  -36.327  -24.578 0.8000000119
37444  -30.083  -35.593  -27.638 0.5000000000
108288  -32.297  -35.893  -25.455 0.8000000119
37412  -32.896  -35.376  -25.065 0.8000000119
111493  -32.973  -35.971  -24.987 0.8000000119
38191  -29.222  -34.752  -27.058 0.5000000000
37445  -30.659  -35.523  -27.172 0.6000000238
37428  -31.192  -35.499  -26.447 0.5000000000
36651  -36.426  -35.957  -24.408 0.6999999881
38946  -29.619  -33.593  -26.789 0.4000000060
38182  -30.403  -33.826  -27.239 0.5000000000
120997  -31.684  -35.513  -25.859 0.6999999881
36673  -31.711  -35.967  -25.925 0.6999999881
37397  -35.589  -35.275  -24.454 0.6999999881
37398  -37.080  -35.497  -24.465 0.6999999881
37399  -37.870  -35.319  -24.765 0.6999999881
123491  -38.064  -35.974  -25.196 0.6999999881
37400  -38.623  -34.482  -25.574 0.6999999881
38935  -38.807  -33.588  -25.550 0.6999999881
39682  -30.449  -33.489  -25.650 0.5000000000
38949  -38.681  -33.227  -26.365 0.6999999881
39680  -29.478  -33.718  -25.442 0.4000000060
39681  -29.904  -33.494  -25.753 0.4000000060
40473  -37.243  -32.124  -28.370 0.8000000119
39712  -38.421  -32.789  -27.157 0.6999999881
40472  -36.389  -31.755  -28.567 0.8000000119
41212  -36.651  -30.124  -27.729 0.6999999881
41208  -32.439  -29.917  -28.710 0.8000000119
41224  -35.236  -30.651  -28.320 0.8000000119
104903  -31.861  -29.130  -30.649 0.8999999762
114434  -30.779  -29.195  -30.738 0.8999999762
42057  -30.557  -29.451  -30.606 0.8000000119
42043  -30.626  -29.045  -29.851 0.8000000119
42034  -32.130  -29.163  -28.690 0.8000000119
42876  -32.542  -28.098  -30.158 0.8000000119
42859  -33.899  -28.007  -29.854 0.8999999762
118315  -34.823  -27.645  -29.805 0.8000000119
43648  -39.740  -27.274  -28.630 0.4000000060
43662  -35.323  -27.091  -29.534 0.8000000119
44499  -36.079  -26.352  -29.669 0.6999999881
45384  -39.563  -25.005  -30.546 0.5000000000
37395  -33.729  -35.707  -24.795 0.6999999881
113389  -32.700  -34.659  -25.074 0.6999999881
38152  -34.894  -34.595  -24.700 0.6999999881
109856  -31.867  -34.162  -25.135 0.6000000238
38151  -33.814  -34.789  -24.784 0.6999999881
114422  -36.450  -35.100  -24.302 0.6999999881
38155  -37.226  -34.969  -24.338 0.6999999881
38156  -37.801  -34.388  -24.358 0.6999999881
124796  -38.359  -34.733  -24.960 0.6999999881
39683  -31.144  -33.583  -25.120 0.5000000000
38919  -38.601  -33.882  -24.794 0.6999999881
39660  -30.357  -33.402  -24.920 0.4000000060
39685  -39.026  -32.740  -25.609 0.6999999881
40417  -29.510  -32.555  -23.926 0.3000000119
123421  -29.872  -33.299  -24.616 0.3000000119
39661  -30.937  -33.103  -24.622 0.5000000000
41225  -36.251  -30.828  -28.240 0.6999999881
39711  -37.907  -32.549  -27.878 0.6999999881
122111  -39.103  -32.049  -25.736 0.6999999881
121491  -37.078  -31.354  -28.120 0.6999999881
40462  -38.361  -31.850  -27.306 0.6999999881
40461  -37.717  -31.163  -27.603 0.6999999881
120861  -35.843  -30.088  -28.055 0.6999999881
42033  -31.346  -28.879  -29.203 0.8000000119
125128  -32.956  -29.473  -28.337 0.8000000119
41210  -33.531  -30.083  -28.377 0.8000000119
41223  -34.356  -30.450  -28.330 0.8000000119
42035  -33.745  -29.380  -28.186 0.8000000119
42874  -30.807  -28.569  -30.331 0.8000000119
43661  -33.206  -27.076  -30.002 0.8000000119
43676  -32.151  -27.337  -30.118 0.8000000119
42875  -31.383  -28.292  -30.465 0.8999999762
118999  -34.326  -27.015  -29.794 0.8999999762
44498  -34.932  -26.295  -29.852 0.8000000119
45366  -36.593  -25.410  -30.360 0.8000000119
45368  -39.149  -25.334  -30.184 0.6000000238
44500  -36.941  -25.980  -29.790 0.6999999881
45367  -37.384  -25.355  -30.505 0.6999999881
118752  -37.039  -24.953  -31.042 0.6999999881
118397  -33.434  -33.178  -24.457 0.6000000238
38915  -33.594  -33.952  -24.615 0.6000000238
116774  -34.330  -34.056  -24.609 0.6999999881
113715  -35.083  -33.824  -24.521 0.6999999881
38153  -35.780  -34.484  -24.333 0.6999999881
38933  -31.008  -34.086  -25.823 0.5000000000
38918  -36.020  -33.715  -24.016 0.6999999881
38154  -36.753  -34.408  -24.028 0.6999999881
38934  -32.815  -33.824  -24.725 0.6000000238
39659  -29.170  -33.261  -24.687 0.3000000119
39662  -31.836  -32.836  -24.415 0.5000000000
39684  -32.053  -33.550  -24.704 0.5000000000
39664  -33.871  -32.493  -24.306 0.6000000238
40419  -31.352  -32.213  -24.155 0.4000000060
109390  -32.885  -32.375  -24.244 0.6000000238
38920  -39.095  -32.961  -24.882 0.6999999881
40450  -38.829  -31.550  -26.425 0.6999999881
41161  -31.490  -30.597  -24.004 0.3000000119
41213  -37.623  -30.387  -27.418 0.6999999881
118991  -34.257  -29.841  -28.202 0.8000000119
42036  -34.665  -29.353  -27.861 0.8000000119
42037  -35.640  -29.478  -27.662 0.6999999881
125471  -36.166  -29.795  -27.739 0.6999999881
41198  -37.078  -29.774  -27.363 0.6999999881
42835  -31.890  -28.434  -28.822 0.8000000119
42837  -34.127  -28.743  -27.947 0.8000000119
44514  -32.263  -26.861  -29.757 0.8000000119
43646  -31.243  -27.916  -29.578 0.8000000119
43637  -31.482  -28.097  -29.117 0.8000000119
104959  -32.955  -28.811  -28.241 0.8000000119
44515  -32.911  -26.370  -30.031 0.8000000119
45352  -32.475  -25.403  -28.927 0.8000000119
112033  -32.351  -26.642  -28.668 0.8000000119
44472  -33.602  -25.540  -28.010 0.8000000119
45334  -33.214  -24.824  -28.402 0.8000000119
45383  -38.588  -25.040  -30.747 0.6999999881
45381  -36.479  -25.036  -30.724 0.8000000119
47057  -37.657  -24.320  -30.887 0.6000000238
46160  -38.024  -24.829  -30.890 0.6000000238
38916  -34.323  -33.274  -24.440 0.6000000238
121255  -37.181  -33.574  -23.700 0.6999999881
39665  -34.660  -32.471  -24.163 0.6000000238
116372  -37.035  -32.554  -23.602 0.6999999881
39668  -38.070  -32.889  -23.695 0.6999999881
111964  -38.103  -33.619  -24.124 0.6999999881
40420  -32.071  -31.701  -24.196 0.4000000060
40422  -34.204  -31.813  -24.045 0.5000000000
39667  -36.176  -32.833  -23.904 0.6999999881
39669  -38.857  -32.585  -24.226 0.6999999881
122617  -33.494  -31.842  -24.145 0.5000000000
40424  -39.122  -31.847  -24.323 0.6999999881
40438  -39.317  -32.113  -25.050 0.6999999881
40397  -31.654  -31.225  -24.156 0.3000000119
40398  -32.078  -30.718  -24.168 0.3000000119
111010  -32.825  -31.379  -24.087 0.4000000060
119663  -37.064  -30.721  -27.819 0.6999999881
41981  -31.733  -30.092  -23.973 0.3000000119
41994  -32.259  -29.876  -23.843 0.3000000119
114929  -38.831  -30.924  -26.399 0.6999999881
40437  -39.234  -31.268  -25.534 0.6999999881
41199  -37.865  -29.718  -27.199 0.6999999881
41190  -39.121  -30.390  -25.990 0.6999999881
42824  -36.669  -28.494  -27.129 0.6999999881
42026  -38.713  -29.550  -26.509 0.6999999881
42024  -37.042  -29.177  -27.144 0.6999999881
42826  -38.584  -28.494  -26.609 0.6999999881
119473  -31.785  -27.306  -29.197 0.8000000119
43639  -32.913  -27.335  -28.322 0.8000000119
42023  -36.148  -28.929  -27.280 0.6999999881
42825  -37.487  -28.454  -27.056 0.6999999881
43629  -37.919  -27.688  -27.019 0.6999999881
44513  -31.872  -27.218  -29.734 0.8000000119
43638  -32.097  -27.629  -28.759 0.8000000119
42836  -33.565  -28.080  -28.142 0.8000000119
42822  -34.531  -28.011  -27.647 0.8000000119
42823  -35.267  -27.901  -27.285 0.8000000119
43628  -36.775  -27.685  -27.166 0.8000000119
124706  -38.198  -27.132  -26.928 0.6999999881
44496  -32.306  -26.250  -29.312 0.8000000119
44471  -33.174  -26.343  -28.119 0.8000000119
45316  -34.728  -25.633  -27.671 0.8000000119
44460  -36.280  -26.708  -27.233 0.8000000119
45362  -32.752  -25.700  -29.696 0.8000000119
45333  -32.696  -25.509  -28.511 0.8000000119
44458  -34.287  -26.419  -27.735 0.8000000119
45337  -36.289  -25.309  -27.595 0.8000000119
45364  -34.545  -25.520  -30.128 0.8000000119
46144  -33.172  -24.426  -28.928 0.8000000119
45335  -33.982  -25.090  -28.084 0.8000000119
45379  -34.254  -24.991  -30.052 0.8000000119
46119  -33.942  -24.565  -28.468 0.8000000119
45380  -35.429  -25.009  -30.368 0.8000000119
46162  -40.024  -24.606  -30.741 0.5000000000
46157  -35.123  -24.490  -30.204 0.8000000119
46158  -36.318  -24.580  -30.697 0.8000000119
46161  -38.972  -24.763  -30.711 0.6000000238
47058  -38.420  -24.255  -30.741 0.6000000238
38917  -35.250  -33.044  -24.210 0.6999999881
39630  -36.253  -31.957  -23.892 0.6999999881
39631  -36.944  -31.711  -23.581 0.6999999881
39645  -37.644  -32.150  -23.538 0.6999999881
40423  -34.923  -31.792  -23.843 0.5000000000
41174  -32.954  -30.512  -23.811 0.4000000060
41175  -33.886  -30.297  -23.616 0.4000000060
39646  -38.445  -31.987  -23.688 0.6999999881
108330  -39.349  -31.204  -24.747 0.6999999881
41996  -34.183  -29.430  -23.581 0.3000000119
41162  -34.800  -29.995  -23.647 0.5000000000
41163  -38.924  -30.578  -23.738 0.6999999881
41993  -31.686  -29.388  -23.816 0.3000000119
42797  -33.720  -28.937  -23.491 0.3000000119
121379  -39.485  -30.323  -25.091 0.6999999881
42796  -33.126  -28.738  -23.397 0.3000000119
42809  -39.838  -28.512  -25.254 0.6999999881
118377  -35.959  -28.174  -27.181 0.8000000119
44462  -38.915  -27.458  -26.510 0.6999999881
44481  -32.214  -26.348  -28.994 0.8000000119
44461  -37.457  -26.825  -27.192 0.8000000119
45319  -37.798  -25.863  -27.148 0.8000000119
45363  -32.757  -24.965  -29.218 0.8000000119
45317  -35.769  -25.857  -27.366 0.8000000119
45338  -37.103  -25.443  -27.534 0.8000000119
46155  -33.300  -24.515  -29.305 0.8000000119
45378  -33.264  -24.911  -29.737 0.8000000119
46118  -33.245  -24.504  -28.708 0.8000000119
46120  -34.951  -24.572  -28.250 0.8000000119
112096  -36.483  -23.983  -28.285 0.8000000119
46122  -36.986  -24.769  -27.833 0.8000000119
46156  -34.078  -24.504  -29.674 0.8000000119
46134  -33.759  -24.267  -28.825 0.8000000119
116390  -35.023  -23.533  -28.895 0.8000000119
116951  -37.358  -24.092  -28.065 0.8000000119
47056  -37.108  -24.314  -30.917 0.8000000119
40400  -35.587  -31.331  -23.771 0.6000000238
40421  -33.651  -31.165  -23.846 0.5000000000
40381  -36.301  -31.170  -23.714 0.6000000238
40380  -35.451  -30.433  -23.750 0.5000000000
110683  -36.305  -30.521  -23.746 0.6999999881
40382  -36.935  -30.876  -23.453 0.6999999881
119673  -38.343  -30.896  -23.600 0.6999999881
41140  -36.007  -29.951  -24.029 0.6000000238
41141  -36.650  -30.023  -23.580 0.6999999881
41142  -37.348  -30.223  -23.379 0.6999999881
117080  -38.515  -29.842  -23.521 0.6999999881
42795  -32.345  -28.895  -23.616 0.3000000119
42787  -34.378  -28.670  -23.571 0.3000000119
41960  -37.169  -29.384  -23.365 0.6999999881
117205  -32.034  -28.045  -23.529 0.3000000119
44434  -35.208  -26.755  -23.654 0.3000000119
41983  -39.185  -29.842  -23.859 0.6999999881
44432  -33.079  -25.833  -23.629 0.3000000119
44416  -33.886  -26.802  -23.507 0.3000000119
44433  -34.500  -26.246  -23.599 0.3000000119
45304  -32.162  -25.335  -23.829 0.3000000119
113675  -39.334  -28.990  -25.876 0.6999999881
43613  -39.553  -28.150  -25.965 0.6999999881
118756  -37.645  -25.151  -27.423 0.8000000119
46123  -38.001  -24.470  -27.587 0.8000000119
46145  -33.983  -24.194  -29.140 0.8000000119
47033  -34.855  -23.670  -29.244 0.8000000119
123829  -34.357  -23.945  -28.943 0.8000000119
47035  -36.090  -23.209  -28.843 0.8000000119
47055  -35.741  -23.867  -30.470 0.8000000119
47070  -36.845  -23.311  -31.043 0.6999999881
113538  -35.927  -30.644  -23.880 0.6000000238
115660  -37.809  -29.812  -23.332 0.6999999881
42764  -35.031  -28.330  -23.683 0.4000000060
42766  -36.723  -28.596  -23.576 0.6000000238
41961  -38.046  -29.230  -23.298 0.6999999881
43570  -37.129  -27.450  -23.491 0.4000000060
41982  -38.867  -29.190  -23.592 0.6999999881
114877  -39.366  -29.177  -23.964 0.6999999881
42011  -39.631  -29.346  -25.097 0.6999999881
45289  -35.630  -25.364  -23.865 0.3000000119
44418  -37.318  -26.738  -23.444 0.4000000060
43592  -38.669  -27.608  -23.469 0.6000000238
43606  -40.179  -27.372  -24.434 0.6999999881
43615  -40.371  -27.218  -25.026 0.6999999881
44452  -39.859  -27.441  -25.966 0.6999999881
44463  -39.639  -26.643  -26.307 0.6999999881
45318  -36.781  -26.004  -27.371 0.8000000119
45339  -38.412  -25.263  -27.266 0.8000000119
47017  -35.426  -23.905  -28.484 0.8000000119
47018  -37.125  -23.412  -28.501 0.8000000119
47047  -35.617  -23.448  -29.943 0.8000000119
47034  -35.743  -23.226  -29.329 0.8000000119
47973  -36.449  -22.418  -29.388 0.8000000119
47072  -37.931  -23.472  -30.877 0.6000000238
114494  -36.521  -23.846  -30.787 0.8000000119
47071  -37.374  -23.466  -31.011 0.6000000238
48010  -37.017  -22.533  -31.301 0.6999999881
41959  -36.355  -29.254  -23.768 0.6000000238
42767  -37.510  -28.616  -23.364 0.6000000238
44435  -35.947  -26.497  -23.800 0.3000000119
42768  -38.391  -28.511  -23.421 0.6000000238
123841  -36.000  -25.895  -23.835 0.3000000119
44436  -36.690  -26.132  -23.639 0.3000000119
43591  -37.798  -27.282  -23.332 0.5000000000
109460  -37.101  -25.470  -23.667 0.3000000119
45290  -37.626  -26.007  -23.462 0.5000000000
43593  -39.697  -27.524  -23.886 0.6999999881
46979  -34.520  -24.007  -23.578 0.3000000119
123454  -35.853  -24.146  -23.790 0.3000000119
45292  -39.735  -26.039  -23.806 0.4000000060
44448  -40.344  -26.671  -24.606 0.6999999881
47928  -34.147  -22.453  -23.675 0.3000000119
45307  -40.431  -25.936  -24.715 0.6000000238
45322  -40.470  -25.197  -25.836 0.6000000238
45313  -40.528  -25.766  -25.210 0.6000000238
45340  -39.289  -25.358  -27.074 0.8000000119
45321  -39.866  -25.717  -26.478 0.6999999881
45320  -38.935  -25.959  -26.914 0.8000000119
46107  -40.019  -24.884  -26.920 0.6999999881
46108  -40.533  -24.486  -26.368 0.6999999881
46124  -39.091  -24.749  -27.486 0.8000000119
109973  -39.752  -24.155  -27.469 0.6999999881
46125  -40.481  -24.125  -27.086 0.6999999881
47019  -37.988  -23.647  -28.073 0.8000000119
115392  -38.842  -23.985  -27.811 0.8000000119
47020  -39.445  -23.529  -27.721 0.6999999881
47021  -40.252  -23.464  -27.439 0.6999999881
47960  -37.826  -22.665  -28.463 0.8000000119
107701  -38.773  -23.160  -28.041 0.8000000119
47962  -39.627  -22.946  -27.795 0.6999999881
124407  -40.249  -22.941  -27.581 0.6999999881
47046  -34.805  -23.949  -29.842 0.8000000119
47959  -36.899  -22.705  -28.852 0.8000000119
47961  -39.068  -22.264  -28.288 0.8000000119
47984  -36.324  -22.770  -30.090 0.8000000119
48969  -36.688  -21.631  -29.498 0.8000000119
48970  -37.977  -21.656  -28.757 0.8000000119
50010  -37.162  -21.202  -29.249 0.8000000119
47994  -36.330  -23.138  -30.642 0.8000000119
48009  -36.650  -22.542  -31.110 0.6999999881
47996  -38.247  -22.538  -30.900 0.6000000238
49003  -37.067  -21.615  -31.625 0.6999999881
44437  -39.223  -26.778  -23.623 0.5000000000
109834  -37.896  -25.233  -23.846 0.4000000060
44438  -40.032  -26.771  -24.025 0.6000000238
115213  -36.446  -24.137  -23.895 0.3000000119
44447  -40.218  -26.178  -24.268 0.5000000000
46981  -36.194  -23.550  -23.819 0.3000000119
46982  -37.100  -23.647  -24.096 0.3000000119
45306  -40.148  -25.378  -24.215 0.6000000238
47930  -36.034  -22.228  -23.823 0.3000000119
46991  -37.996  -23.473  -24.264 0.3000000119
47929  -35.085  -22.294  -23.840 0.3000000119
46101  -40.627  -24.295  -25.511 0.6000000238
123043  -34.394  -21.494  -24.059 0.3000000119
47022  -40.790  -23.507  -27.022 0.6999999881
48962  -40.153  -21.740  -28.232 0.6999999881
48971  -39.134  -21.250  -28.921 0.6999999881
47974  -37.093  -21.952  -28.909 0.8000000119
50011  -37.977  -20.859  -29.234 0.6999999881
110431  -36.454  -21.880  -30.237 0.8000000119
48980  -36.570  -21.043  -30.227 0.6999999881
50043  -39.862  -21.226  -30.879 0.6000000238
47995  -36.494  -22.202  -30.834 0.6999999881
112687  -36.682  -21.658  -31.421 0.6999999881
48991  -36.483  -21.381  -31.068 0.6999999881
119817  -37.467  -21.178  -31.796 0.6999999881
49004  -37.779  -21.769  -31.441 0.6999999881
50969  -36.460  -19.048  -32.422 0.5000000000
51853  -37.196  -18.393  -32.689 0.5000000000
46094  -40.083  -24.519  -24.362 0.6000000238
46095  -40.524  -25.035  -24.870 0.6000000238
46100  -40.438  -24.028  -24.817 0.6000000238
47000  -40.783  -23.325  -25.368 0.6000000238
47006  -40.771  -23.800  -26.338 0.6999999881
47001  -41.081  -22.920  -26.438 0.6999999881
47963  -40.832  -22.844  -27.284 0.6999999881
50870  -31.856  -19.579  -24.940 0.3000000119
106168  -40.174  -22.481  -27.816 0.6999999881
47964  -41.356  -22.240  -26.976 0.6999999881
113747  -40.981  -22.076  -27.622 0.6999999881
50020  -37.163  -20.474  -29.794 0.6999999881
50013  -40.354  -20.903  -28.645 0.6000000238
125036  -38.734  -20.536  -29.436 0.6999999881
50019  -36.257  -20.107  -30.717 0.6000000238
105837  -38.218  -21.024  -31.597 0.6000000238
49005  -38.656  -21.558  -30.954 0.5000000000
50040  -36.801  -20.773  -32.068 0.6999999881
113827  -36.522  -20.959  -31.820 0.6999999881
50052  -37.342  -20.189  -32.284 0.6000000238
46992  -39.698  -23.663  -24.387 0.5000000000
46998  -39.285  -22.788  -24.399 0.4000000060
46999  -40.178  -23.258  -24.694 0.5000000000
47944  -40.354  -22.569  -24.752 0.6000000238
47945  -41.123  -22.414  -25.473 0.6000000238
47952  -41.350  -22.164  -26.246 0.6000000238
50871  -32.779  -19.354  -24.541 0.3000000119
114011  -41.052  -21.325  -27.964 0.6000000238
48963  -41.481  -21.554  -27.261 0.6000000238
117261  -37.969  -20.090  -29.585 0.6000000238
50012  -39.646  -20.404  -29.273 0.6000000238
126537  -36.293  -20.691  -31.268 0.6999999881
50039  -36.023  -20.226  -32.067 0.6999999881
50041  -37.845  -20.608  -32.041 0.6999999881
107504  -39.908  -20.038  -31.396 0.5000000000
50042  -38.845  -20.311  -31.877 0.6000000238
50957  -39.457  -19.401  -32.036 0.5000000000
50051  -36.468  -19.932  -32.306 0.6000000238
50956  -38.354  -19.852  -32.264 0.5000000000
50971  -38.766  -18.830  -32.411 0.5000000000
51854  -38.600  -18.028  -32.439 0.5000000000
114554  -39.428  -21.942  -24.551 0.4000000060
48944  -36.804  -21.084  -24.170 0.4000000060
50872  -33.745  -19.328  -24.626 0.3000000119
117703  -34.274  -18.756  -25.120 0.3000000119
50889  -35.259  -19.217  -24.738 0.3000000119
49998  -41.779  -20.915  -26.731 0.6000000238
52642  -33.856  -17.464  -25.741 0.3000000119
50002  -41.247  -20.522  -28.090 0.6000000238
50927  -39.835  -19.628  -29.460 0.5000000000
110870  -38.092  -19.265  -29.740 0.6000000238
50937  -38.946  -19.875  -29.707 0.6000000238
50936  -37.129  -19.616  -30.123 0.6000000238
50028  -35.906  -20.104  -31.726 0.6999999881
116633  -36.084  -19.098  -30.653 0.6000000238
50970  -37.439  -19.412  -32.434 0.5000000000
109451  -37.752  -21.713  -24.293 0.4000000060
48946  -39.564  -20.967  -24.757 0.4000000060
48945  -38.530  -21.444  -24.500 0.4000000060
48947  -40.554  -21.728  -24.946 0.5000000000
111978  -38.543  -20.790  -24.595 0.4000000060
49988  -40.784  -20.848  -25.401 0.4000000060
48948  -41.284  -21.598  -25.681 0.4000000060
48955  -41.541  -21.576  -26.481 0.5000000000
113989  -35.218  -18.373  -24.999 0.3000000119
121250  -41.794  -20.297  -26.300 0.4000000060
52643  -35.302  -17.684  -25.333 0.3000000119
121105  -35.892  -18.219  -25.399 0.4000000060
50918  -41.459  -19.705  -27.928 0.5000000000
113440  -41.799  -20.202  -27.131 0.6000000238
50928  -40.805  -19.929  -29.001 0.5000000000
51802  -40.426  -18.896  -29.364 0.5000000000
51814  -37.143  -18.748  -30.204 0.6000000238
50955  -35.673  -19.270  -31.970 0.6000000238
51813  -36.097  -18.269  -30.652 0.6000000238
50968  -35.826  -19.165  -32.185 0.5000000000
51852  -35.786  -18.291  -32.547 0.5000000000
52724  -36.134  -17.644  -32.862 0.5000000000
52725  -37.689  -17.541  -32.797 0.5000000000
111209  -37.814  -21.069  -24.424 0.4000000060
50893  -40.223  -19.866  -25.306 0.4000000060
50892  -39.038  -20.105  -24.775 0.4000000060
50894  -41.319  -20.032  -25.778 0.4000000060
115398  -34.677  -17.241  -25.540 0.3000000119
50910  -41.704  -19.481  -26.412 0.5000000000
53496  -34.100  -16.842  -25.765 0.3000000119
51803  -41.016  -18.297  -28.754 0.4000000060
51816  -39.616  -18.368  -29.642 0.5000000000
51817  -40.401  -17.957  -29.236 0.4000000060
51815  -38.408  -18.347  -29.976 0.6000000238
52695  -39.463  -17.553  -29.748 0.5000000000
117439  -37.234  -17.943  -30.260 0.5000000000
52694  -38.221  -17.447  -30.091 0.5000000000
51840  -35.385  -18.275  -32.247 0.5000000000
51829  -35.468  -18.532  -31.550 0.6000000238
52705  -35.534  -17.848  -31.285 0.6000000238
52693  -36.416  -17.578  -30.691 0.6000000238
52723  -35.284  -17.590  -32.601 0.5000000000
110243  -35.538  -17.284  -32.778 0.5000000000
53577  -38.440  -16.818  -32.695 0.5000000000
52715  -35.090  -17.663  -32.218 0.5000000000
56117  -32.370  -13.645  -26.145 0.3000000119
55261  -33.709  -14.406  -25.748 0.4000000060
56119  -34.268  -13.576  -25.756 0.4000000060
118380  -32.766  -12.884  -26.176 0.4000000060
53558  -35.802  -17.196  -31.547 0.5000000000
54412  -38.281  -15.713  -30.174 0.5000000000
105666  -35.652  -16.734  -32.242 0.5000000000
111614  -37.531  -16.220  -30.455 0.5000000000
53566  -35.229  -17.162  -32.567 0.6000000238
114840  -39.012  -16.181  -32.658 0.5000000000
53576  -36.730  -17.003  -32.765 0.6000000238
53589  -36.613  -16.132  -32.334 0.5000000000
108747  -37.884  -16.155  -32.629 0.6000000238
54444  -38.703  -15.524  -32.601 0.4000000060
115808  -33.889  -12.859  -25.937 0.4000000060
56121  -36.164  -13.560  -25.699 0.4000000060
110564  -35.710  -16.608  -32.391 0.5000000000
54432  -36.003  -16.105  -32.321 0.5000000000
54422  -36.226  -15.850  -32.020 0.5000000000
53575  -35.710  -16.825  -32.593 0.5000000000
115409  -35.753  -12.757  -25.727 0.4000000060
57843  -33.047  -11.430  -26.447 0.4000000060
53559  -36.746  -16.294  -31.297 0.5000000000
112975  -38.271  -14.922  -30.198 0.4000000060
54442  -35.906  -16.166  -32.339 0.4000000060
55344  -35.860  -15.218  -32.567 0.4000000060
54443  -37.298  -15.396  -32.485 0.5000000000
55332  -38.183  -14.766  -32.584 0.3000000119
55308  -37.472  -14.793  -30.844 0.4000000060
55330  -35.511  -15.055  -32.564 0.4000000060
55331  -36.568  -14.659  -32.529 0.5000000000
118261  -37.777  -13.974  -32.605 0.4000000060
56180  -36.530  -13.881  -32.522 0.4000000060
125799  -35.548  -14.903  -32.503 0.4000000060
56172  -39.614  -12.957  -31.860 0.4000000060
56194  -35.670  -14.826  -32.637 0.4000000060
56181  -37.781  -13.055  -32.704 0.4000000060
57046  -36.175  -13.809  -32.164 0.4000000060
107698  -38.845  -12.851  -32.552 0.4000000060
57051  -36.565  -13.359  -32.437 0.4000000060
57897  -36.550  -12.660  -32.234 0.4000000060
57052  -37.082  -12.604  -32.867 0.3000000119
57053  -38.270  -12.022  -32.930 0.4000000060
57054  -39.327  -12.082  -32.669 0.4000000060
57036  -39.777  -12.094  -31.796 0.4000000060
57903  -38.307  -11.274  -33.069 0.4000000060
57904  -39.155  -11.196  -33.171 0.5000000000
121793  -36.890  -12.341  -32.690 0.4000000060
57902  -37.407  -11.637  -32.868 0.4000000060
35010  -32.594  -39.118  -32.886 0.6999999881
27062  -29.275  -46.630  -26.484 0.6000000238
31731  -34.702  -43.136  -25.926 0.6999999881
34133  -36.211  -39.697  -29.372 0.8000000119
33370  -36.047  -40.901  -27.472 0.8000000119
33348  -34.646  -40.737  -24.847 0.6999999881
35881  -37.292  -36.935  -28.932 0.8000000119
34973  -29.315  -38.629  -28.044 0.5000000000
36675  -38.397  -36.570  -26.625 0.8000000119
108119  -37.617  -34.831  -28.418 0.8000000119
37410  -27.613  -35.005  -25.986 0.4000000060
126396  -31.308  -35.235  -26.109 0.6000000238
39666  -35.474  -32.250  -23.995 0.6999999881
46121  -35.905  -24.648  -28.010 0.8000000119
39632  -37.643  -31.481  -23.511 0.6999999881
44453  -40.228  -26.967  -25.611 0.6999999881
45312  -40.320  -26.142  -25.734 0.6000000238
42765  -36.067  -28.565  -23.852 0.6000000238
45291  -38.652  -25.957  -23.563 0.5000000000
55319  -35.441  -15.022  -32.440 0.4000000060
34168  -35.184  -39.465  -33.730 0.5000000000
35023  -36.347  -38.487  -34.666 0.5000000000
32650  -31.728  -42.037  -33.598 0.6999999881
36747  -36.890  -36.713  -34.458 0.5000000000
26094  -29.759  -48.418  -26.596 0.5000000000
38249  -36.213  -35.153  -33.284 0.6999999881
31761  -35.293  -42.194  -30.343 0.6999999881
35001  -33.005  -38.017  -31.888 0.6999999881
107374  -33.048  -38.854  -31.760 0.6999999881
37491  -30.888  -35.795  -31.616 0.6999999881
35898  -32.516  -36.953  -31.674 0.6999999881
39007  -36.340  -33.675  -32.746 0.6999999881
39768  -36.822  -33.241  -32.339 0.6000000238
34141  -35.326  -39.403  -30.829 0.6999999881
115550  -32.521  -45.321  -25.988 0.6000000238
107463  -35.745  -41.054  -29.128 0.8000000119
33394  -35.819  -39.963  -30.167 0.6999999881
40499  -38.746  -31.713  -30.696 0.4000000060
30847  -29.415  -43.988  -26.905 0.6000000238
114972  -32.709  -31.819  -32.048 0.8000000119
31715  -32.925  -42.514  -25.378 0.6999999881
33371  -36.543  -40.320  -28.006 0.6999999881
35879  -36.276  -37.241  -30.082 0.8000000119
41258  -37.796  -30.817  -30.811 0.5000000000
106836  -36.065  -40.029  -25.632 0.6999999881
112270  -29.296  -43.021  -26.978 0.6000000238
34980  -37.244  -38.144  -27.854 0.8000000119
111246  -35.977  -30.411  -30.863 0.6999999881
32577  -29.974  -41.728  -26.514 0.6000000238
38979  -33.059  -33.431  -30.103 0.8999999762
39743  -31.203  -32.326  -31.128 0.8000000119
42060  -37.676  -29.897  -29.864 0.6000000238
42046  -39.724  -29.104  -28.702 0.4000000060
32596  -27.620  -41.829  -29.125 0.3000000119
31754  -28.773  -42.626  -27.640 0.5000000000
30859  -28.292  -43.043  -28.074 0.5000000000
30858  -27.797  -43.248  -28.313 0.5000000000
30870  -27.257  -42.842  -29.043 0.4000000060
38214  -35.269  -34.223  -30.180 0.8999999762
113059  -33.361  -39.093  -24.613 0.6000000238
34088  -34.185  -38.983  -24.575 0.6000000238
34948  -36.174  -38.136  -24.619 0.8000000119
31753  -28.250  -42.196  -28.402 0.4000000060
32576  -29.504  -41.010  -27.187 0.5000000000
44501  -38.509  -26.671  -29.315 0.6000000238
44482  -39.280  -26.532  -28.999 0.4000000060
34953  -31.875  -39.014  -25.104 0.6000000238
107984  -28.702  -38.822  -28.882 0.5000000000
34124  -28.713  -39.535  -28.013 0.5000000000
34111  -30.452  -39.542  -26.149 0.5000000000
33369  -29.138  -40.039  -27.387 0.5000000000
36661  -37.806  -36.604  -25.330 0.6999999881
116702  -29.048  -36.556  -28.559 0.5000000000
35871  -29.813  -37.879  -28.179 0.5000000000
36698  -29.913  -36.980  -28.257 0.6000000238
123919  -29.188  -38.195  -28.532 0.5000000000
108444  -31.204  -38.265  -25.730 0.5000000000
127027  -27.962  -35.411  -28.734 0.6000000238
34969  -30.662  -37.752  -26.663 0.6000000238
35864  -30.818  -36.815  -26.927 0.6000000238
125380  -27.121  -34.678  -25.437 0.4000000060
106987  -38.620  -34.127  -26.345 0.6999999881
111441  -34.183  -31.912  -28.616 0.8000000119
38193  -30.216  -34.758  -27.252 0.5000000000
36688  -30.907  -36.113  -26.958 0.6000000238
38947  -29.985  -33.323  -27.102 0.4000000060
112626  -31.059  -34.765  -26.456 0.5000000000
112221  -30.910  -33.932  -27.001 0.5000000000
112047  -30.580  -33.533  -26.149 0.5000000000
38948  -30.762  -33.595  -26.735 0.5000000000
41235  -30.646  -29.802  -30.460 0.8000000119
118592  -38.228  -25.395  -30.383 0.6999999881
37396  -34.703  -35.451  -24.686 0.6999999881
37411  -32.132  -35.263  -25.563 0.6999999881
39701  -38.781  -32.371  -26.440 0.6999999881
38168  -31.640  -34.738  -25.633 0.6000000238
40418  -30.484  -32.683  -24.063 0.3000000119
44497  -33.827  -26.195  -30.069 0.8999999762
45365  -35.655  -25.551  -30.197 0.8000000119
118911  -37.741  -25.041  -30.952 0.6000000238
46159  -37.380  -24.900  -30.988 0.6000000238
39663  -32.650  -33.148  -24.486 0.6000000238
41214  -38.379  -30.993  -27.082 0.6999999881
42838  -35.205  -28.668  -27.495 0.8000000119
42025  -37.987  -29.085  -27.047 0.6999999881
44516  -33.485  -25.531  -30.018 0.8000000119
40399  -34.645  -31.026  -23.557 0.5000000000
40402  -39.169  -31.110  -24.154 0.6999999881
41200  -38.501  -30.321  -26.881 0.6999999881
42010  -39.362  -29.750  -25.687 0.6999999881
43626  -34.865  -27.262  -27.401 0.8000000119
43627  -35.727  -27.373  -27.172 0.8000000119
44459  -35.287  -26.521  -27.289 0.8000000119
39633  -38.205  -31.308  -23.586 0.6999999881
41995  -33.190  -29.554  -23.563 0.3000000119
40401  -38.810  -31.322  -23.805 0.6999999881
41176  -39.332  -30.468  -24.290 0.6999999881
41139  -35.460  -29.709  -23.854 0.5000000000
41957  -35.058  -29.122  -23.764 0.4000000060
41997  -39.468  -29.651  -24.414 0.6999999881
43603  -32.776  -28.078  -23.279 0.3000000119
43614  -40.143  -27.730  -25.412 0.6999999881
43589  -35.807  -27.246  -23.769 0.3000000119
114333  -35.367  -26.027  -23.746 0.3000000119
43569  -36.417  -27.820  -23.715 0.6000000238
115851  -37.079  -28.067  -23.510 0.6000000238
43571  -37.751  -27.924  -23.381 0.6000000238
43590  -36.537  -26.957  -23.670 0.4000000060
42788  -39.350  -28.417  -23.795 0.6999999881
43605  -39.910  -28.012  -24.296 0.6999999881
42798  -39.674  -28.716  -24.486 0.6999999881
42799  -40.155  -27.940  -24.837 0.6999999881
44454  -40.462  -26.471  -25.151 0.6000000238
48011  -37.523  -22.580  -31.195 0.6000000238
106710  -36.396  -25.378  -23.767 0.3000000119
43604  -38.213  -26.712  -23.346 0.5000000000
47918  -34.773  -23.102  -23.517 0.3000000119
124884  -39.677  -24.791  -24.145 0.5000000000
46080  -36.991  -24.683  -23.836 0.3000000119
47919  -35.693  -22.931  -23.628 0.3000000119
46081  -37.991  -24.367  -24.155 0.3000000119
48932  -36.403  -21.630  -24.037 0.3000000119
105183  -36.335  -20.773  -31.724 0.6999999881
125501  -39.048  -20.762  -31.241 0.5000000000
50935  -35.752  -19.421  -31.392 0.6000000238
115677  -36.651  -19.690  -24.788 0.4000000060
51770  -33.574  -18.128  -25.532 0.3000000119
115648  -34.485  -17.937  -25.400 0.3000000119
125542  -41.704  -19.567  -27.159 0.5000000000
50938  -39.263  -19.058  -29.746 0.5000000000
49989  -41.552  -20.872  -25.976 0.4000000060
50929  -41.308  -19.008  -28.548 0.5000000000
50909  -41.207  -18.910  -25.756 0.4000000060
51794  -41.446  -18.205  -27.929 0.4000000060
124111  -35.183  -17.222  -32.299 0.6000000238
56120  -35.225  -13.563  -25.687 0.4000000060
53546  -36.981  -16.890  -30.642 0.5000000000
56179  -35.828  -14.554  -32.435 0.4000000060
56171  -35.683  -14.632  -32.344 0.4000000060
57899  -39.718  -11.243  -32.280 0.3000000119
28124  -31.281  -46.105  -33.592 0.5000000000
127062  -30.593  -45.185  -33.846 0.5000000000
119954  -32.439  -48.130  -31.585 0.4000000060
27103  -32.792  -47.421  -32.076 0.5000000000
27102  -31.485  -47.724  -32.269 0.5000000000
28125  -32.103  -46.967  -32.941 0.5000000000
29040  -32.620  -45.969  -33.295 0.6000000238
29039  -31.489  -45.012  -33.565 0.6000000238
27093  -33.477  -47.613  -31.157 0.5000000000
126909  -33.374  -48.302  -30.860 0.5000000000
28109  -33.589  -46.730  -31.597 0.5000000000
28108  -33.157  -46.670  -32.590 0.5000000000
27086  -33.657  -47.598  -29.883 0.5000000000
29974  -33.506  -44.556  -32.561 0.6000000238
29992  -32.643  -43.867  -32.774 0.6000000238
114917  -32.719  -44.854  -33.112 0.6000000238
30902  -31.724  -43.259  -32.947 0.6000000238
30889  -32.496  -42.985  -32.528 0.6000000238
116767  -31.396  -42.607  -33.313 0.6000000238
32640  -31.609  -41.771  -33.202 0.6000000238
31778  -31.733  -41.973  -32.716 0.6000000238
113456  -33.749  -45.652  -32.331 0.6000000238
27074  -33.559  -48.009  -28.862 0.5000000000
28093  -34.031  -46.785  -29.349 0.5000000000
26110  -32.063  -48.851  -27.419 0.5000000000
26111  -32.695  -48.096  -27.976 0.5000000000
31780  -33.237  -42.601  -32.028 0.6000000238
31779  -32.297  -42.239  -32.351 0.6000000238
122683  -31.889  -41.247  -33.069 0.6000000238
28100  -33.808  -46.757  -30.443 0.5000000000
29026  -34.410  -45.172  -31.333 0.5000000000
27075  -33.839  -47.325  -28.846 0.5000000000
29016  -34.075  -46.049  -29.872 0.5000000000
29017  -34.459  -45.488  -30.316 0.5000000000
29975  -34.188  -44.698  -32.091 0.6000000238
27064  -32.619  -47.262  -27.246 0.5000000000
28079  -33.077  -47.245  -28.203 0.5000000000
30890  -33.825  -43.670  -32.193 0.6000000238
27063  -32.146  -47.903  -26.894 0.5000000000
127265  -32.069  -40.998  -32.877 0.6000000238
115924  -32.308  -41.038  -32.477 0.6000000238
28080  -33.770  -46.691  -28.301 0.5000000000
122014  -34.853  -45.193  -29.885 0.5000000000
29965  -34.891  -44.676  -30.634 0.6000000238
30871  -35.240  -43.956  -30.297 0.6000000238
28990  -34.173  -46.104  -27.946 0.5000000000
27046  -31.426  -47.471  -26.615 0.5000000000
27044  -29.537  -47.424  -26.398 0.5000000000
32618  -32.279  -41.632  -32.348 0.6000000238
33391  -32.691  -40.459  -32.182 0.6000000238
28972  -34.388  -45.439  -27.584 0.5000000000
28991  -34.680  -45.726  -28.488 0.5000000000
29946  -35.112  -45.178  -29.042 0.5000000000
30872  -35.389  -43.649  -29.452 0.6000000238
28050  -32.608  -46.596  -26.735 0.5000000000
27047  -32.120  -47.113  -26.599 0.5000000000
28049  -31.963  -46.384  -26.383 0.6000000238
29928  -34.622  -44.717  -27.291 0.6000000238
113447  -35.129  -45.086  -28.091 0.5000000000
29947  -35.408  -44.276  -28.595 0.5000000000
31762  -35.451  -42.663  -29.433 0.6000000238
28970  -32.993  -46.042  -27.054 0.6000000238
28971  -33.660  -45.711  -27.228 0.6000000238
115013  -31.147  -46.238  -26.300 0.5000000000
28948  -32.551  -45.952  -26.333 0.6000000238
29910  -33.959  -45.047  -26.650 0.6000000238
29911  -34.360  -44.378  -26.715 0.6000000238
30848  -34.912  -44.017  -27.164 0.6000000238
122722  -35.289  -44.403  -27.825 0.5000000000
30860  -35.537  -43.236  -28.574 0.6000000238
113179  -35.653  -42.798  -27.815 0.6999999881
111396  -37.990  -29.127  -29.488 0.5000000000
59681  -40.043  -10.015  -31.045 0.3000000119
26137  -31.503  -48.447  -31.450 0.4000000060
107598  -30.951  -47.204  -33.262 0.5000000000
117654  -30.945  -43.755  -33.918 0.5000000000
25216  -32.655  -48.824  -30.993 0.4000000060
30001  -30.801  -44.315  -33.789 0.6000000238
29991  -31.577  -43.980  -33.280 0.6000000238
30901  -31.288  -43.299  -33.418 0.5000000000
31798  -31.388  -42.350  -33.383 0.5000000000
25201  -32.297  -49.845  -29.840 0.4000000060
26120  -33.163  -48.784  -28.949 0.5000000000
25179  -31.558  -49.529  -27.652 0.5000000000
26119  -32.612  -48.972  -28.299 0.5000000000
26109  -31.164  -49.055  -27.093 0.3000000119
25165  -29.534  -49.390  -26.632 0.4000000060
26092  -28.016  -48.917  -26.719 0.4000000060
42045  -38.808  -29.095  -29.086 0.4000000060
42847  -39.283  -28.235  -28.806 0.4000000060
41958  -35.772  -29.188  -23.917 0.5000000000
43568  -35.658  -28.015  -23.759 0.4000000060
108418  -38.857  -23.384  -30.628 0.5000000000
58792  -39.744  -10.161  -32.130 0.3000000119
60596  -39.843  -8.622  -30.877 0.3000000119
25215  -31.565  -49.064  -30.803 0.4000000060
29976  -34.567  -44.372  -31.537 0.6000000238
28068  -30.278  -46.169  -26.398 0.5000000000
27045  -30.492  -47.696  -26.589 0.5000000000
123213  -31.512  -46.819  -26.472 0.6000000238
26095  -30.610  -48.527  -26.774 0.4000000060
125767  -31.485  -48.133  -31.869 0.4000000060
25202  -32.765  -49.169  -30.008 0.5000000000
29006  -34.321  -46.225  -28.895 0.5000000000
28069  -32.996  -46.629  -27.553 0.5000000000
120435  -39.575  -10.616  -33.052 0.4000000060
25189  -32.682  -49.330  -29.102 0.4000000060
30908  -31.263  -43.052  -33.658 0.4000000060
31805  -31.433  -42.583  -33.678 0.4000000060
25188  -32.139  -49.644  -28.489 0.4000000060
34131  -28.076  -39.351  -29.665 0.4000000060
33376  -28.377  -40.255  -28.520 0.4000000060
35878  -27.911  -36.916  -30.146 0.4000000060
34978  -28.573  -37.750  -29.186 0.4000000060
35868  -26.072  -36.623  -29.251 0.4000000060
36704  -26.599  -35.385  -30.076 0.4000000060
113812  -27.724  -35.901  -30.209 0.4000000060
35869  -28.371  -36.476  -29.319 0.4000000060
35853  -26.114  -37.920  -26.230 0.3000000119
35862  -26.695  -37.024  -27.730 0.3000000119
35838  -26.446  -36.908  -26.099 0.4000000060
37467  -27.540  -35.145  -29.470 0.4000000060
35854  -26.697  -37.144  -26.645 0.4000000060
36685  -27.191  -36.493  -27.450 0.5000000000
35839  -27.060  -36.514  -26.431 0.4000000060
36686  -27.639  -35.912  -28.007 0.5000000000
36659  -26.687  -36.130  -25.820 0.4000000060
45305  -39.069  -25.137  -23.980 0.3000000119
46093  -39.076  -24.158  -24.189 0.3000000119
114485  -37.367  -17.302  -30.318 0.4000000060
47942  -37.709  -22.180  -24.241 0.3000000119
121790  -37.323  -21.276  -24.222 0.3000000119
112333  -37.211  -20.463  -24.487 0.3000000119
126878  -35.956  -19.646  -24.676 0.3000000119
51771  -36.085  -18.945  -25.068 0.3000000119
106411  -39.066  -16.842  -30.017 0.3000000119
53547  -38.034  -16.616  -30.151 0.4000000060
54423  -37.071  -15.465  -31.402 0.4000000060
55307  -36.537  -14.903  -31.744 0.3000000119
116360  -38.063  -20.167  -24.673 0.3000000119
118931  -38.709  -19.384  -24.885 0.3000000119
50890  -37.393  -19.629  -24.860 0.3000000119
50891  -38.017  -19.348  -24.878 0.3000000119
51773  -39.236  -18.656  -25.238 0.3000000119
108260  -40.187  -18.774  -25.443 0.3000000119
51772  -37.638  -18.088  -25.517 0.3000000119
111630  -38.330  -18.661  -25.122 0.3000000119
116063  -41.534  -18.654  -26.372 0.3000000119
115240  -36.704  -18.408  -25.591 0.3000000119
113777  -41.595  -18.951  -27.321 0.3000000119
52644  -36.111  -17.634  -25.648 0.3000000119
53498  -36.297  -16.826  -25.726 0.3000000119
54356  -35.570  -16.161  -25.612 0.3000000119
113952  -41.174  -17.430  -28.294 0.3000000119
121925  -40.383  -17.154  -28.962 0.3000000119
53535  -39.930  -16.515  -29.247 0.3000000119
56118  -33.310  -13.519  -25.966 0.3000000119
56983  -34.261  -12.136  -26.000 0.3000000119
56981  -32.363  -12.039  -26.429 0.3000000119
54411  -37.569  -15.527  -30.569 0.3000000119
51774  -39.799  -17.936  -25.546 0.3000000119
51786  -38.676  -17.822  -25.544 0.3000000119
51775  -40.868  -17.991  -25.690 0.3000000119
51787  -41.357  -18.018  -26.138 0.3000000119
51788  -41.525  -18.093  -26.922 0.3000000119
52645  -36.917  -17.518  -25.765 0.3000000119
52659  -37.820  -17.215  -25.648 0.3000000119
52660  -38.555  -17.023  -25.820 0.3000000119
52646  -40.296  -17.301  -25.919 0.3000000119
52662  -41.060  -17.333  -26.201 0.3000000119
52663  -41.334  -17.368  -26.751 0.3000000119
52671  -41.449  -17.542  -27.442 0.3000000119
53499  -37.152  -16.613  -25.751 0.3000000119
54355  -34.549  -16.106  -25.578 0.3000000119
54357  -36.595  -15.964  -25.776 0.3000000119
112166  -40.853  -16.527  -28.238 0.3000000119
55263  -35.657  -14.370  -25.629 0.3000000119
54400  -39.841  -15.526  -29.196 0.3000000119
114800  -34.779  -12.797  -25.812 0.3000000119
56984  -35.233  -11.926  -25.893 0.3000000119
53548  -39.134  -16.040  -29.937 0.3000000119
57844  -34.484  -11.368  -26.120 0.3000000119
54413  -39.113  -15.175  -29.837 0.3000000119
56161  -37.019  -13.987  -31.313 0.3000000119
56160  -36.184  -13.870  -31.868 0.3000000119
118155  -35.872  -14.317  -31.971 0.3000000119
52661  -39.361  -17.179  -25.871 0.3000000119
53515  -40.090  -16.497  -26.259 0.3000000119
53516  -41.007  -16.578  -26.721 0.3000000119
54358  -37.371  -15.893  -25.874 0.3000000119
113313  -38.737  -15.817  -26.019 0.3000000119
53514  -39.026  -16.445  -26.011 0.3000000119
55244  -36.113  -15.194  -25.676 0.3000000119
55264  -36.587  -14.318  -25.744 0.3000000119
55245  -37.175  -15.102  -25.899 0.3000000119
53525  -40.854  -16.042  -27.435 0.3000000119
54401  -40.290  -15.001  -28.414 0.3000000119
53536  -40.488  -15.769  -28.344 0.3000000119
55301  -39.675  -14.692  -29.145 0.3000000119
56985  -36.215  -12.032  -25.969 0.3000000119
111768  -35.173  -11.162  -26.123 0.3000000119
57845  -35.868  -11.325  -26.166 0.3000000119
55300  -38.915  -14.365  -29.700 0.3000000119
55299  -38.004  -14.131  -30.239 0.3000000119
54376  -40.324  -15.652  -26.842 0.3000000119
55265  -38.189  -14.642  -26.039 0.3000000119
54375  -39.676  -14.871  -26.586 0.3000000119
55267  -39.858  -14.068  -26.767 0.3000000119
54387  -40.485  -15.279  -27.556 0.3000000119
114474  -36.943  -13.616  -25.838 0.3000000119
109185  -38.271  -13.901  -26.145 0.3000000119
115263  -36.762  -12.830  -25.984 0.3000000119
57846  -36.582  -11.465  -26.340 0.3000000119
57847  -37.277  -11.251  -26.718 0.3000000119
56154  -39.451  -13.890  -28.942 0.3000000119
58730  -35.553  -10.636  -26.395 0.3000000119
58731  -36.487  -10.766  -26.672 0.3000000119
56153  -38.688  -13.521  -29.574 0.3000000119
56152  -37.745  -13.238  -30.357 0.3000000119
54374  -39.007  -15.071  -26.060 0.3000000119
54386  -40.171  -14.740  -27.073 0.3000000119
56123  -38.760  -13.349  -26.442 0.3000000119
55278  -40.287  -14.681  -27.660 0.3000000119
56986  -37.083  -11.978  -26.310 0.3000000119
57848  -38.061  -11.769  -26.711 0.3000000119
56144  -39.772  -13.572  -27.979 0.3000000119
59639  -35.611  -9.419  -27.049 0.3000000119
58754  -35.979  -10.052  -26.810 0.3000000119
58732  -37.401  -10.551  -27.183 0.3000000119
56151  -36.713  -13.040  -31.123 0.3000000119
57035  -36.488  -12.984  -31.658 0.3000000119
56132  -39.839  -13.391  -27.174 0.3000000119
55277  -40.110  -14.106  -27.355 0.3000000119
56988  -39.290  -12.743  -26.985 0.3000000119
57002  -38.771  -12.074  -27.031 0.3000000119
57865  -39.043  -12.041  -27.587 0.3000000119
57015  -39.528  -12.762  -27.751 0.3000000119
58755  -36.798  -10.058  -27.255 0.3000000119
57863  -37.975  -10.995  -27.230 0.3000000119
56143  -39.257  -13.043  -28.666 0.3000000119
106949  -37.741  -9.792  -27.579 0.3000000119
122115  -38.059  -10.311  -27.527 0.3000000119
57864  -38.568  -11.405  -27.410 0.3000000119
57025  -38.455  -12.628  -29.450 0.3000000119
57024  -37.544  -12.243  -30.409 0.3000000119
57023  -36.621  -12.346  -31.059 0.3000000119
114060  -37.353  -11.108  -32.740 0.3000000119
57898  -36.880  -11.612  -32.476 0.3000000119
57892  -36.527  -11.904  -31.595 0.3000000119
60554  -36.210  -8.935  -27.493 0.3000000119
57014  -38.952  -12.183  -28.402 0.3000000119
59640  -37.006  -9.348  -27.621 0.3000000119
59641  -38.194  -9.835  -27.885 0.3000000119
57874  -38.570  -11.223  -28.262 0.3000000119
109273  -38.254  -11.715  -29.307 0.3000000119
111564  -37.656  -11.401  -30.127 0.3000000119
113539  -37.197  -10.934  -30.461 0.3000000119
118933  -36.669  -11.033  -31.768 0.3000000119
126910  -36.706  -11.215  -31.101 0.3000000119
58791  -37.206  -10.690  -32.362 0.3000000119
60568  -36.951  -8.606  -27.960 0.3000000119
59657  -37.874  -9.116  -27.975 0.3000000119
59658  -38.171  -9.550  -28.314 0.3000000119
58768  -38.322  -10.210  -28.370 0.3000000119
57883  -38.084  -10.712  -29.383 0.3000000119
58775  -37.993  -9.767  -29.174 0.3000000119
111225  -37.323  -9.967  -30.661 0.3000000119
58774  -37.425  -10.261  -30.089 0.3000000119
59679  -37.077  -10.278  -31.604 0.3000000119
58784  -36.940  -10.633  -30.975 0.3000000119
59685  -37.482  -9.625  -32.212 0.3000000119
57911  -38.675  -10.706  -33.315 0.3000000119
57910  -37.940  -10.920  -32.934 0.3000000119
61442  -36.694  -7.986  -28.504 0.3000000119
60569  -37.427  -8.509  -28.626 0.3000000119
60570  -37.813  -9.100  -28.805 0.3000000119
59671  -37.460  -9.269  -29.928 0.3000000119
117037  -37.772  -10.080  -32.563 0.3000000119
58801  -38.373  -10.329  -33.219 0.3000000119
57912  -39.214  -10.382  -33.442 0.3000000119
32651  -32.762  -41.941  -34.033 0.4000000060
120070  -26.376  -37.788  -26.835 0.3000000119
36706  -27.872  -35.481  -29.741 0.4000000060
36695  -26.733  -35.646  -29.165 0.4000000060
36671  -27.527  -36.092  -26.989 0.4000000060
120392  -35.551  -28.638  -23.809 0.3000000119
116053  -36.866  -19.144  -25.237 0.3000000119
122446  -39.481  -19.361  -25.100 0.3000000119
55243  -35.119  -15.258  -25.531 0.3000000119
55262  -34.687  -14.397  -25.622 0.3000000119
124569  -33.339  -12.891  -26.072 0.3000000119
56982  -33.358  -12.274  -26.203 0.3000000119
113905  -33.777  -11.597  -26.201 0.3000000119
34968  -26.213  -37.891  -27.780 0.4000000060
35876  -26.113  -35.898  -30.200 0.4000000060
36705  -27.168  -35.348  -30.201 0.4000000060
112561  -37.481  -18.897  -25.232 0.3000000119
53513  -38.071  -16.348  -25.833 0.3000000119
52670  -41.295  -16.817  -27.411 0.3000000119
58728  -33.701  -10.741  -26.352 0.3000000119
105567  -39.536  -15.708  -26.284 0.3000000119
54373  -38.066  -15.480  -25.977 0.3000000119
116159  -37.476  -14.133  -25.920 0.3000000119
55291  -39.972  -14.324  -28.235 0.3000000119
55266  -39.145  -14.161  -26.266 0.3000000119
56124  -39.464  -13.524  -26.676 0.3000000119
56122  -37.726  -13.286  -26.188 0.3000000119
59621  -35.121  -9.948  -26.584 0.3000000119
118817  -37.603  -12.493  -26.333 0.3000000119
56987  -38.418  -12.594  -26.597 0.3000000119
58756  -38.343  -10.609  -27.765 0.3000000119
57882  -36.864  -11.637  -30.752 0.3000000119
58795  -37.812  -10.535  -32.792 0.3000000119
60595  -37.513  -8.601  -30.649 0.3000000119
34116  -25.673  -39.023  -27.721 0.4000000060
42062  -39.216  -29.861  -29.138 0.4000000060
27057  -25.062  -48.008  -27.741 0.3000000119
26104  -24.714  -48.734  -27.599 0.3000000119
27073  -24.891  -47.241  -28.098 0.3000000119
26105  -25.736  -48.475  -27.480 0.3000000119
35837  -25.742  -37.185  -25.833 0.3000000119
36658  -25.925  -36.321  -25.690 0.3000000119
35887  -26.622  -36.841  -30.885 0.3000000119
35867  -25.913  -36.823  -30.201 0.3000000119
35877  -27.188  -36.188  -30.686 0.3000000119
34984  -28.052  -38.219  -29.861 0.3000000119
34983  -27.293  -37.393  -30.739 0.3000000119
34977  -25.755  -37.784  -29.142 0.3000000119
35886  -26.188  -36.594  -30.586 0.3000000119
26096  -31.329  -48.276  -26.824 0.4000000060
26108  -28.243  -48.056  -26.638 0.6000000238
26118  -24.386  -48.082  -28.167 0.3000000119
26127  -33.298  -48.472  -29.927 0.5000000000
28047  -29.998  -46.795  -26.392 0.6000000238
28064  -27.102  -46.698  -27.233 0.6000000238
28949  -33.211  -45.567  -26.416 0.6000000238
28966  -26.754  -45.724  -27.542 0.5000000000
28988  -26.128  -45.080  -28.032 0.4000000060
29007  -34.549  -45.698  -29.474 0.5000000000
29025  -34.086  -45.982  -30.935 0.5000000000
29929  -35.454  -43.677  -27.838 0.6999999881
29944  -27.186  -44.037  -28.083 0.4000000060
29957  -35.236  -44.520  -29.660 0.6000000238
30869  -26.949  -43.125  -29.217 0.4000000060
30880  -34.861  -43.622  -31.251 0.6999999881
30888  -31.574  -42.557  -32.901 0.6000000238
31770  -33.966  -42.197  -31.681 0.6999999881
31791  -31.445  -42.101  -33.069 0.6000000238
32589  -35.845  -41.555  -28.472 0.8000000119
32631  -31.812  -41.519  -32.866 0.6000000238
33416  -32.235  -40.721  -33.119 0.6000000238
34945  -33.385  -38.278  -24.615 0.6000000238
34947  -35.283  -37.945  -24.539 0.8000000119
34971  -37.633  -38.502  -26.148 0.6999999881
34979  -36.857  -38.562  -28.663 0.8000000119
34993  -33.528  -38.730  -31.582 0.6999999881
35889  -33.579  -36.999  -31.081 0.6999999881
35916  -32.821  -37.203  -32.461 0.6999999881
36715  -26.545  -35.911  -30.524 0.4000000060
36746  -36.032  -36.571  -34.219 0.6999999881
37429  -31.399  -35.095  -25.948 0.6000000238
37447  -38.537  -35.493  -27.053 0.6999999881
37456  -27.018  -35.033  -29.693 0.4000000060
37471  -36.163  -35.591  -30.072 0.8000000119
38180  -29.228  -34.222  -26.799 0.4000000060
38183  -30.990  -34.414  -26.362 0.5000000000
39719  -33.674  -32.247  -28.966 0.8000000119
39732  -35.014  -33.021  -29.340 0.8000000119
40383  -37.727  -30.859  -23.500 0.6999999881
40468  -32.612  -31.147  -29.266 0.8000000119
40497  -37.354  -31.244  -31.152 0.5000000000
41143  -38.099  -30.381  -23.463 0.6999999881
41211  -35.004  -29.962  -28.103 0.6999999881
41252  -30.293  -30.054  -30.885 1.0000000000
41259  -38.447  -30.955  -30.712 0.5000000000
42038  -36.450  -29.532  -27.459 0.6999999881
42834  -31.084  -28.413  -29.448 0.8000000119
42858  -30.681  -28.503  -30.025 0.8000000119
43625  -33.960  -27.251  -27.998 0.8000000119
43660  -31.127  -27.913  -29.874 0.8000000119
43675  -31.462  -27.753  -30.078 0.8000000119
44495  -31.735  -27.263  -29.409 0.8000000119
45336  -35.381  -25.173  -27.712 0.8000000119
45353  -32.832  -24.778  -28.736 0.8000000119
45382  -37.106  -25.032  -31.071 0.6000000238
47016  -34.486  -24.064  -28.716 0.8000000119
49971  -32.418  -20.199  -24.086 0.3000000119
50003  -41.568  -20.904  -27.435 0.6000000238
107292  -32.786  -39.053  -32.123 0.6999999881
109565  -36.312  -9.569  -27.242 0.3000000119
109786  -38.623  -33.215  -24.329 0.6999999881
114922  -32.664  -28.103  -28.421 0.8000000119
117650  -38.492  -26.639  -26.850 0.6000000238
119985  -37.692  -31.794  -27.880 0.6999999881
120135  -37.636  -31.535  -31.286 0.5000000000
120929  -30.773  -38.942  -25.925 0.5000000000
121086  -40.646  -16.894  -26.288 0.3000000119
121777  -30.520  -41.567  -26.156 0.6000000238
121927  -33.503  -46.243  -27.598 0.5000000000
122611  -34.603  -25.016  -27.990 0.8000000119
122907  -33.704  -26.209  -23.568 0.3000000119
123443  -26.258  -47.886  -27.399 0.3000000119
125681  -39.171  -32.394  -24.672 0.6999999881
126167  -37.471  -9.796  -29.919 0.3000000119
