#!ascii label  , from subject 001 vox2ras=TkReg
1243
7389  -34.791  -69.588  -43.551 0.5000000000
8185  -34.540  -69.712  -44.179 0.6000000238
10734  -38.143  -65.181  -37.659 0.3000000119
7387  -33.473  -69.491  -43.672 0.5000000000
9856  -38.441  -66.696  -39.635 0.4000000060
10753  -38.738  -65.548  -39.268 0.4000000060
11620  -38.908  -64.754  -38.596 0.4000000060
10760  -38.914  -66.033  -39.887 0.4000000060
9898  -35.702  -67.598  -43.645 0.5000000000
9031  -35.325  -68.528  -43.525 0.5000000000
8186  -35.123  -68.838  -43.179 0.5000000000
9884  -35.083  -66.707  -43.585 0.6000000238
105882  -35.095  -67.884  -43.826 0.5000000000
111815  -34.977  -69.457  -44.103 0.6000000238
11578  -39.059  -64.403  -36.178 0.3000000119
9046  -34.190  -68.477  -45.101 0.5000000000
120262  -38.338  -67.621  -40.436 0.5000000000
126626  -39.303  -64.459  -37.091 0.3000000119
9914  -34.362  -67.768  -44.869 0.6000000238
121718  -33.913  -68.879  -45.116 0.5000000000
9864  -38.985  -66.449  -40.972 0.5000000000
9863  -38.773  -66.719  -40.385 0.4000000060
11641  -39.265  -64.693  -39.271 0.4000000060
11621  -39.466  -64.179  -38.652 0.3000000119
11599  -39.371  -64.272  -37.908 0.3000000119
9875  -38.844  -66.512  -41.817 0.4000000060
10761  -39.233  -65.764  -40.483 0.4000000060
11661  -39.677  -64.858  -40.464 0.4000000060
10774  -39.402  -65.699  -41.344 0.4000000060
11704  -37.260  -65.230  -44.052 0.6999999881
10785  -37.025  -65.905  -43.693 0.6999999881
10794  -36.707  -66.521  -43.775 0.6999999881
8171  -35.878  -68.505  -42.329 0.5000000000
12595  -37.245  -64.246  -43.022 0.6999999881
11688  -37.071  -65.214  -43.190 0.6999999881
10784  -36.327  -65.991  -43.128 0.8000000119
9885  -35.801  -66.607  -43.642 0.5000000000
8154  -36.865  -68.666  -41.688 0.5000000000
10773  -35.955  -65.747  -42.170 0.6999999881
8155  -37.595  -68.602  -41.537 0.4000000060
8989  -38.102  -68.334  -41.114 0.5000000000
109527  -39.560  -64.672  -35.758 0.3000000119
9873  -34.889  -66.106  -42.602 0.6000000238
9002  -38.234  -68.346  -41.656 0.5000000000
9874  -38.560  -67.529  -41.146 0.5000000000
11579  -40.139  -64.332  -36.499 0.3000000119
9883  -34.696  -66.385  -43.454 0.5000000000
9886  -38.579  -67.482  -42.334 0.5000000000
10786  -39.796  -65.890  -43.382 0.4000000060
114392  -39.313  -65.927  -42.302 0.4000000060
12567  -40.238  -64.260  -40.905 0.4000000060
12547  -40.135  -64.057  -40.261 0.4000000060
12522  -39.928  -63.837  -39.327 0.4000000060
10787  -40.864  -65.290  -43.143 0.3000000119
11689  -40.080  -65.248  -42.164 0.4000000060
14450  -35.768  -61.437  -43.615 0.5000000000
13527  -35.849  -62.171  -43.641 0.6000000238
13537  -36.169  -62.094  -44.187 0.6000000238
12611  -36.718  -63.552  -43.800 0.6000000238
12612  -37.185  -64.526  -43.676 0.6000000238
15348  -34.930  -60.285  -43.591 0.5000000000
118910  -34.885  -61.097  -43.035 0.5000000000
14419  -35.738  -61.331  -42.192 0.6000000238
13528  -36.165  -62.846  -43.487 0.6000000238
13529  -36.976  -63.368  -42.945 0.6999999881
9032  -36.469  -68.179  -43.387 0.6000000238
9802  -40.782  -67.297  -34.724 0.3000000119
15316  -34.246  -60.248  -42.199 0.6999999881
15317  -34.834  -60.815  -42.215 0.6000000238
123076  -35.629  -61.066  -41.188 0.6000000238
14420  -36.592  -62.033  -41.838 0.6000000238
12566  -37.009  -62.875  -41.936 0.6999999881
121338  -37.051  -64.205  -41.770 0.6999999881
9047  -38.117  -67.683  -44.710 0.6000000238
9033  -37.578  -68.175  -43.853 0.6000000238
8172  -36.909  -68.825  -42.197 0.5000000000
16185  -33.660  -59.581  -42.275 0.6999999881
15300  -34.590  -60.856  -41.331 0.6000000238
14404  -35.169  -61.107  -40.536 0.6000000238
118680  -36.474  -61.509  -40.993 0.6000000238
12546  -36.615  -63.044  -40.397 0.6999999881
11673  -35.687  -65.426  -41.285 0.6999999881
8156  -38.003  -68.622  -41.998 0.5000000000
15298  -33.149  -60.607  -40.775 0.6999999881
15315  -33.729  -60.418  -41.499 0.6000000238
15299  -34.104  -61.226  -40.379 0.6999999881
13492  -36.427  -62.140  -40.038 0.6000000238
12545  -36.197  -63.036  -39.373 0.6000000238
10772  -35.178  -66.048  -41.800 0.6999999881
9034  -38.481  -68.085  -43.984 0.5000000000
9901  -38.941  -67.695  -43.668 0.5000000000
14394  -35.047  -61.375  -39.641 0.6000000238
13491  -35.902  -62.392  -39.111 0.6000000238
11659  -35.303  -64.826  -40.517 0.6000000238
10771  -34.648  -65.727  -41.808 0.6000000238
10782  -34.387  -65.824  -42.865 0.6000000238
9916  -38.624  -67.234  -44.561 0.5000000000
127073  -39.993  -64.209  -37.327 0.3000000119
15290  -33.413  -60.976  -39.494 0.6999999881
14382  -34.046  -60.904  -38.277 0.6000000238
14384  -35.219  -61.713  -38.990 0.6000000238
109535  -35.496  -63.611  -39.135 0.6000000238
11640  -35.058  -64.384  -39.733 0.5000000000
11639  -34.146  -64.246  -40.046 0.5000000000
10770  -33.894  -65.118  -42.224 0.5000000000
10781  -33.694  -65.494  -43.360 0.5000000000
9902  -39.319  -66.791  -44.026 0.5000000000
10799  -42.089  -64.606  -42.935 0.3000000119
10788  -41.701  -64.847  -42.614 0.3000000119
11690  -41.079  -64.727  -42.248 0.3000000119
12582  -40.877  -64.204  -41.463 0.4000000060
12568  -41.105  -64.028  -40.850 0.4000000060
10798  -41.371  -65.037  -43.521 0.3000000119
11677  -40.584  -64.543  -41.781 0.4000000060
17138  -35.878  -58.927  -43.375 0.5000000000
16210  -35.290  -59.848  -43.738 0.5000000000
15350  -35.959  -60.611  -43.768 0.5000000000
14466  -36.171  -61.404  -43.929 0.5000000000
109227  -34.982  -58.225  -42.997 0.5000000000
16200  -35.108  -58.912  -43.405 0.5000000000
16199  -34.649  -59.619  -43.324 0.5000000000
15349  -35.426  -60.696  -43.663 0.5000000000
116981  -36.666  -62.662  -44.494 0.6000000238
11714  -37.147  -63.787  -44.326 0.6000000238
16198  -34.116  -59.231  -42.835 0.5000000000
11715  -37.383  -64.712  -44.440 0.6000000238
10795  -37.310  -66.189  -44.381 0.8000000119
8901  -41.884  -68.522  -35.479 0.3000000119
17112  -33.544  -58.938  -42.377 0.6000000238
16186  -34.224  -59.789  -42.812 0.6000000238
11733  -38.108  -64.613  -45.071 0.4000000060
8914  -42.028  -68.390  -35.110 0.3000000119
16171  -33.017  -59.817  -41.722 0.6999999881
121879  -37.963  -65.915  -45.274 0.5000000000
9900  -37.332  -67.109  -44.346 0.6000000238
126959  -40.935  -65.939  -35.415 0.3000000119
103462  -40.180  -65.271  -35.316 0.3000000119
16170  -32.497  -60.000  -41.071 0.6999999881
10829  -38.399  -65.441  -45.197 0.4000000060
103463  -40.687  -64.611  -35.869 0.3000000119
15297  -32.677  -60.583  -40.192 0.6000000238
10809  -38.496  -66.302  -45.069 0.4000000060
11622  -40.262  -63.868  -38.176 0.3000000119
16157  -32.079  -60.174  -40.250 0.6000000238
15289  -32.571  -60.682  -39.348 0.6999999881
14383  -34.645  -61.533  -38.383 0.6000000238
109875  -34.170  -63.286  -38.531 0.5000000000
12543  -33.735  -63.677  -39.252 0.5000000000
11672  -34.158  -64.913  -41.090 0.6000000238
10811  -40.254  -65.422  -44.494 0.4000000060
10796  -39.815  -66.081  -44.276 0.4000000060
13541  -42.363  -63.149  -43.768 0.3000000119
118782  -42.314  -64.101  -43.409 0.3000000119
12597  -42.704  -64.013  -42.846 0.3000000119
11692  -42.975  -64.894  -42.745 0.3000000119
11678  -41.909  -65.116  -41.347 0.4000000060
12523  -40.847  -63.694  -38.951 0.3000000119
14368  -34.090  -61.335  -37.788 0.6000000238
12520  -33.746  -62.982  -37.930 0.5000000000
12519  -33.347  -63.420  -38.391 0.5000000000
11657  -33.203  -63.889  -40.057 0.5000000000
105335  -33.179  -64.404  -41.657 0.5000000000
123470  -32.565  -64.083  -42.294 0.6000000238
11686  -33.072  -64.521  -42.942 0.5000000000
10812  -41.082  -65.030  -44.240 0.3000000119
11705  -41.704  -64.409  -43.810 0.3000000119
13454  -33.558  -62.322  -37.627 0.5000000000
12542  -32.791  -63.758  -39.208 0.5000000000
12580  -31.900  -63.918  -41.080 0.5000000000
122699  -36.775  -57.413  -41.858 0.5000000000
18040  -36.406  -57.582  -42.646 0.5000000000
16201  -36.802  -59.076  -43.020 0.5000000000
16202  -37.741  -59.290  -42.774 0.5000000000
16212  -37.021  -59.955  -43.098 0.5000000000
15351  -37.291  -60.782  -43.462 0.5000000000
18038  -34.723  -57.682  -42.175 0.5000000000
17128  -36.606  -58.030  -43.072 0.5000000000
14468  -37.399  -61.746  -44.835 0.4000000060
17126  -34.255  -58.539  -42.673 0.5000000000
125645  -37.836  -62.060  -45.036 0.4000000060
8041  -41.780  -68.664  -34.591 0.3000000119
8058  -42.332  -68.505  -35.147 0.3000000119
17113  -33.804  -58.267  -41.791 0.6000000238
13565  -37.743  -62.723  -44.817 0.4000000060
12641  -37.748  -63.697  -44.765 0.4000000060
125724  -33.490  -58.049  -41.145 0.6000000238
106608  -32.972  -59.239  -42.146 0.6000000238
9812  -41.449  -67.223  -35.239 0.3000000119
104393  -41.641  -66.131  -35.722 0.3000000119
17111  -32.455  -58.920  -42.126 0.6000000238
11734  -38.990  -64.835  -45.127 0.4000000060
12627  -39.533  -64.111  -44.823 0.4000000060
11716  -39.777  -64.961  -44.904 0.4000000060
104587  -41.281  -64.078  -36.402 0.3000000119
16169  -31.871  -59.653  -41.258 0.6999999881
11717  -40.472  -64.585  -44.660 0.3000000119
12629  -41.269  -64.091  -44.382 0.3000000119
18025  -37.097  -57.602  -42.281 0.5000000000
17129  -37.407  -58.362  -42.677 0.5000000000
17130  -38.238  -58.779  -42.279 0.5000000000
16203  -38.578  -59.828  -42.413 0.4000000060
18024  -36.288  -57.336  -41.845 0.5000000000
15335  -37.809  -60.263  -42.862 0.4000000060
15352  -37.840  -61.004  -43.262 0.4000000060
18920  -36.170  -56.836  -40.829 0.6000000238
14453  -39.096  -61.816  -43.705 0.4000000060
13552  -38.504  -62.461  -44.578 0.4000000060
8915  -42.724  -67.989  -35.792 0.3000000119
8074  -42.513  -68.253  -35.421 0.3000000119
12626  -38.583  -63.367  -44.605 0.4000000060
13553  -39.465  -63.091  -44.414 0.4000000060
13554  -40.337  -62.692  -44.217 0.4000000060
12628  -40.487  -63.616  -44.584 0.3000000119
13555  -41.305  -63.100  -44.345 0.3000000119
16156  -31.348  -59.900  -40.433 0.6000000238
17114  -37.822  -58.043  -41.960 0.5000000000
17115  -38.669  -58.148  -41.536 0.4000000060
18921  -36.834  -56.950  -40.965 0.5000000000
109333  -37.416  -57.004  -41.221 0.5000000000
16204  -39.386  -60.301  -41.504 0.4000000060
118123  -34.922  -57.175  -41.351 0.6000000238
18902  -36.687  -55.950  -40.368 0.6000000238
18903  -37.588  -56.108  -40.476 0.6000000238
107634  -39.076  -60.702  -42.288 0.4000000060
18022  -34.205  -57.680  -41.041 0.6000000238
18919  -35.427  -56.677  -40.789 0.6000000238
14436  -39.325  -61.398  -42.833 0.4000000060
18007  -34.575  -56.785  -40.705 0.6000000238
14470  -39.298  -62.292  -44.104 0.4000000060
14454  -40.112  -62.073  -43.465 0.4000000060
117192  -41.114  -61.664  -43.643 0.4000000060
119265  -41.178  -65.034  -35.573 0.3000000119
10695  -42.862  -65.488  -35.381 0.3000000119
113451  -33.627  -57.237  -40.745 0.6000000238
13539  -41.204  -62.120  -44.113 0.4000000060
11580  -41.628  -63.939  -36.816 0.3000000119
103465  -42.034  -64.626  -36.015 0.3000000119
126258  -32.121  -58.478  -42.113 0.6000000238
16168  -31.120  -59.516  -41.412 0.6000000238
18019  -32.065  -57.587  -42.081 0.6999999881
19843  -32.328  -55.763  -41.241 0.6999999881
18917  -31.776  -56.440  -42.023 0.6999999881
18018  -31.144  -57.110  -42.251 0.6000000238
20742  -33.274  -54.403  -39.627 0.6999999881
20729  -33.175  -54.092  -39.231 0.6000000238
19826  -32.023  -55.018  -40.533 0.6999999881
18026  -37.990  -57.357  -41.514 0.5000000000
123278  -38.760  -57.106  -41.306 0.5000000000
125584  -38.371  -55.703  -40.493 0.5000000000
18904  -39.151  -55.309  -40.730 0.5000000000
18922  -38.293  -56.286  -40.988 0.5000000000
126030  -39.237  -57.812  -41.178 0.5000000000
17116  -39.462  -58.687  -41.056 0.4000000060
16187  -39.038  -59.215  -41.676 0.4000000060
19832  -37.076  -55.518  -39.859 0.6000000238
19833  -38.328  -55.505  -40.128 0.6000000238
108450  -39.280  -55.236  -40.394 0.6000000238
15318  -40.020  -60.472  -40.986 0.4000000060
19811  -37.458  -55.575  -39.597 0.6000000238
19812  -38.516  -55.486  -39.865 0.6000000238
15337  -39.802  -61.038  -41.819 0.4000000060
18900  -34.118  -56.031  -40.250 0.6000000238
19830  -35.555  -54.625  -40.000 0.6000000238
19810  -36.546  -54.607  -39.374 0.6000000238
114310  -36.874  -55.257  -39.101 0.6000000238
19798  -37.955  -55.581  -39.364 0.6000000238
14437  -40.376  -61.466  -42.675 0.4000000060
15340  -42.346  -59.985  -42.822 0.4000000060
19829  -34.649  -54.855  -39.901 0.6000000238
20733  -35.751  -54.000  -39.329 0.6000000238
19797  -36.337  -54.395  -38.546 0.6000000238
18868  -37.403  -55.911  -38.707 0.6000000238
17977  -37.764  -56.820  -38.159 0.6000000238
14438  -41.334  -61.252  -42.883 0.4000000060
15353  -42.130  -60.854  -43.030 0.4000000060
20744  -35.019  -53.995  -39.362 0.5000000000
20716  -36.085  -53.911  -38.772 0.6000000238
18867  -36.543  -55.426  -38.374 0.6000000238
18856  -36.972  -56.400  -37.924 0.6000000238
17069  -37.631  -58.381  -37.299 0.6999999881
18899  -33.162  -55.988  -40.710 0.6000000238
20732  -35.143  -53.663  -38.963 0.6000000238
123050  -35.993  -53.897  -38.227 0.6000000238
17969  -37.299  -57.408  -37.515 0.6000000238
17060  -38.170  -58.967  -36.896 0.6000000238
123460  -39.285  -58.899  -35.931 0.6000000238
19784  -35.801  -54.556  -37.865 0.6000000238
17968  -36.547  -57.021  -37.164 0.6000000238
17961  -36.958  -58.034  -36.754 0.6000000238
17050  -38.570  -58.716  -35.565 0.6000000238
20731  -34.473  -53.634  -38.995 0.6000000238
20696  -35.801  -53.940  -37.992 0.6000000238
18842  -36.021  -56.762  -37.014 0.5000000000
17960  -36.316  -57.632  -36.304 0.6000000238
17049  -37.555  -58.545  -35.505 0.6000000238
19783  -35.576  -54.256  -37.902 0.5000000000
19842  -31.517  -55.697  -41.262 0.6999999881
21694  -32.674  -54.119  -39.136 0.6999999881
20713  -33.448  -53.843  -38.742 0.5000000000
118586  -34.634  -54.534  -37.912 0.6000000238
18841  -35.598  -56.709  -37.011 0.5000000000
17959  -35.858  -57.426  -36.064 0.5000000000
18853  -34.170  -55.893  -37.462 0.6000000238
22591  -22.768  -52.782  -36.843 0.6000000238
109397  -24.788  -52.231  -36.806 0.6000000238
21661  -24.008  -53.129  -37.277 0.6000000238
18923  -39.183  -56.001  -41.312 0.5000000000
18905  -39.844  -55.142  -41.250 0.5000000000
18924  -39.987  -55.891  -41.712 0.5000000000
17117  -40.639  -57.954  -41.011 0.5000000000
15301  -39.989  -59.845  -40.744 0.4000000060
18884  -38.853  -55.556  -39.686 0.5000000000
121069  -39.680  -55.488  -39.891 0.5000000000
17994  -40.147  -56.219  -39.191 0.5000000000
16189  -40.852  -59.068  -40.984 0.4000000060
16190  -41.526  -59.183  -42.021 0.4000000060
18870  -39.323  -56.248  -39.145 0.5000000000
17980  -40.624  -57.097  -38.696 0.5000000000
15338  -40.608  -61.010  -41.783 0.4000000060
16205  -42.266  -59.303  -42.671 0.4000000060
17978  -38.487  -57.281  -38.215 0.5000000000
17079  -39.245  -57.680  -38.175 0.5000000000
17979  -39.767  -57.015  -38.592 0.5000000000
15339  -41.649  -60.345  -42.364 0.4000000060
17070  -38.494  -58.347  -37.701 0.6000000238
16146  -39.458  -58.495  -37.698 0.6000000238
16137  -39.012  -58.837  -37.069 0.6000000238
16138  -39.692  -58.969  -37.231 0.5000000000
17033  -38.861  -58.238  -34.928 0.4000000060
17051  -39.445  -58.618  -35.444 0.4000000060
17941  -41.026  -57.543  -35.218 0.4000000060
17031  -37.219  -58.192  -34.709 0.6000000238
17032  -38.025  -58.344  -34.819 0.6000000238
17921  -39.292  -57.691  -34.393 0.5000000000
17922  -40.266  -57.478  -34.564 0.4000000060
112342  -40.824  -56.779  -34.894 0.4000000060
18816  -40.449  -56.436  -34.333 0.4000000060
109995  -30.297  -56.846  -41.988 0.6999999881
17048  -36.748  -58.261  -35.150 0.6000000238
17920  -38.442  -57.933  -34.235 0.5000000000
18815  -39.929  -56.986  -33.790 0.4000000060
20712  -32.585  -53.988  -38.722 0.6000000238
18840  -34.637  -56.779  -36.919 0.5000000000
17939  -35.563  -57.873  -35.147 0.5000000000
17016  -37.636  -57.967  -34.104 0.5000000000
127175  -38.430  -57.224  -32.959 0.5000000000
17906  -38.952  -57.296  -33.620 0.4000000060
19737  -39.652  -55.343  -33.531 0.4000000060
20694  -33.659  -54.321  -38.090 0.6000000238
17014  -36.140  -57.860  -34.176 0.5000000000
22569  -23.001  -52.516  -35.417 0.6999999881
23490  -23.915  -51.876  -35.888 0.6000000238
23469  -23.368  -51.786  -35.134 0.6999999881
23504  -24.273  -51.793  -36.307 0.6000000238
23472  -24.681  -51.176  -34.943 0.6000000238
117250  -25.637  -52.330  -37.266 0.6000000238
23492  -25.711  -50.786  -36.402 0.6000000238
23480  -25.257  -50.758  -35.614 0.6000000238
114636  -25.367  -52.643  -34.442 0.6000000238
21635  -25.863  -53.496  -33.741 0.6000000238
21675  -24.454  -53.737  -38.027 0.5000000000
23506  -26.096  -51.586  -36.919 0.6000000238
23493  -26.236  -51.245  -36.409 0.6000000238
115412  -26.246  -52.732  -35.556 0.6000000238
21640  -25.991  -53.408  -34.753 0.6000000238
18028  -40.326  -56.816  -41.545 0.5000000000
21676  -25.453  -53.627  -38.105 0.5000000000
22601  -25.912  -52.851  -37.729 0.5000000000
21641  -26.500  -53.639  -35.446 0.5000000000
20666  -26.392  -54.372  -34.948 0.5000000000
19834  -39.797  -54.877  -40.839 0.4000000060
109937  -40.242  -54.994  -41.040 0.5000000000
18029  -41.261  -56.786  -41.543 0.5000000000
17118  -41.529  -58.031  -41.395 0.4000000060
22603  -26.897  -53.229  -37.400 0.5000000000
22596  -26.935  -52.983  -37.114 0.5000000000
20667  -26.853  -54.635  -35.464 0.5000000000
19745  -26.790  -55.112  -34.851 0.5000000000
18885  -40.527  -55.487  -39.946 0.5000000000
18041  -42.937  -57.594  -41.906 0.4000000060
109108  -43.316  -58.106  -42.679 0.4000000060
21678  -26.939  -53.689  -37.863 0.5000000000
22586  -27.553  -53.492  -37.137 0.5000000000
20679  -27.691  -54.184  -36.323 0.6000000238
123108  -27.381  -55.139  -35.758 0.6000000238
17132  -42.815  -58.596  -42.910 0.4000000060
115197  -28.918  -53.911  -37.783 0.6000000238
21662  -28.438  -53.966  -37.431 0.6000000238
20680  -28.415  -54.083  -36.966 0.6999999881
17080  -40.160  -58.087  -38.217 0.4000000060
17072  -40.767  -58.720  -37.792 0.5000000000
18897  -27.555  -56.386  -40.682 0.6000000238
114189  -41.127  -58.800  -37.004 0.5000000000
17942  -41.715  -57.569  -35.814 0.4000000060
18898  -28.311  -55.923  -40.838 0.6000000238
17061  -40.797  -58.666  -36.206 0.4000000060
19840  -29.181  -55.940  -41.143 0.6000000238
124930  -30.574  -55.271  -40.334 0.6000000238
21682  -31.422  -54.138  -38.837 0.6000000238
19825  -31.202  -55.004  -40.340 0.6999999881
18852  -33.166  -56.172  -37.430 0.6000000238
18839  -33.520  -56.913  -36.864 0.6000000238
17958  -34.976  -57.449  -35.844 0.5000000000
112023  -22.802  -52.743  -34.876 0.6999999881
22561  -23.590  -52.121  -34.500 0.6999999881
22544  -23.881  -52.732  -33.856 0.6000000238
22562  -24.269  -52.036  -34.499 0.6000000238
122183  -24.774  -53.028  -33.504 0.6000000238
106369  -24.886  -52.224  -34.478 0.6000000238
20638  -26.653  -53.811  -33.411 0.6000000238
20657  -26.485  -54.360  -34.320 0.6000000238
19814  -40.899  -55.338  -40.706 0.5000000000
19835  -40.971  -55.577  -41.208 0.5000000000
125955  -40.642  -56.037  -41.692 0.5000000000
20658  -27.173  -55.176  -34.429 0.6000000238
20639  -27.311  -54.627  -33.940 0.5000000000
19845  -42.012  -56.019  -41.279 0.5000000000
17119  -42.187  -57.176  -41.659 0.5000000000
18031  -43.094  -56.585  -41.655 0.4000000060
18821  -28.335  -56.361  -35.228 0.6000000238
19754  -27.168  -55.577  -35.184 0.6000000238
19730  -27.832  -55.697  -34.000 0.5000000000
17995  -41.047  -56.235  -39.245 0.5000000000
109041  -27.742  -55.774  -40.113 0.6000000238
108798  -28.393  -54.504  -38.952 0.4000000060
21690  -28.881  -54.042  -38.253 0.6000000238
20681  -29.048  -54.612  -36.919 0.6000000238
19768  -28.548  -55.723  -36.124 0.6000000238
18813  -27.988  -56.250  -34.498 0.6000000238
17081  -41.105  -57.999  -38.398 0.4000000060
17982  -42.486  -57.333  -38.958 0.4000000060
109902  -29.253  -54.423  -39.064 0.5000000000
21680  -29.642  -53.770  -38.090 0.5000000000
21663  -29.364  -53.816  -37.740 0.6000000238
20689  -29.045  -53.992  -37.442 0.6999999881
19769  -29.409  -55.682  -36.534 0.6000000238
18835  -29.731  -56.595  -36.105 0.6000000238
18822  -29.346  -56.737  -35.249 0.6000000238
17073  -41.706  -58.305  -37.558 0.5000000000
108893  -29.024  -55.428  -40.337 0.6000000238
21664  -30.090  -53.744  -37.982 0.6000000238
19778  -29.947  -54.737  -37.212 0.6000000238
18836  -30.617  -56.705  -36.403 0.6000000238
17934  -30.620  -57.452  -34.963 0.6000000238
17914  -30.465  -57.203  -34.548 0.6000000238
17062  -41.707  -58.267  -36.433 0.4000000060
20727  -30.032  -54.437  -39.172 0.5000000000
21681  -30.466  -54.162  -38.626 0.6000000238
19779  -30.793  -54.939  -37.418 0.6000000238
17954  -31.022  -57.288  -35.723 0.6000000238
17935  -31.395  -57.630  -34.918 0.6000000238
20728  -30.704  -54.356  -39.269 0.6000000238
19780  -31.658  -54.981  -37.526 0.6000000238
18837  -31.574  -56.923  -36.761 0.6000000238
20693  -32.830  -54.332  -38.202 0.6000000238
17957  -33.917  -57.382  -35.983 0.5000000000
115970  -34.776  -57.793  -34.754 0.5000000000
118022  -22.591  -54.050  -34.348 0.6999999881
22543  -22.992  -52.872  -34.291 0.6999999881
110215  -22.550  -56.538  -34.693 0.6999999881
107143  -22.540  -55.072  -34.134 0.6999999881
20636  -22.633  -54.381  -33.859 0.6999999881
21613  -23.287  -53.334  -33.579 0.6999999881
126117  -25.970  -53.391  -32.355 0.5000000000
21615  -25.360  -53.310  -33.288 0.6999999881
21616  -26.196  -53.453  -32.738 0.5000000000
21617  -27.671  -53.792  -33.374 0.5000000000
19837  -42.357  -55.707  -40.997 0.4000000060
19846  -42.813  -55.745  -41.260 0.5000000000
18927  -43.198  -56.117  -41.419 0.5000000000
18032  -43.735  -56.909  -41.604 0.4000000060
17996  -41.973  -56.506  -39.453 0.4000000060
19816  -42.879  -55.689  -40.731 0.4000000060
19731  -28.960  -55.577  -33.611 0.6000000238
18814  -29.723  -56.709  -34.373 0.6000000238
106325  -29.457  -56.295  -33.835 0.6000000238
17915  -31.047  -57.532  -34.340 0.6000000238
18801  -31.043  -56.893  -33.679 0.6000000238
17955  -31.950  -57.332  -35.852 0.6000000238
17936  -32.314  -57.677  -34.977 0.6000000238
18802  -31.873  -57.047  -33.516 0.6000000238
18838  -32.530  -57.096  -36.989 0.6000000238
17916  -31.797  -57.695  -34.225 0.5000000000
17956  -32.910  -57.359  -35.942 0.6000000238
17937  -33.302  -57.671  -35.067 0.5000000000
17938  -34.152  -57.694  -35.164 0.5000000000
17911  -22.806  -57.421  -34.720 0.6999999881
18797  -22.882  -55.808  -34.122 0.6999999881
19729  -23.068  -55.062  -33.558 0.6999999881
20637  -22.949  -53.991  -33.359 0.6999999881
20615  -24.190  -54.400  -32.519 0.6000000238
21593  -23.675  -53.878  -32.939 0.6999999881
22520  -25.130  -53.430  -32.391 0.4000000060
17912  -23.434  -58.059  -34.410 0.6999999881
18811  -23.422  -56.889  -34.094 0.6999999881
18798  -23.523  -55.999  -33.444 0.6000000238
20602  -24.241  -55.078  -32.363 0.6000000238
22521  -25.738  -53.341  -32.197 0.5000000000
16108  -22.763  -59.794  -33.899 0.6999999881
16121  -23.107  -59.012  -34.341 0.6999999881
21595  -26.566  -52.999  -31.661 0.5000000000
15235  -22.295  -60.340  -33.191 0.6999999881
106808  -27.132  -53.292  -32.509 0.5000000000
15218  -21.946  -60.877  -32.674 0.6000000238
14315  -21.853  -61.584  -31.445 0.6000000238
13395  -21.623  -61.697  -30.864 0.6000000238
15192  -20.682  -60.467  -30.088 0.5000000000
16977  -20.011  -58.897  -30.708 0.5000000000
18906  -43.184  -55.911  -40.918 0.4000000060
124486  -43.518  -56.391  -40.918 0.4000000060
18803  -32.924  -56.975  -33.261 0.6000000238
20603  -24.635  -54.627  -31.916 0.5000000000
21594  -24.651  -53.894  -32.319 0.5000000000
17898  -24.135  -57.786  -33.644 0.6000000238
17887  -24.127  -56.798  -33.195 0.6000000238
18768  -24.362  -55.843  -32.210 0.6000000238
19696  -24.755  -55.526  -31.553 0.6000000238
21580  -25.330  -53.637  -31.632 0.5000000000
124789  -25.696  -53.310  -31.640 0.5000000000
116245  -26.112  -52.924  -31.214 0.5000000000
15236  -23.384  -60.153  -32.981 0.6999999881
115164  -24.193  -59.504  -33.105 0.6000000238
17888  -24.632  -57.644  -32.634 0.6000000238
18786  -24.543  -56.660  -32.205 0.6000000238
18770  -25.079  -56.933  -31.294 0.6000000238
22506  -26.859  -51.678  -31.096 0.5000000000
15219  -22.679  -60.662  -32.385 0.6999999881
16098  -24.243  -59.946  -32.343 0.6000000238
16094  -24.738  -59.435  -31.746 0.6000000238
17001  -24.944  -58.090  -31.089 0.6000000238
17879  -25.177  -57.542  -31.011 0.6000000238
118536  -22.753  -60.658  -31.612 0.6000000238
16093  -23.911  -59.985  -31.513 0.6000000238
16081  -24.104  -59.441  -30.882 0.6000000238
16964  -24.743  -58.305  -30.387 0.6000000238
15206  -22.123  -60.989  -31.102 0.6000000238
16079  -22.674  -59.867  -30.288 0.6000000238
16981  -23.409  -59.269  -30.139 0.6000000238
16963  -23.855  -58.559  -29.656 0.6000000238
15194  -22.063  -60.358  -30.460 0.5000000000
16078  -20.740  -59.562  -30.276 0.5000000000
113434  -21.620  -59.549  -30.145 0.5000000000
16980  -22.348  -59.113  -29.935 0.6000000238
16962  -22.937  -58.640  -29.516 0.6000000238
18907  -44.057  -56.572  -40.380 0.4000000060
16076  -19.044  -59.483  -29.911 0.5000000000
16978  -20.611  -58.963  -30.405 0.5000000000
16961  -21.833  -58.461  -29.638 0.6000000238
17846  -22.448  -58.002  -28.972 0.6000000238
16999  -19.241  -58.201  -29.854 0.5000000000
17867  -19.734  -57.767  -29.817 0.5000000000
105695  -19.942  -58.546  -30.272 0.4000000060
17868  -20.669  -58.360  -29.936 0.5000000000
17845  -21.353  -57.786  -29.207 0.6000000238
21573  -25.431  -53.855  -31.103 0.6000000238
22504  -25.820  -53.261  -31.030 0.5000000000
20598  -25.125  -54.681  -31.286 0.6000000238
21574  -25.873  -53.336  -30.578 0.5000000000
22505  -26.307  -52.214  -30.924 0.5000000000
109387  -25.945  -56.609  -30.391 0.6999999881
20589  -26.464  -55.016  -30.131 0.6999999881
16983  -25.186  -57.756  -30.380 0.6000000238
18746  -25.638  -57.327  -29.706 0.6999999881
127102  -24.467  -58.360  -29.811 0.6000000238
18730  -25.764  -56.843  -28.903 0.6999999881
17830  -24.098  -57.548  -28.566 0.6000000238
17831  -25.051  -57.465  -28.840 0.6999999881
17829  -23.098  -57.418  -28.492 0.6000000238
18728  -23.730  -56.817  -28.113 0.6999999881
111520  -17.946  -56.444  -31.036 0.5000000000
18754  -18.891  -56.808  -29.983 0.5000000000
17844  -20.414  -57.432  -29.508 0.4000000060
18744  -21.099  -56.857  -28.948 0.6000000238
18745  -22.095  -57.162  -28.687 0.6000000238
18767  -18.343  -56.321  -31.006 0.5000000000
18755  -19.643  -56.974  -29.642 0.4000000060
18743  -20.184  -56.505  -29.250 0.5000000000
22496  -26.034  -52.478  -30.441 0.5000000000
20599  -25.718  -54.318  -30.679 0.6000000238
21565  -26.288  -53.857  -30.091 0.5000000000
22488  -26.757  -52.369  -29.610 0.5000000000
19680  -26.445  -56.014  -29.996 0.6999999881
18731  -26.380  -56.209  -29.083 0.6999999881
19671  -25.806  -56.123  -28.353 0.6000000238
19670  -23.435  -55.984  -27.831 0.6999999881
124516  -25.123  -56.165  -28.070 0.6000000238
18726  -21.776  -56.273  -28.402 0.6000000238
19669  -22.473  -55.678  -28.017 0.6000000238
19685  -18.995  -55.494  -30.491 0.5000000000
19678  -20.043  -55.546  -29.159 0.4000000060
19679  -20.875  -55.951  -28.707 0.6000000238
20597  -18.835  -54.671  -30.354 0.4000000060
19677  -19.426  -55.095  -29.767 0.4000000060
20588  -19.982  -54.571  -29.088 0.5000000000
19667  -20.649  -55.026  -28.469 0.5000000000
20590  -26.987  -54.567  -29.487 0.6000000238
21566  -26.761  -53.342  -29.587 0.5000000000
19681  -26.832  -55.472  -29.348 0.6000000238
20591  -27.445  -54.182  -28.896 0.5000000000
19672  -26.594  -55.547  -28.509 0.6000000238
19658  -26.111  -55.451  -27.957 0.6000000238
20570  -26.840  -54.804  -27.896 0.5000000000
108006  -25.148  -55.598  -27.772 0.6000000238
19656  -23.132  -55.066  -27.764 0.6999999881
20568  -24.680  -54.680  -27.470 0.5000000000
20581  -22.290  -54.734  -28.006 0.6000000238
20580  -21.402  -54.416  -28.073 0.5000000000
21564  -19.919  -53.597  -29.039 0.4000000060
20579  -20.524  -54.054  -28.379 0.5000000000
27114  -19.011  -47.784  -32.491 0.4000000060
27098  -19.289  -46.870  -32.047 0.3000000119
27115  -19.781  -47.398  -32.714 0.4000000060
21558  -27.680  -53.842  -28.309 0.5000000000
26166  -19.126  -48.894  -33.223 0.3000000119
26167  -19.744  -48.198  -33.076 0.4000000060
106187  -26.273  -54.294  -27.476 0.5000000000
20571  -27.366  -54.097  -27.845 0.5000000000
24344  -19.710  -50.389  -33.639 0.3000000119
25252  -20.200  -48.895  -33.527 0.4000000060
21547  -25.300  -53.924  -27.336 0.5000000000
24331  -20.063  -50.738  -33.206 0.3000000119
20567  -23.698  -54.469  -27.452 0.6000000238
21545  -23.325  -53.576  -27.342 0.6000000238
21555  -20.532  -53.035  -28.517 0.5000000000
110373  -21.804  -53.138  -27.744 0.5000000000
22479  -21.340  -52.470  -28.152 0.4000000060
22480  -22.109  -52.509  -27.519 0.4000000060
28098  -19.562  -46.485  -30.574 0.3000000119
105881  -19.237  -46.775  -31.226 0.3000000119
28106  -20.250  -46.194  -31.723 0.3000000119
122425  -19.929  -46.655  -32.320 0.3000000119
126407  -20.352  -47.229  -32.747 0.4000000060
122489  -27.319  -53.570  -27.542 0.5000000000
25253  -20.855  -49.256  -33.528 0.4000000060
108269  -21.289  -48.297  -33.037 0.4000000060
21538  -26.892  -53.212  -27.183 0.5000000000
24345  -20.742  -50.073  -33.414 0.4000000060
25254  -21.309  -49.494  -33.265 0.4000000060
21546  -24.203  -53.803  -27.273 0.5000000000
121216  -25.391  -53.103  -27.181 0.5000000000
24332  -20.767  -50.468  -32.709 0.4000000060
108883  -23.801  -53.048  -27.083 0.5000000000
21544  -22.488  -53.334  -27.495 0.5000000000
22471  -23.981  -52.225  -26.717 0.5000000000
23407  -19.697  -51.726  -29.485 0.3000000119
22478  -20.501  -52.076  -28.785 0.4000000060
23400  -22.007  -51.638  -28.011 0.4000000060
23390  -23.187  -51.627  -26.874 0.4000000060
29011  -19.514  -46.296  -29.829 0.3000000119
29020  -20.163  -46.039  -30.898 0.3000000119
29034  -21.005  -46.140  -31.793 0.4000000060
28119  -21.551  -46.807  -32.402 0.4000000060
22489  -29.102  -52.209  -29.168 0.4000000060
27116  -21.072  -47.505  -32.777 0.4000000060
22482  -29.186  -52.392  -28.409 0.4000000060
26169  -21.287  -48.813  -33.265 0.4000000060
27117  -22.077  -47.660  -32.703 0.4000000060
22472  -27.632  -52.919  -27.339 0.4000000060
27131  -21.853  -48.312  -32.910 0.4000000060
22461  -24.983  -52.392  -26.943 0.5000000000
25241  -21.659  -49.592  -32.682 0.4000000060
24305  -20.428  -50.288  -30.473 0.3000000119
115488  -24.640  -51.723  -26.756 0.5000000000
23409  -21.287  -50.822  -29.120 0.3000000119
29012  -19.961  -45.767  -30.279 0.3000000119
29013  -20.491  -45.441  -30.406 0.3000000119
29021  -20.718  -45.775  -31.019 0.3000000119
29022  -21.499  -45.484  -31.261 0.4000000060
29035  -22.034  -46.049  -31.984 0.4000000060
29988  -23.348  -44.826  -32.294 0.3000000119
23402  -30.466  -51.533  -29.433 0.4000000060
24296  -30.892  -50.750  -29.944 0.4000000060
106414  -22.621  -46.773  -32.468 0.4000000060
22474  -28.954  -52.365  -27.740 0.4000000060
22463  -27.050  -52.363  -26.884 0.4000000060
25242  -22.148  -49.013  -32.343 0.3000000119
22462  -26.023  -52.550  -27.103 0.4000000060
24316  -21.283  -50.123  -32.207 0.3000000119
25223  -21.762  -49.514  -31.779 0.3000000119
25195  -21.167  -49.886  -30.165 0.3000000119
23389  -22.457  -51.876  -27.218 0.4000000060
29941  -20.702  -44.748  -29.132 0.3000000119
29970  -21.184  -45.142  -30.544 0.4000000060
106602  -22.173  -44.004  -30.723 0.4000000060
29987  -22.420  -45.102  -31.832 0.4000000060
25215  -31.565  -49.064  -30.803 0.4000000060
29036  -23.162  -45.899  -32.515 0.4000000060
23396  -30.565  -51.610  -28.309 0.4000000060
106517  -22.678  -47.826  -32.590 0.4000000060
23393  -27.885  -52.127  -26.923 0.4000000060
24277  -29.997  -51.020  -27.282 0.4000000060
26158  -23.062  -47.949  -32.404 0.3000000119
23382  -28.155  -51.341  -26.656 0.4000000060
26133  -22.564  -48.673  -30.932 0.3000000119
23379  -25.427  -51.700  -26.930 0.5000000000
25210  -21.847  -49.325  -30.724 0.3000000119
24260  -25.731  -50.913  -27.075 0.5000000000
24282  -22.345  -50.762  -28.354 0.3000000119
23399  -21.231  -51.535  -28.619 0.4000000060
30866  -21.200  -44.387  -29.426 0.3000000119
30897  -23.631  -43.869  -32.126 0.3000000119
29989  -24.097  -44.673  -32.390 0.3000000119
25200  -31.213  -49.890  -30.393 0.4000000060
28121  -23.910  -46.827  -32.620 0.3000000119
24284  -31.233  -51.091  -28.854 0.4000000060
24297  -31.750  -50.417  -29.362 0.3000000119
27120  -23.926  -47.126  -32.503 0.3000000119
24276  -29.063  -51.222  -26.781 0.4000000060
24278  -30.856  -50.727  -27.783 0.4000000060
26134  -23.181  -47.990  -31.328 0.3000000119
26126  -23.015  -48.380  -30.173 0.3000000119
24261  -26.648  -50.800  -26.897 0.4000000060
26125  -22.490  -49.175  -29.969 0.3000000119
25187  -23.279  -49.491  -28.300 0.3000000119
24283  -23.012  -50.363  -27.997 0.3000000119
24273  -24.216  -50.408  -26.938 0.3000000119
29038  -24.328  -45.507  -32.261 0.3000000119
29990  -24.550  -44.450  -31.876 0.3000000119
114913  -24.424  -46.082  -32.277 0.3000000119
24285  -31.447  -50.216  -28.192 0.3000000119
27084  -23.581  -47.631  -30.390 0.3000000119
24263  -28.389  -50.472  -26.462 0.4000000060
24264  -29.337  -50.307  -26.600 0.4000000060
25197  -23.064  -48.982  -29.231 0.3000000119
24275  -26.051  -50.107  -27.200 0.3000000119
25172  -23.660  -49.908  -27.437 0.3000000119
28099  -24.504  -46.539  -30.696 0.3000000119
119010  -23.829  -47.657  -29.447 0.3000000119
25165  -29.534  -49.390  -26.632 0.3000000119
25166  -30.371  -49.220  -26.838 0.3000000119
27072  -23.986  -48.051  -28.899 0.3000000119
25162  -26.913  -49.961  -26.940 0.3000000119
26103  -23.911  -49.079  -27.654 0.3000000119
24274  -25.093  -50.217  -27.121 0.3000000119
29005  -25.101  -45.670  -29.644 0.3000000119
29954  -25.522  -44.970  -29.509 0.3000000119
116529  -24.202  -47.438  -28.837 0.3000000119
25164  -28.639  -49.593  -26.511 0.3000000119
28092  -24.925  -46.093  -29.012 0.3000000119
28987  -25.443  -45.543  -28.680 0.3000000119
24271  -22.663  -51.126  -27.510 0.4000000060
126345  -21.454  -50.278  -29.579 0.3000000119
25186  -22.728  -50.030  -29.118 0.3000000119
9899  -36.535  -67.378  -43.883 0.6000000238
9030  -34.833  -68.657  -44.494 0.5000000000
117665  -36.063  -68.453  -42.831 0.5000000000
109563  -37.888  -68.088  -40.743 0.5000000000
10808  -37.597  -65.702  -44.944 0.6999999881
11674  -36.492  -65.022  -41.823 0.6999999881
10783  -35.417  -66.162  -42.830 0.6999999881
8140  -37.566  -68.503  -41.382 0.4000000060
9018  -38.442  -68.252  -42.816 0.5000000000
11600  -40.990  -63.784  -37.208 0.3000000119
9887  -38.958  -66.609  -42.968 0.5000000000
10797  -40.628  -65.579  -43.969 0.3000000119
13538  -36.194  -62.837  -44.052 0.6000000238
14467  -36.711  -61.909  -44.662 0.5000000000
12565  -37.044  -63.311  -41.386 0.6999999881
104157  -40.466  -66.302  -34.843 0.3000000119
113980  -35.910  -61.368  -40.295 0.6000000238
119021  -36.893  -62.337  -41.026 0.6000000238
11660  -36.212  -64.189  -40.998 0.6999999881
9017  -37.943  -68.485  -43.014 0.6000000238
8187  -37.140  -68.631  -42.946 0.5000000000
12564  -35.714  -63.846  -40.037 0.6000000238
10759  -34.921  -65.465  -41.093 0.6999999881
13472  -34.377  -62.410  -38.138 0.5000000000
107466  -33.264  -60.755  -38.561 0.6000000238
110266  -33.450  -64.304  -40.713 0.5000000000
10789  -42.665  -65.245  -42.360 0.3000000119
10828  -37.753  -65.158  -45.048 0.5000000000
12501  -41.366  -63.753  -38.241 0.3000000119
12563  -32.284  -63.727  -40.141 0.5000000000
14452  -38.451  -61.383  -43.502 0.4000000060
10707  -42.475  -66.406  -35.920 0.3000000119
19831  -36.287  -54.846  -40.007 0.6000000238
18918  -32.619  -56.891  -41.372 0.6999999881
20743  -34.120  -54.127  -39.335 0.6000000238
109891  -34.380  -53.759  -38.573 0.6000000238
15319  -40.755  -60.160  -41.328 0.4000000060
108192  -39.068  -56.892  -38.578 0.5000000000
18855  -36.224  -55.960  -37.699 0.6000000238
16128  -39.979  -58.954  -35.998 0.4000000060
118172  -30.095  -56.140  -41.411 0.6000000238
21696  -31.300  -54.405  -39.582 0.6999999881
23505  -25.638  -51.431  -36.992 0.6000000238
17981  -41.528  -57.220  -38.897 0.4000000060
18824  -41.474  -56.573  -35.465 0.4000000060
17030  -36.608  -58.063  -34.611 0.4000000060
18915  -29.491  -56.747  -41.512 0.6000000238
114496  -24.333  -50.862  -36.035 0.6000000238
22584  -26.496  -52.257  -36.744 0.6000000238
18926  -42.697  -56.023  -41.566 0.5000000000
21679  -27.794  -53.852  -37.561 0.5000000000
19746  -27.370  -55.743  -34.652 0.6000000238
20710  -27.758  -54.240  -38.281 0.4000000060
20692  -32.072  -54.342  -38.088 0.5000000000
17082  -42.013  -57.794  -38.343 0.5000000000
19770  -30.254  -55.819  -36.850 0.6000000238
104901  -31.257  -54.331  -37.962 0.5000000000
110484  -21.189  -61.854  -32.384 0.6000000238
18769  -24.746  -56.234  -31.588 0.5000000000
17000  -25.261  -58.597  -32.007 0.6000000238
17878  -25.000  -57.478  -31.679 0.6000000238
120744  -25.704  -55.546  -30.755 0.6000000238
16080  -23.373  -59.917  -30.813 0.6000000238
17877  -18.413  -57.033  -30.068 0.5000000000
120954  -25.945  -52.935  -30.000 0.5000000000
19657  -24.065  -55.396  -27.539 0.6000000238
19686  -19.314  -56.081  -29.824 0.5000000000
20582  -27.403  -54.467  -28.260 0.5000000000
22487  -19.843  -52.672  -29.117 0.3000000119
21559  -28.004  -53.079  -28.321 0.4000000060
21550  -28.056  -52.966  -27.808 0.4000000060
23408  -20.525  -51.204  -29.218 0.3000000119
23391  -24.008  -51.274  -26.636 0.5000000000
23401  -29.869  -52.109  -28.853 0.4000000060
29952  -20.310  -45.247  -29.931 0.3000000119
26143  -22.742  -48.465  -31.986 0.3000000119
23381  -27.309  -51.523  -26.725 0.4000000060
24272  -23.402  -50.728  -27.092 0.3000000119
27099  -23.584  -47.608  -32.183 0.3000000119
31750  -21.748  -43.699  -29.300 0.3000000119
27092  -24.108  -47.061  -31.093 0.3000000119
24262  -27.523  -50.642  -26.592 0.4000000060
27085  -24.095  -46.980  -29.836 0.3000000119
11636  -28.553  -64.627  -39.581 0.5000000000
11637  -29.125  -64.046  -39.314 0.5000000000
12539  -29.638  -63.712  -39.969 0.5000000000
12561  -30.368  -63.548  -40.600 0.4000000060
10744  -28.503  -65.554  -38.035 0.5000000000
11617  -28.886  -64.803  -38.652 0.5000000000
11638  -29.887  -63.861  -39.007 0.5000000000
12540  -30.592  -63.640  -39.638 0.5000000000
12562  -31.301  -63.601  -40.325 0.4000000060
10731  -29.027  -65.039  -37.588 0.5000000000
110779  -30.755  -63.823  -38.656 0.5000000000
12541  -31.671  -63.754  -39.215 0.4000000060
11595  -29.664  -64.603  -37.341 0.5000000000
11596  -30.227  -64.204  -37.301 0.5000000000
11618  -29.508  -64.486  -38.392 0.5000000000
12497  -30.564  -63.766  -36.807 0.5000000000
117202  -30.783  -63.905  -37.737 0.5000000000
12498  -31.404  -63.485  -37.120 0.5000000000
118475  -32.110  -63.430  -37.576 0.5000000000
12500  -32.960  -63.135  -37.544 0.4000000060
11576  -29.671  -64.040  -36.493 0.5000000000
12484  -30.921  -63.230  -36.363 0.5000000000
12485  -31.637  -63.071  -36.481 0.5000000000
13453  -32.730  -62.462  -37.090 0.5000000000
14380  -27.916  -61.454  -38.163 0.5000000000
12482  -29.383  -63.381  -36.048 0.5000000000
13445  -29.261  -62.690  -36.061 0.5000000000
14355  -29.663  -61.877  -36.391 0.5000000000
114598  -30.059  -61.206  -36.871 0.5000000000
13447  -31.224  -62.550  -36.217 0.5000000000
14365  -30.928  -61.184  -36.907 0.5000000000
14358  -32.370  -61.774  -36.872 0.5000000000
14367  -33.277  -61.465  -37.417 0.5000000000
14363  -28.422  -61.154  -37.567 0.5000000000
15274  -28.496  -60.662  -38.359 0.5000000000
111808  -28.408  -60.531  -40.115 0.5000000000
15258  -29.632  -60.661  -37.556 0.5000000000
16144  -29.320  -59.996  -39.336 0.5000000000
16166  -29.006  -59.996  -40.310 0.5000000000
123619  -30.369  -60.768  -37.398 0.5000000000
115208  -30.174  -60.366  -38.122 0.5000000000
16145  -30.015  -59.830  -38.957 0.5000000000
15259  -31.066  -60.750  -37.778 0.5000000000
15276  -30.844  -60.442  -38.762 0.5000000000
14366  -31.728  -61.245  -37.167 0.5000000000
15261  -32.547  -61.103  -37.556 0.5000000000
14381  -33.407  -60.817  -37.911 0.5000000000
17107  -28.562  -58.395  -41.718 0.5000000000
17108  -29.424  -58.368  -41.692 0.6000000238
114420  -28.904  -59.459  -41.354 0.5000000000
16155  -29.860  -59.845  -40.040 0.5000000000
16181  -29.779  -59.107  -41.715 0.5000000000
114191  -30.555  -59.785  -40.731 0.5000000000
113477  -30.426  -59.449  -41.412 0.5000000000
15288  -31.612  -60.472  -39.350 0.5000000000
15278  -32.451  -60.791  -38.408 0.5000000000
113315  -27.650  -57.006  -41.209 0.5000000000
18914  -28.524  -56.676  -41.338 0.5000000000
126295  -30.547  -57.636  -42.127 0.6000000238
21657  -20.876  -53.856  -36.963 0.5000000000
21659  -21.962  -53.079  -37.098 0.6000000238
20677  -20.359  -54.496  -36.945 0.5000000000
21650  -21.229  -53.721  -36.813 0.5000000000
22581  -22.166  -53.052  -36.851 0.6000000238
21638  -22.148  -53.779  -36.376 0.6000000238
20678  -21.045  -54.183  -36.563 0.5000000000
126656  -21.432  -54.903  -36.270 0.6000000238
17953  -21.504  -55.894  -36.478 0.5000000000
20665  -22.703  -54.018  -35.283 0.6000000238
19752  -21.986  -55.314  -35.601 0.6000000238
17932  -21.948  -57.075  -36.450 0.5000000000
18820  -22.193  -56.259  -35.604 0.6000000238
19744  -22.415  -54.721  -34.749 0.6000000238
17047  -21.997  -57.977  -36.103 0.5000000000
17933  -22.407  -57.326  -35.560 0.5000000000
107757  -21.287  -59.534  -34.662 0.5000000000
15234  -21.491  -60.582  -33.406 0.6000000238
13421  -20.659  -62.468  -31.996 0.6000000238
14329  -20.436  -62.090  -32.671 0.5000000000
16120  -22.247  -59.335  -34.676 0.6000000238
17028  -22.570  -58.341  -35.113 0.5000000000
14341  -21.292  -61.207  -32.934 0.5000000000
118845  -21.023  -61.690  -30.208 0.6000000238
13406  -21.430  -62.152  -31.442 0.6000000238
12524  -41.685  -64.083  -39.187 0.3000000119
121735  -42.979  -64.675  -39.935 0.3000000119
12569  -41.920  -64.818  -40.590 0.3000000119
12550  -43.684  -64.032  -39.863 0.3000000119
10762  -42.600  -65.297  -41.209 0.3000000119
12548  -41.106  -63.986  -39.899 0.3000000119
12518  -32.414  -63.642  -38.325 0.4000000060
15287  -30.700  -60.013  -39.697 0.5000000000
16182  -30.781  -59.047  -41.917 0.5000000000
21660  -22.859  -53.061  -37.205 0.5000000000
106932  -31.526  -63.738  -38.123 0.5000000000
12483  -30.136  -63.388  -36.181 0.5000000000
14362  -28.014  -61.657  -37.129 0.5000000000
14354  -28.632  -61.966  -36.560 0.5000000000
15285  -28.186  -60.895  -39.168 0.5000000000
15286  -28.748  -60.273  -39.201 0.5000000000
15275  -29.262  -60.204  -38.426 0.5000000000
16167  -29.773  -59.687  -41.036 0.5000000000
11623  -42.445  -64.532  -39.545 0.3000000119
11663  -43.269  -65.097  -41.562 0.3000000119
11643  -43.412  -64.575  -39.736 0.3000000119
11642  -42.614  -64.852  -40.420 0.3000000119
116115  -43.084  -64.742  -40.679 0.3000000119
105687  -43.220  -64.534  -40.735 0.3000000119
25178  -30.953  -49.823  -27.372 0.3000000119
7374  -35.062  -68.838  -42.692 0.5000000000
8056  -41.800  -68.111  -34.838 0.3000000119
8057  -41.992  -68.818  -35.193 0.3000000119
8073  -41.846  -68.561  -35.155 0.3000000119
8173  -37.537  -68.754  -42.252 0.5000000000
8184  -33.886  -69.402  -44.453 0.5000000000
8198  -34.468  -69.286  -44.714 0.6000000238
8900  -41.694  -67.839  -34.939 0.3000000119
8988  -37.862  -68.481  -41.333 0.4000000060
9001  -37.927  -68.545  -41.393 0.4000000060
9813  -42.257  -67.365  -35.658 0.3000000119
9915  -37.892  -66.760  -45.132 0.5000000000
9917  -39.081  -66.434  -44.523 0.4000000060
10743  -27.953  -65.993  -38.687 0.5000000000
10754  -39.276  -65.294  -39.829 0.4000000060
10810  -39.294  -65.690  -44.830 0.4000000060
11598  -38.697  -64.736  -37.801 0.3000000119
11619  -30.164  -64.209  -38.114 0.5000000000
11656  -32.742  -63.987  -40.878 0.5000000000
11658  -34.761  -64.808  -40.467 0.6000000238
11662  -43.030  -65.168  -41.150 0.3000000119
11675  -37.020  -64.626  -42.428 0.6999999881
11676  -40.025  -64.875  -41.235 0.4000000060
11687  -36.605  -65.367  -42.511 0.6999999881
11691  -42.029  -65.227  -42.024 0.3000000119
11703  -37.085  -64.074  -43.974 0.6000000238
11731  -37.289  -63.563  -44.553 0.6000000238
11732  -37.545  -64.256  -44.683 0.4000000060
12474  -29.806  -63.066  -35.938 0.5000000000
12499  -32.220  -63.086  -36.865 0.5000000000
12521  -34.928  -63.108  -38.698 0.5000000000
12544  -34.606  -63.774  -39.193 0.5000000000
12549  -41.956  -64.560  -39.897 0.3000000119
12581  -37.227  -63.787  -42.234 0.6999999881
12596  -41.393  -64.745  -41.713 0.4000000060
12613  -41.976  -63.582  -44.089 0.3000000119
12625  -36.741  -63.317  -44.124 0.6000000238
12640  -36.960  -63.255  -44.416 0.6000000238
12642  -38.579  -64.146  -44.893 0.4000000060
13394  -21.217  -62.262  -30.743 0.6000000238
13446  -30.290  -62.669  -36.005 0.5000000000
13448  -32.027  -62.551  -36.517 0.5000000000
13473  -35.141  -62.333  -38.664 0.5000000000
13519  -36.536  -62.664  -42.637 0.6999999881
13551  -37.188  -62.275  -45.033 0.4000000060
13564  -37.171  -63.004  -44.764 0.4000000060
14330  -22.209  -61.218  -31.925 0.6000000238
14340  -20.577  -61.541  -33.081 0.5000000000
14353  -27.910  -62.387  -36.576 0.5000000000
14356  -30.642  -61.836  -36.370 0.5000000000
14357  -31.541  -61.829  -36.506 0.5000000000
14364  -29.110  -61.264  -37.092 0.5000000000
14395  -35.776  -61.740  -39.547 0.6000000238
14434  -35.454  -61.497  -43.254 0.6000000238
14435  -35.925  -62.122  -42.922 0.6000000238
14451  -37.696  -61.296  -44.059 0.4000000060
14469  -38.315  -61.796  -44.454 0.4000000060
15193  -21.556  -60.945  -30.446 0.6000000238
15195  -22.731  -60.345  -30.931 0.6000000238
15207  -23.245  -60.277  -31.364 0.6000000238
15220  -23.456  -60.399  -32.061 0.6000000238
15257  -28.932  -60.690  -37.746 0.5000000000
15260  -31.841  -60.952  -37.888 0.5000000000
15277  -31.528  -60.728  -38.469 0.5000000000
15291  -34.332  -61.137  -39.141 0.6000000238
15333  -34.586  -60.415  -43.059 0.5000000000
15334  -35.051  -60.920  -43.462 0.5000000000
15336  -38.439  -60.834  -42.730 0.4000000060
15358  -36.811  -61.277  -44.019 0.5000000000
16099  -24.830  -59.309  -32.463 0.6000000238
16107  -21.809  -60.004  -34.007 0.6999999881
16109  -23.502  -59.500  -33.678 0.6999999881
16110  -24.599  -58.655  -33.006 0.6000000238
16127  -38.781  -58.934  -36.320 0.6000000238
16132  -39.522  -59.019  -36.545 0.5000000000
16133  -40.314  -59.077  -36.950 0.5000000000
16172  -40.084  -59.073  -40.730 0.4000000060
16183  -31.651  -59.099  -42.053 0.6000000238
16184  -32.394  -59.388  -41.858 0.6000000238
16188  -39.699  -59.698  -40.914 0.4000000060
16211  -36.156  -59.797  -43.606 0.5000000000
16979  -21.405  -58.887  -30.016 0.6000000238
16982  -24.683  -58.785  -31.086 0.6000000238
16998  -18.348  -57.543  -29.744 0.5000000000
17013  -23.939  -58.806  -33.834 0.6000000238
17029  -36.123  -58.083  -34.812 0.5000000000
17034  -39.603  -58.089  -34.909 0.4000000060
17052  -40.371  -58.340  -35.338 0.4000000060
17053  -41.214  -58.185  -35.685 0.4000000060
17058  -36.841  -58.407  -35.874 0.6000000238
17059  -37.478  -58.718  -36.428 0.6000000238
17071  -40.081  -58.803  -37.659 0.6000000238
17095  -39.886  -57.915  -40.973 0.4000000060
17109  -30.270  -58.408  -41.930 0.5000000000
17110  -31.214  -58.246  -42.189 0.6999999881
17127  -35.739  -58.075  -43.125 0.5000000000
17131  -42.265  -58.320  -42.053 0.4000000060
17847  -23.503  -58.066  -29.040 0.6000000238
17848  -24.388  -58.013  -29.232 0.6000000238
17849  -25.003  -57.954  -29.647 0.6000000238
17866  -19.211  -57.769  -29.801 0.5000000000
17876  -17.825  -56.790  -30.551 0.5000000000
17899  -30.686  -57.146  -34.079 0.6000000238
17900  -31.423  -57.409  -33.875 0.6000000238
17905  -38.072  -57.651  -33.438 0.5000000000
17913  -29.943  -57.097  -34.937 0.6000000238
17919  -35.450  -57.884  -34.384 0.5000000000
17940  -36.226  -58.131  -35.460 0.6000000238
17970  -37.847  -57.800  -37.889 0.6000000238
17971  -43.036  -57.823  -38.331 0.5000000000
18016  -29.030  -57.557  -41.569 0.5000000000
18017  -29.857  -57.599  -41.740 0.6000000238
18020  -32.827  -58.096  -41.370 0.6000000238
18021  -33.101  -58.685  -41.859 0.6000000238
18023  -35.564  -57.255  -41.664 0.5000000000
18027  -39.538  -56.896  -41.432 0.5000000000
18030  -42.653  -56.532  -41.635 0.5000000000
18039  -35.650  -57.601  -42.552 0.5000000000
18713  -24.443  -56.250  -27.901 0.6000000238
18727  -22.760  -56.572  -28.218 0.6000000238
18729  -24.506  -56.956  -28.307 0.6999999881
18756  -25.542  -57.220  -30.683 0.6000000238
18785  -24.019  -56.122  -32.748 0.6000000238
18799  -28.648  -56.354  -34.019 0.6000000238
18800  -30.281  -56.533  -33.881 0.6000000238
18805  -39.532  -56.321  -33.466 0.4000000060
18812  -27.575  -56.106  -35.021 0.6000000238
18823  -30.139  -57.150  -35.555 0.6000000238
18834  -29.045  -56.314  -35.845 0.6000000238
18850  -31.160  -55.993  -37.161 0.6000000238
18851  -32.195  -55.995  -37.406 0.6000000238
18854  -35.298  -55.458  -37.671 0.5000000000
18869  -38.440  -56.201  -38.815 0.5000000000
18901  -35.950  -55.661  -40.431 0.6000000238
18916  -30.935  -56.194  -41.985 0.6999999881
18925  -41.214  -55.923  -41.537 0.5000000000
18928  -44.040  -56.827  -41.004 0.4000000060
19668  -21.553  -55.363  -28.177 0.6000000238
19673  -27.229  -54.981  -28.702 0.5000000000
19687  -25.212  -56.366  -31.125 0.6000000238
19711  -23.765  -55.439  -32.894 0.6000000238
19747  -39.978  -55.865  -33.941 0.4000000060
19748  -40.511  -55.506  -34.365 0.4000000060
19753  -22.321  -55.592  -34.711 0.6000000238
19755  -27.703  -55.803  -35.574 0.6000000238
19766  -20.671  -54.888  -36.671 0.5000000000
19767  -28.101  -54.943  -36.311 0.6999999881
19781  -32.972  -55.207  -37.824 0.6000000238
19782  -33.714  -55.236  -37.726 0.6000000238
19785  -36.028  -54.576  -37.909 0.6000000238
19809  -27.910  -55.156  -39.471 0.4000000060
19813  -40.000  -54.970  -40.692 0.4000000060
19824  -29.939  -55.475  -40.512 0.6000000238
19827  -32.780  -55.048  -40.324 0.6999999881
19828  -33.668  -55.087  -39.911 0.6000000238
19836  -41.642  -55.737  -41.015 0.4000000060
19841  -30.701  -55.630  -41.031 0.6000000238
19844  -40.485  -55.444  -41.458 0.5000000000
20569  -25.793  -54.860  -27.606 0.5000000000
20587  -19.310  -54.132  -29.598 0.4000000060
20614  -23.501  -54.563  -33.000 0.6000000238
20664  -22.131  -54.524  -35.927 0.6000000238
20688  -20.366  -54.459  -37.073 0.5000000000
20690  -29.708  -53.906  -37.536 0.6000000238
20691  -30.463  -54.072  -37.750 0.6000000238
20695  -35.291  -53.808  -38.285 0.6000000238
20709  -26.823  -54.306  -38.542 0.4000000060
20711  -31.738  -54.090  -38.593 0.6000000238
20714  -34.849  -53.599  -38.799 0.6000000238
20715  -35.576  -53.744  -38.593 0.6000000238
20726  -28.755  -54.909  -39.646 0.5000000000
20730  -33.736  -53.825  -39.066 0.6000000238
20738  -29.565  -54.821  -39.795 0.5000000000
20739  -30.447  -54.707  -39.857 0.6000000238
20740  -31.801  -54.544  -39.942 0.6999999881
20741  -32.515  -54.436  -39.747 0.6999999881
21536  -24.573  -53.073  -27.097 0.5000000000
21537  -26.158  -53.547  -27.280 0.5000000000
21548  -26.910  -53.997  -27.484 0.5000000000
21549  -27.709  -53.477  -27.834 0.5000000000
21556  -21.261  -53.480  -28.040 0.4000000060
21557  -22.056  -53.869  -27.906 0.5000000000
21612  -22.713  -53.678  -33.904 0.6999999881
21614  -24.202  -53.377  -33.120 0.6999999881
21634  -22.721  -53.418  -34.624 0.6999999881
21639  -22.806  -53.271  -35.494 0.6000000238
21649  -20.723  -54.078  -36.869 0.5000000000
21651  -27.208  -53.514  -36.278 0.5000000000
21652  -27.805  -53.627  -36.902 0.5000000000
21658  -21.515  -53.458  -36.921 0.5000000000
21665  -30.869  -54.148  -38.364 0.5000000000
21672  -21.335  -53.731  -37.270 0.5000000000
21677  -26.231  -53.592  -38.036 0.5000000000
21683  -32.263  -54.030  -38.924 0.6000000238
21684  -33.119  -53.893  -38.915 0.6999999881
21685  -33.969  -53.659  -38.974 0.6000000238
21691  -29.717  -54.085  -38.567 0.6000000238
21692  -31.171  -54.219  -39.085 0.6000000238
21693  -31.826  -54.173  -39.130 0.6999999881
21695  -33.431  -53.873  -39.028 0.6000000238
21697  -32.009  -54.302  -39.486 0.6999999881
22470  -23.031  -52.607  -27.129 0.4000000060
22473  -28.342  -52.530  -27.486 0.4000000060
22481  -28.571  -52.684  -28.088 0.4000000060
22486  -19.246  -52.454  -29.621 0.3000000119
22560  -23.106  -52.124  -34.826 0.6999999881
22563  -25.298  -51.470  -35.173 0.6000000238
22564  -25.814  -52.131  -35.297 0.6000000238
22568  -22.643  -53.253  -36.348 0.6999999881
22570  -25.975  -51.020  -35.807 0.6000000238
22571  -26.270  -51.841  -36.073 0.6000000238
22572  -26.646  -52.763  -36.227 0.6000000238
22582  -23.185  -52.756  -36.208 0.6000000238
22583  -23.667  -52.547  -36.442 0.6000000238
22585  -27.112  -53.089  -36.792 0.6000000238
22592  -23.621  -52.566  -36.731 0.6000000238
22593  -25.096  -53.052  -37.510 0.6000000238
22594  -26.034  -52.171  -37.323 0.6000000238
22595  -26.385  -52.519  -37.210 0.5000000000
22602  -26.305  -52.978  -37.571 0.5000000000
22604  -27.263  -53.375  -37.298 0.5000000000
23380  -26.361  -51.657  -26.909 0.5000000000
23392  -24.851  -51.014  -26.890 0.4000000060
23394  -28.715  -51.994  -27.086 0.4000000060
23395  -29.604  -51.972  -27.692 0.4000000060
23470  -23.629  -51.435  -34.945 0.6999999881
23471  -24.005  -51.143  -34.798 0.6000000238
23478  -23.796  -51.206  -35.373 0.6999999881
23479  -24.399  -50.825  -35.401 0.6000000238
23489  -23.503  -52.051  -35.513 0.6000000238
23491  -24.924  -50.648  -36.091 0.6000000238
24281  -21.763  -51.034  -28.600 0.4000000060
24291  -20.706  -50.441  -29.670 0.3000000119
24292  -22.007  -50.509  -29.107 0.3000000119
25163  -27.749  -49.773  -26.537 0.3000000119
25173  -24.445  -49.585  -27.281 0.3000000119
25177  -30.194  -50.080  -26.997 0.4000000060
25196  -22.086  -49.882  -29.803 0.3000000119
25209  -21.105  -49.842  -31.047 0.3000000119
25224  -22.243  -49.000  -31.560 0.3000000119
26156  -21.751  -48.906  -32.972 0.4000000060
26157  -22.364  -48.371  -32.642 0.3000000119
26168  -20.869  -48.701  -33.383 0.4000000060
27091  -23.748  -47.496  -31.500 0.3000000119
27118  -23.139  -47.246  -32.532 0.4000000060
27119  -23.454  -47.417  -32.460 0.3000000119
27130  -20.519  -48.084  -33.062 0.4000000060
28077  -24.572  -46.696  -28.924 0.3000000119
28091  -24.689  -46.308  -29.797 0.3000000119
28105  -19.719  -46.390  -31.524 0.3000000119
28118  -20.613  -46.692  -32.372 0.3000000119
28120  -23.489  -46.653  -32.630 0.4000000060
28122  -24.197  -46.639  -32.474 0.3000000119
29037  -23.948  -45.627  -32.620 0.4000000060
29940  -20.258  -45.269  -29.421 0.3000000119
29942  -25.873  -44.766  -28.787 0.3000000119
29953  -20.674  -44.890  -29.576 0.3000000119
29962  -21.656  -44.447  -30.343 0.4000000060
29971  -21.936  -44.698  -30.923 0.4000000060
29972  -22.755  -44.097  -31.440 0.4000000060
105591  -24.208  -46.267  -32.577 0.3000000119
107214  -32.286  -57.462  -33.754 0.5000000000
107348  -35.855  -55.601  -37.653 0.5000000000
107456  -38.090  -58.907  -36.117 0.6000000238
107883  -19.666  -58.863  -30.313 0.5000000000
107891  -28.828  -56.588  -34.590 0.6000000238
108106  -25.016  -54.141  -31.591 0.6000000238
108671  -22.814  -54.183  -27.639 0.6000000238
109573  -36.595  -60.513  -43.619 0.5000000000
110751  -35.101  -55.718  -40.365 0.6000000238
111145  -34.638  -61.271  -38.842 0.6000000238
112314  -23.901  -46.313  -32.742 0.3000000119
113226  -42.062  -56.324  -41.511 0.5000000000
113922  -18.866  -56.051  -30.972 0.5000000000
114018  -20.291  -49.654  -33.549 0.4000000060
114670  -25.136  -56.654  -28.372 0.6000000238
115330  -21.331  -60.159  -30.268 0.5000000000
115370  -21.781  -53.379  -36.783 0.6000000238
115584  -23.885  -50.950  -35.039 0.6999999881
116265  -23.485  -48.178  -29.399 0.3000000119
116398  -21.782  -61.733  -31.934 0.6000000238
116434  -21.741  -61.418  -32.382 0.6000000238
116810  -39.605  -64.540  -39.825 0.4000000060
117134  -32.352  -54.891  -37.719 0.5000000000
117159  -24.210  -58.823  -30.301 0.6000000238
117779  -24.929  -50.910  -36.558 0.6000000238
118666  -42.118  -69.036  -34.421 0.3000000119
119486  -28.761  -63.252  -35.993 0.5000000000
120117  -33.831  -60.934  -37.757 0.5000000000
120796  -26.131  -56.671  -29.595 0.6999999881
120892  -28.362  -55.475  -40.044 0.6000000238
122271  -35.719  -62.970  -38.850 0.6000000238
122662  -28.420  -65.283  -38.934 0.5000000000
122710  -40.238  -59.807  -40.840 0.4000000060
123096  -21.306  -50.120  -33.005 0.4000000060
123197  -29.443  -56.794  -34.783 0.6000000238
123754  -21.633  -44.015  -29.613 0.3000000119
124003  -34.586  -58.885  -43.157 0.5000000000
124306  -23.207  -48.033  -32.100 0.3000000119
124430  -24.157  -48.606  -27.875 0.3000000119
124889  -24.837  -56.759  -31.636 0.6000000238
126122  -23.387  -52.780  -34.029 0.6000000238
126151  -39.579  -65.312  -40.830 0.4000000060
126184  -42.424  -55.730  -40.654 0.4000000060
126262  -28.485  -61.465  -37.055 0.5000000000
126654  -41.833  -68.484  -35.408 0.3000000119
127013  -22.973  -54.434  -33.438 0.6999999881
127128  -27.992  -56.397  -41.128 0.5000000000
