#!ascii label  , from subject 001 vox2ras=TkReg
1648
13502  -18.545  -62.961  -40.901 0.5000000000
12588  -21.605  -63.447  -42.775 0.5000000000
105640  -22.694  -64.268  -42.954 0.5000000000
11696  -23.099  -64.276  -43.529 0.5000000000
13501  -18.102  -63.041  -40.061 0.5000000000
12533  -18.730  -63.208  -39.606 0.5000000000
12558  -19.289  -63.343  -40.645 0.5000000000
12534  -19.393  -63.494  -39.125 0.6000000238
11697  -23.368  -64.359  -44.367 0.5000000000
116699  -20.689  -63.182  -42.495 0.5000000000
10791  -23.149  -65.190  -43.637 0.5000000000
11683  -22.162  -64.337  -42.321 0.6000000238
11667  -21.765  -64.749  -41.287 0.6000000238
107640  -22.937  -64.867  -42.847 0.6000000238
9890  -22.609  -66.194  -43.325 0.6999999881
10757  -22.414  -65.171  -40.658 0.6999999881
122878  -22.807  -65.508  -42.813 0.6999999881
10767  -22.843  -65.549  -41.134 0.6999999881
9870  -22.877  -66.206  -41.532 0.6999999881
9881  -22.643  -66.387  -42.392 0.6999999881
13483  -18.221  -62.879  -38.842 0.5000000000
12509  -18.807  -63.062  -38.254 0.6000000238
13464  -18.465  -62.426  -38.089 0.6000000238
110819  -19.494  -62.195  -37.943 0.6000000238
12576  -20.044  -63.707  -40.892 0.5000000000
9907  -22.971  -66.086  -44.267 0.5000000000
9040  -22.701  -66.932  -44.870 0.5000000000
8201  -22.037  -68.441  -44.859 0.6999999881
112243  -22.260  -66.982  -43.925 0.6999999881
8162  -21.765  -68.521  -43.369 0.6999999881
11682  -21.172  -64.071  -41.932 0.6000000238
11666  -20.724  -64.416  -40.839 0.6999999881
123326  -21.825  -67.926  -42.991 0.6999999881
10758  -22.893  -65.599  -40.199 0.6999999881
8997  -22.629  -68.088  -41.858 0.6999999881
9854  -23.310  -66.294  -39.819 0.6999999881
118357  -23.064  -66.437  -40.763 0.6999999881
8983  -22.747  -67.720  -41.038 0.6999999881
7357  -23.216  -69.099  -40.545 0.6999999881
116445  -23.492  -67.029  -39.409 0.6999999881
8964  -23.472  -67.943  -39.510 0.6999999881
8115  -23.555  -68.855  -39.692 0.6999999881
8102  -23.721  -68.629  -38.715 0.6999999881
14376  -18.040  -61.738  -38.472 0.5000000000
15272  -18.333  -61.209  -38.547 0.6000000238
15273  -18.919  -61.011  -38.789 0.6000000238
14378  -19.585  -61.673  -38.357 0.6000000238
14389  -19.687  -61.214  -39.116 0.6000000238
12510  -19.650  -63.186  -38.111 0.6000000238
107357  -20.151  -62.189  -38.113 0.6000000238
12535  -20.152  -63.779  -38.865 0.6000000238
7402  -22.182  -69.333  -44.428 0.6999999881
11651  -20.637  -64.413  -39.612 0.6999999881
7381  -21.973  -69.167  -43.191 0.6999999881
7403  -22.798  -69.624  -44.573 0.6999999881
7404  -23.462  -69.389  -44.327 0.6999999881
11611  -20.926  -64.106  -38.637 0.6999999881
120253  -22.522  -69.383  -43.212 0.6999999881
8180  -24.685  -68.456  -43.599 0.6999999881
11634  -21.534  -64.608  -39.112 0.6999999881
11612  -21.817  -64.196  -38.427 0.6999999881
8163  -22.134  -68.477  -42.643 0.6999999881
7382  -22.550  -69.105  -42.613 0.6999999881
7384  -23.864  -69.054  -42.446 0.6999999881
8179  -24.398  -68.698  -42.839 0.6999999881
10748  -22.288  -65.044  -39.599 0.6999999881
11635  -22.407  -64.754  -38.770 0.6999999881
7366  -22.994  -69.112  -41.217 0.6999999881
8146  -24.493  -68.729  -41.949 0.6999999881
10750  -23.554  -66.288  -38.906 0.6999999881
108298  -23.797  -69.251  -39.913 0.6999999881
7358  -23.595  -69.281  -40.876 0.6999999881
119961  -23.984  -66.645  -38.383 0.6999999881
7336  -23.875  -69.241  -39.003 0.6999999881
7359  -24.171  -69.365  -40.103 0.6999999881
9844  -24.185  -67.269  -37.857 0.6999999881
7337  -24.220  -69.307  -38.756 0.6999999881
8934  -24.584  -67.761  -37.430 0.6999999881
14375  -17.144  -61.484  -38.751 0.5000000000
15271  -17.640  -60.996  -38.727 0.6000000238
16154  -18.609  -60.247  -39.791 0.6000000238
15280  -17.276  -60.309  -39.377 0.5000000000
16164  -19.238  -59.796  -40.509 0.6000000238
111848  -15.245  -60.851  -38.716 0.5000000000
15270  -16.801  -60.824  -39.014 0.5000000000
15282  -19.384  -60.659  -39.868 0.6000000238
110462  -19.343  -59.004  -40.697 0.6000000238
15283  -20.176  -60.989  -39.888 0.6000000238
15293  -19.949  -60.243  -40.723 0.6000000238
13466  -20.588  -62.848  -38.096 0.6000000238
12511  -20.449  -63.406  -38.237 0.6999999881
14379  -20.989  -62.249  -38.376 0.6999999881
12512  -21.243  -63.527  -38.267 0.6999999881
13467  -21.478  -62.960  -38.327 0.6999999881
9025  -25.278  -67.630  -43.545 0.6999999881
11613  -22.769  -64.332  -38.376 0.6999999881
12513  -22.219  -63.646  -38.375 0.6999999881
8164  -24.996  -68.120  -42.733 0.6999999881
9891  -25.735  -66.756  -43.638 0.6999999881
110335  -23.234  -64.018  -38.304 0.6999999881
8998  -25.314  -67.963  -41.918 0.6999999881
9011  -25.733  -67.318  -42.700 0.6999999881
9041  -25.371  -67.135  -44.295 0.6999999881
125399  -24.286  -65.204  -38.443 0.6000000238
8132  -25.463  -68.422  -40.618 0.6999999881
9012  -26.049  -67.346  -41.885 0.6999999881
9882  -26.301  -66.417  -42.864 0.6999999881
9908  -25.663  -66.279  -44.642 0.6999999881
110037  -24.092  -65.735  -38.527 0.6999999881
8116  -25.603  -68.712  -39.890 0.6999999881
125926  -26.725  -67.604  -39.831 0.6000000238
9861  -26.710  -67.005  -40.504 0.6999999881
106821  -26.638  -66.715  -41.945 0.6999999881
9831  -24.723  -67.032  -37.076 0.6000000238
8093  -24.679  -68.433  -37.585 0.6999999881
8948  -25.479  -68.136  -37.483 0.6999999881
125826  -25.505  -68.718  -39.079 0.6999999881
8965  -26.776  -67.584  -38.850 0.6000000238
120409  -27.173  -66.903  -39.748 0.6000000238
9832  -25.393  -66.803  -36.511 0.6000000238
8935  -25.276  -67.740  -36.795 0.6000000238
8949  -26.333  -67.769  -37.664 0.6000000238
8950  -27.070  -67.206  -37.904 0.5000000000
8966  -27.421  -66.762  -38.825 0.5000000000
10751  -27.511  -66.039  -39.625 0.5000000000
10714  -26.046  -66.482  -36.193 0.6000000238
9822  -27.306  -65.884  -36.611 0.5000000000
9833  -27.163  -66.707  -37.188 0.5000000000
16153  -17.820  -59.775  -39.781 0.6000000238
16151  -16.169  -59.400  -39.540 0.6000000238
17094  -19.092  -58.507  -40.400 0.5000000000
112760  -19.035  -57.679  -39.715 0.6999999881
15269  -15.856  -60.283  -39.222 0.5000000000
16150  -15.419  -59.226  -39.235 0.6000000238
17087  -15.900  -58.401  -39.409 0.6000000238
120749  -13.421  -60.241  -38.422 0.6000000238
16143  -14.918  -59.961  -38.919 0.6000000238
121592  -19.911  -58.528  -40.879 0.4000000060
16142  -14.042  -59.434  -38.557 0.6000000238
16165  -20.583  -59.717  -41.326 0.5000000000
15294  -20.880  -60.659  -40.712 0.6000000238
14400  -21.600  -61.209  -40.064 0.6000000238
13484  -21.772  -62.378  -38.726 0.6999999881
14392  -22.118  -61.858  -39.475 0.6000000238
13469  -22.810  -63.412  -38.596 0.6999999881
116400  -24.044  -64.389  -38.654 0.6000000238
12514  -23.799  -63.810  -38.871 0.6000000238
110229  -24.659  -65.450  -38.014 0.6000000238
9862  -27.121  -66.067  -40.523 0.6000000238
126065  -26.845  -66.193  -41.679 0.6000000238
10768  -26.854  -65.802  -42.257 0.6999999881
10779  -26.644  -65.453  -43.244 0.6999999881
10792  -26.665  -65.057  -44.194 0.6999999881
10742  -25.326  -65.301  -37.283 0.6000000238
9909  -26.299  -65.421  -44.969 0.6999999881
11572  -26.254  -65.771  -36.193 0.6000000238
9845  -27.584  -66.609  -38.044 0.4000000060
10752  -28.022  -65.340  -39.625 0.4000000060
123817  -27.594  -65.445  -40.254 0.5000000000
11653  -27.484  -65.285  -41.005 0.6000000238
10780  -27.133  -64.921  -42.798 0.6000000238
11698  -27.267  -64.436  -44.303 0.6000000238
11573  -26.753  -65.204  -36.136 0.5000000000
11575  -27.903  -64.403  -36.049 0.5000000000
10716  -27.878  -65.119  -36.342 0.5000000000
9834  -27.821  -66.061  -37.579 0.5000000000
11654  -28.084  -64.687  -40.508 0.4000000060
11669  -27.880  -64.610  -41.535 0.6000000238
17989  -18.245  -57.727  -39.528 0.6000000238
17093  -18.311  -58.363  -40.121 0.6000000238
18877  -20.642  -57.249  -39.554 0.6000000238
17086  -15.107  -58.325  -38.877 0.6000000238
17986  -15.598  -57.622  -38.686 0.5000000000
17975  -15.513  -56.991  -38.103 0.6000000238
17946  -14.462  -57.237  -36.893 0.6000000238
18001  -20.394  -58.083  -40.113 0.6000000238
122084  -13.197  -59.391  -38.245 0.6999999881
17945  -13.585  -57.629  -37.076 0.6000000238
17057  -13.891  -57.724  -36.338 0.6000000238
17100  -21.506  -58.751  -41.317 0.5000000000
18010  -21.847  -58.475  -40.662 0.6000000238
15254  -12.555  -60.154  -36.934 0.6000000238
17039  -13.387  -58.278  -35.655 0.6999999881
15310  -21.281  -60.053  -41.727 0.5000000000
16131  -12.478  -59.435  -36.270 0.6999999881
15295  -21.703  -60.886  -41.416 0.6000000238
15239  -12.827  -60.232  -35.050 0.6000000238
13504  -22.808  -62.251  -39.885 0.6000000238
14401  -22.337  -61.552  -40.573 0.6000000238
14402  -23.166  -62.143  -41.069 0.6000000238
127339  -23.417  -62.713  -40.277 0.6000000238
12515  -24.790  -64.280  -38.975 0.6000000238
12516  -25.603  -64.121  -38.721 0.6000000238
13470  -27.176  -63.014  -37.798 0.6000000238
11616  -25.873  -64.550  -37.765 0.6000000238
109399  -27.614  -62.233  -37.415 0.6000000238
12479  -26.880  -64.472  -36.374 0.6000000238
116275  -28.066  -63.956  -42.046 0.6000000238
11684  -27.664  -64.430  -42.428 0.6000000238
11699  -27.477  -64.103  -43.436 0.6000000238
12480  -27.524  -63.850  -36.151 0.5000000000
104849  -28.732  -63.875  -36.042 0.5000000000
11594  -28.755  -64.678  -36.534 0.5000000000
11709  -28.450  -63.713  -44.687 0.6000000238
11655  -28.770  -63.887  -40.327 0.4000000060
12590  -28.500  -63.601  -42.238 0.6000000238
11685  -27.981  -63.689  -42.860 0.6000000238
18875  -17.796  -56.971  -38.633 0.6000000238
19789  -18.061  -56.248  -38.131 0.5000000000
18876  -19.230  -55.869  -38.445 0.6000000238
17976  -16.730  -56.782  -38.413 0.6000000238
18848  -16.592  -56.503  -37.510 0.6000000238
107050  -18.871  -56.984  -39.000 0.5000000000
110889  -19.731  -56.722  -39.136 0.5000000000
117168  -21.108  -56.637  -39.252 0.5000000000
18829  -15.823  -56.619  -37.198 0.5000000000
110118  -16.721  -56.329  -37.868 0.6000000238
118153  -15.646  -57.119  -36.583 0.5000000000
113575  -21.312  -58.154  -39.927 0.6000000238
16126  -13.022  -58.859  -35.185 0.6999999881
17019  -13.612  -58.786  -34.926 0.6000000238
115285  -13.873  -59.407  -34.333 0.6000000238
15311  -22.162  -60.283  -42.081 0.5000000000
15240  -13.291  -60.484  -34.153 0.5000000000
16112  -13.193  -59.616  -34.637 0.6999999881
14413  -22.605  -61.246  -41.664 0.5000000000
13505  -23.912  -62.713  -40.930 0.5000000000
13487  -23.941  -63.240  -39.983 0.6000000238
13489  -26.521  -63.094  -40.002 0.6000000238
12538  -26.059  -63.553  -39.288 0.5000000000
106577  -26.839  -63.059  -38.959 0.6000000238
13443  -27.858  -63.112  -36.172 0.5000000000
12560  -29.452  -63.541  -40.942 0.5000000000
12577  -28.953  -63.508  -41.600 0.5000000000
12606  -28.696  -63.358  -43.279 0.6000000238
12620  -28.961  -63.206  -44.315 0.6000000238
19776  -18.452  -56.153  -37.677 0.6000000238
107792  -18.676  -55.534  -38.021 0.6000000238
17949  -17.430  -57.025  -36.723 0.6000000238
19804  -21.088  -55.686  -38.847 0.5000000000
17948  -16.599  -56.842  -36.706 0.6000000238
17927  -16.360  -57.641  -36.110 0.6999999881
18894  -22.127  -57.654  -39.356 0.6000000238
17020  -14.537  -58.914  -34.660 0.6000000238
17926  -15.361  -57.886  -35.928 0.6000000238
18002  -22.076  -58.208  -39.880 0.6000000238
15227  -14.404  -60.150  -33.245 0.6000000238
16113  -14.458  -59.598  -33.863 0.6000000238
16177  -21.846  -59.274  -42.051 0.5000000000
14414  -23.512  -61.565  -41.871 0.5000000000
14347  -13.449  -61.447  -33.786 0.5000000000
15226  -13.722  -60.908  -33.304 0.6000000238
13506  -24.660  -63.023  -40.532 0.5000000000
13508  -26.835  -62.446  -40.661 0.6000000238
13488  -25.570  -63.341  -40.164 0.5000000000
14393  -27.694  -61.683  -39.303 0.5000000000
13471  -27.442  -62.333  -38.554 0.5000000000
12578  -29.738  -63.354  -41.889 0.6000000238
126742  -30.015  -63.244  -42.787 0.6000000238
19763  -18.790  -56.131  -37.516 0.6000000238
19777  -19.083  -55.262  -37.654 0.5000000000
120711  -19.988  -55.050  -38.255 0.5000000000
117353  -18.118  -57.274  -36.600 0.6999999881
19791  -20.925  -54.828  -38.312 0.5000000000
17042  -17.103  -58.351  -35.659 0.6999999881
17928  -17.449  -57.383  -36.070 0.6000000238
19805  -22.016  -56.019  -38.832 0.5000000000
17041  -16.097  -58.636  -35.504 0.6000000238
18878  -21.700  -56.740  -39.110 0.5000000000
18004  -23.168  -58.109  -40.201 0.6000000238
16106  -15.904  -59.946  -33.967 0.6999999881
18011  -22.673  -58.515  -40.605 0.6000000238
15228  -15.104  -60.440  -32.935 0.6000000238
17101  -23.234  -58.899  -41.257 0.6000000238
14314  -14.557  -62.324  -31.710 0.6999999881
14336  -14.107  -61.343  -32.581 0.6999999881
15312  -23.111  -60.717  -42.127 0.5000000000
16193  -23.489  -59.503  -42.162 0.5000000000
14335  -13.602  -61.906  -32.795 0.6000000238
14415  -24.413  -61.719  -42.068 0.5000000000
13416  -14.197  -62.762  -31.844 0.5000000000
14416  -25.321  -61.745  -42.167 0.6000000238
13517  -24.699  -62.392  -41.453 0.5000000000
11540  -13.890  -64.136  -32.482 0.6000000238
13518  -25.645  -62.328  -41.515 0.5000000000
13490  -27.229  -62.533  -39.724 0.6000000238
15296  -27.947  -61.132  -40.111 0.5000000000
18831  -19.011  -56.871  -36.946 0.6999999881
19764  -19.347  -55.423  -37.452 0.5000000000
20702  -19.765  -54.869  -37.547 0.5000000000
17044  -18.896  -58.328  -35.736 0.8000000119
17950  -18.730  -57.298  -36.600 0.6999999881
20703  -20.615  -54.419  -37.545 0.5000000000
120196  -22.148  -54.569  -38.344 0.5000000000
16116  -17.349  -59.681  -34.772 0.6999999881
17023  -17.780  -58.933  -35.164 0.6999999881
17929  -18.345  -57.677  -36.087 0.8000000119
17022  -16.924  -59.088  -35.238 0.6999999881
20705  -22.991  -54.582  -38.275 0.5000000000
109261  -16.884  -60.735  -33.302 0.6999999881
15242  -16.857  -60.225  -34.010 0.6999999881
123698  -23.068  -57.272  -38.781 0.6000000238
19806  -22.888  -56.407  -38.594 0.5000000000
14326  -15.801  -61.525  -32.084 0.6000000238
15217  -15.685  -60.871  -32.650 0.6000000238
17102  -24.039  -58.653  -41.590 0.6000000238
120218  -15.452  -62.261  -31.646 0.6999999881
15216  -14.946  -61.110  -32.484 0.6999999881
15329  -24.756  -60.144  -42.645 0.6000000238
17121  -23.653  -58.923  -42.026 0.6000000238
13399  -14.915  -62.877  -31.647 0.6000000238
14431  -25.102  -60.962  -42.424 0.6000000238
14417  -26.156  -61.679  -42.024 0.6000000238
11550  -14.325  -64.990  -32.671 0.6000000238
14418  -27.020  -61.651  -41.501 0.6000000238
14403  -27.443  -61.780  -40.396 0.5000000000
17931  -20.429  -57.522  -36.636 0.6000000238
125904  -20.317  -56.655  -37.171 0.5000000000
19765  -19.968  -55.039  -37.034 0.5000000000
21673  -22.228  -53.826  -37.720 0.5000000000
17024  -18.595  -58.876  -35.180 0.8000000119
21674  -23.393  -53.825  -37.790 0.5000000000
15243  -17.901  -60.209  -34.252 0.6999999881
17992  -23.706  -57.791  -39.373 0.6000000238
114251  -12.578  -65.377  -30.569 0.6000000238
14338  -17.306  -61.254  -32.968 0.8000000119
10649  -13.230  -65.430  -30.238 0.6000000238
118758  -16.329  -62.681  -31.774 0.6999999881
13418  -17.352  -62.256  -32.127 0.8000000119
114738  -24.056  -58.200  -40.425 0.6000000238
9764  -14.063  -67.063  -31.235 0.6000000238
13400  -15.853  -63.159  -31.710 0.6000000238
16195  -24.822  -59.480  -42.500 0.6000000238
16196  -26.063  -59.740  -43.034 0.6000000238
9774  -15.358  -66.631  -31.814 0.6000000238
11542  -15.076  -65.425  -32.155 0.6000000238
11529  -15.207  -64.616  -31.864 0.6000000238
14432  -25.980  -61.191  -42.973 0.6000000238
16197  -26.800  -59.809  -42.693 0.6000000238
11541  -14.438  -64.321  -32.153 0.5000000000
15313  -27.431  -60.798  -41.980 0.5000000000
125222  -28.100  -60.727  -40.790 0.5000000000
15314  -27.747  -60.096  -42.029 0.5000000000
17952  -21.223  -56.796  -36.908 0.5000000000
18833  -20.584  -55.834  -37.012 0.5000000000
17045  -19.922  -58.426  -35.994 0.6000000238
17046  -21.138  -58.278  -36.140 0.5000000000
15244  -18.789  -60.043  -34.273 0.8000000119
126269  -19.784  -59.321  -34.678 0.6999999881
15231  -18.528  -60.787  -33.819 0.8000000119
15230  -17.635  -60.812  -33.629 0.8000000119
18880  -23.870  -56.807  -38.554 0.6000000238
20706  -23.960  -54.580  -38.288 0.5000000000
12429  -11.841  -63.418  -30.488 0.6000000238
14328  -17.599  -61.842  -32.662 0.8000000119
19795  -24.503  -55.333  -38.474 0.5000000000
11492  -13.398  -64.272  -29.518 0.6999999881
116064  -12.618  -64.768  -30.155 0.6000000238
117611  -17.748  -63.607  -31.404 0.8000000119
18005  -24.936  -57.981  -40.721 0.6000000238
120507  -24.597  -57.867  -39.909 0.6000000238
18866  -24.896  -56.183  -38.814 0.6000000238
10631  -13.769  -65.032  -29.802 0.6000000238
17104  -25.420  -58.573  -41.747 0.6000000238
17103  -24.784  -58.427  -41.892 0.6000000238
17993  -25.356  -57.597  -39.974 0.6000000238
9765  -14.989  -66.953  -31.289 0.6000000238
11530  -16.058  -64.892  -31.500 0.6000000238
112625  -16.808  -63.479  -31.602 0.5000000000
17123  -26.247  -59.324  -41.876 0.6000000238
118990  -15.798  -65.755  -31.582 0.6000000238
15332  -27.147  -60.286  -42.621 0.6000000238
17124  -27.217  -59.382  -42.020 0.6000000238
17125  -28.040  -59.102  -42.146 0.5000000000
106191  -28.815  -58.942  -41.840 0.5000000000
126670  -28.333  -60.106  -41.189 0.5000000000
17108  -29.424  -58.368  -41.692 0.5000000000
17026  -20.505  -59.013  -35.193 0.6000000238
123622  -19.586  -59.859  -34.262 0.6999999881
116586  -11.435  -61.779  -31.055 0.6000000238
13392  -11.632  -62.610  -30.759 0.6000000238
116142  -19.191  -61.430  -33.523 0.8000000119
20707  -24.940  -54.418  -38.381 0.5000000000
13393  -12.045  -62.715  -30.120 0.6000000238
13429  -19.089  -62.180  -32.944 0.8000000119
20708  -25.870  -54.294  -38.490 0.5000000000
12430  -12.353  -63.466  -29.831 0.6999999881
12446  -18.661  -63.586  -31.348 0.8000000119
18882  -25.547  -56.766  -39.533 0.6000000238
19807  -25.808  -55.804  -39.259 0.6000000238
11493  -14.208  -64.539  -29.535 0.8000000119
11532  -18.225  -64.214  -30.731 0.6999999881
18014  -25.197  -58.133  -41.482 0.6000000238
18883  -26.322  -56.346  -39.797 0.6000000238
10632  -14.669  -65.401  -29.689 0.6999999881
9734  -15.984  -66.204  -29.863 0.6999999881
11531  -16.963  -65.184  -30.535 0.6000000238
17105  -26.197  -58.282  -41.363 0.6000000238
18896  -26.848  -56.738  -40.369 0.6000000238
9766  -15.694  -66.690  -30.979 0.6000000238
125195  -27.208  -56.900  -40.796 0.5000000000
17106  -27.793  -58.602  -41.844 0.5000000000
16119  -20.365  -59.684  -34.393 0.6000000238
17027  -21.704  -58.806  -35.419 0.5000000000
15204  -10.561  -60.203  -31.892 0.6000000238
15245  -20.168  -60.394  -33.930 0.6999999881
14313  -11.053  -60.822  -31.396 0.6000000238
118960  -19.376  -60.622  -33.910 0.6999999881
15233  -20.740  -60.885  -33.554 0.6000000238
115437  -11.802  -61.952  -30.322 0.6000000238
14308  -11.611  -61.111  -30.484 0.6000000238
14339  -19.845  -61.870  -33.122 0.6000000238
13420  -19.854  -62.488  -32.504 0.6999999881
13373  -12.717  -62.700  -29.650 0.8000000119
13403  -19.088  -62.923  -32.099 0.6999999881
12448  -20.036  -63.285  -31.022 0.6000000238
12409  -13.108  -63.501  -29.428 0.8000000119
11515  -18.499  -64.553  -30.134 0.8000000119
12415  -18.816  -63.981  -29.519 0.6999999881
12412  -15.302  -63.887  -29.309 0.6999999881
11495  -16.013  -64.750  -29.240 0.6999999881
11496  -16.863  -64.884  -29.330 0.6000000238
11497  -18.102  -64.527  -29.462 0.8000000119
16097  -9.739  -59.303  -32.563 0.6000000238
15205  -10.830  -59.993  -31.328 0.6000000238
15189  -12.135  -60.544  -30.102 0.6999999881
13405  -20.695  -62.787  -31.084 0.6000000238
117593  -12.274  -62.095  -29.951 0.6999999881
14293  -12.922  -61.713  -29.729 0.6999999881
12416  -19.519  -63.565  -29.957 0.6999999881
13379  -19.233  -63.061  -29.496 0.6000000238
13374  -13.513  -62.419  -29.519 0.8000000119
13375  -14.521  -62.385  -29.418 0.6000000238
119524  -15.497  -62.948  -29.228 0.5000000000
13378  -18.394  -63.194  -29.142 0.6999999881
14299  -18.697  -62.198  -29.258 0.6999999881
14300  -19.639  -62.177  -29.582 0.6000000238
12411  -14.599  -63.295  -29.356 0.8000000119
13376  -16.613  -63.189  -28.975 0.6000000238
12400  -17.277  -63.798  -28.902 0.6000000238
16104  -9.312  -58.854  -32.877 0.6000000238
17005  -9.836  -58.464  -31.941 0.6000000238
16091  -10.962  -59.332  -31.078 0.6999999881
16090  -10.328  -59.422  -31.794 0.6000000238
16072  -11.434  -60.141  -30.657 0.6999999881
109539  -12.110  -59.827  -30.255 0.6999999881
15178  -12.732  -60.812  -29.728 0.6999999881
15179  -13.295  -60.383  -29.570 0.6000000238
13380  -19.962  -62.820  -29.906 0.6000000238
14294  -13.882  -61.572  -29.574 0.6000000238
119415  -15.371  -62.077  -29.325 0.6000000238
15185  -20.144  -61.348  -29.822 0.5000000000
116599  -18.482  -61.279  -29.345 0.6000000238
15191  -19.682  -60.373  -29.884 0.5000000000
16077  -20.012  -59.429  -30.307 0.5000000000
15183  -17.906  -60.775  -29.304 0.6000000238
15190  -18.722  -60.497  -29.631 0.5000000000
17884  -9.600  -57.111  -32.435 0.6000000238
17012  -9.411  -57.998  -32.629 0.6000000238
16994  -10.562  -58.704  -31.416 0.6999999881
109947  -9.995  -57.396  -31.794 0.6999999881
16995  -11.321  -58.547  -31.158 0.6999999881
16092  -11.745  -59.258  -30.703 0.6999999881
16073  -12.471  -59.150  -30.299 0.6000000238
16064  -12.791  -59.899  -29.785 0.5000000000
16065  -13.725  -59.685  -29.402 0.6999999881
16957  -14.142  -58.736  -29.210 0.6000000238
125078  -14.281  -60.009  -29.326 0.6000000238
16067  -15.631  -59.544  -29.084 0.6000000238
16959  -16.185  -58.612  -29.267 0.6000000238
125443  -17.150  -60.202  -29.136 0.6000000238
126995  -17.467  -59.406  -29.383 0.5000000000
16960  -17.232  -58.556  -29.528 0.5000000000
16976  -18.816  -58.528  -29.735 0.5000000000
20600  -9.812  -54.327  -31.482 0.6999999881
21577  -10.520  -54.009  -31.687 0.6999999881
21569  -10.882  -53.849  -30.847 0.6999999881
108332  -10.317  -56.254  -32.178 0.6000000238
121473  -10.339  -54.357  -32.228 0.6999999881
21578  -11.245  -53.435  -31.879 0.6999999881
22492  -11.936  -52.871  -31.434 0.6999999881
22502  -12.584  -52.379  -31.592 0.6000000238
18779  -10.818  -56.587  -32.161 0.6999999881
19704  -10.485  -55.474  -32.636 0.6999999881
20611  -10.487  -54.536  -33.145 0.6999999881
21590  -11.174  -53.312  -33.169 0.6999999881
17885  -11.076  -57.132  -31.880 0.6999999881
18795  -11.130  -55.922  -32.838 0.6999999881
20612  -10.776  -53.871  -33.712 0.6999999881
16996  -12.199  -58.529  -30.952 0.6999999881
116362  -13.208  -58.080  -30.146 0.6000000238
16074  -13.252  -58.858  -29.755 0.6000000238
17862  -14.370  -57.265  -29.918 0.6000000238
18753  -14.975  -56.566  -30.400 0.6000000238
16066  -14.590  -59.449  -29.137 0.6000000238
16958  -15.672  -57.926  -29.515 0.6000000238
118063  -16.143  -57.370  -30.107 0.6000000238
16974  -16.631  -57.791  -29.755 0.5000000000
17864  -16.849  -57.051  -30.412 0.6000000238
112631  -17.056  -56.474  -31.005 0.6000000238
17865  -17.307  -57.467  -29.925 0.5000000000
17875  -17.360  -56.801  -30.627 0.5000000000
20595  -9.942  -54.101  -30.881 0.6999999881
21570  -11.861  -53.407  -30.607 0.6999999881
22493  -12.488  -52.738  -30.693 0.6000000238
23416  -12.926  -52.099  -30.730 0.6000000238
108165  -13.154  -51.630  -31.162 0.6000000238
121476  -13.754  -51.369  -31.813 0.4000000060
21591  -11.986  -52.942  -33.457 0.6000000238
22516  -11.895  -52.875  -32.432 0.5000000000
23425  -13.134  -51.978  -31.970 0.5000000000
24327  -14.494  -50.932  -31.972 0.4000000060
24313  -14.752  -50.037  -31.678 0.5000000000
119555  -11.613  -56.131  -32.731 0.8000000119
20627  -10.857  -54.555  -33.906 0.6999999881
22536  -12.709  -52.591  -33.811 0.5000000000
22518  -13.167  -52.168  -33.513 0.4000000060
23443  -14.146  -51.462  -32.756 0.4000000060
24328  -15.179  -50.586  -32.158 0.4000000060
24341  -15.596  -51.032  -32.521 0.4000000060
17886  -11.844  -56.702  -32.302 0.8000000119
18780  -12.032  -55.940  -33.165 0.8000000119
18796  -11.620  -55.784  -33.712 0.8000000119
110673  -12.029  -54.773  -34.384 0.8000000119
20652  -13.004  -53.863  -34.369 0.6000000238
21609  -13.187  -53.137  -34.236 0.5000000000
22538  -14.260  -52.361  -34.046 0.4000000060
23454  -14.599  -51.782  -33.448 0.4000000060
17872  -11.801  -57.720  -31.571 0.6999999881
17860  -12.795  -57.813  -31.037 0.8000000119
17873  -13.161  -56.859  -31.318 0.6999999881
18762  -14.451  -56.194  -31.051 0.5000000000
116206  -14.878  -53.204  -34.092 0.5000000000
22539  -15.220  -52.478  -33.696 0.4000000060
23455  -15.670  -51.732  -33.029 0.4000000060
17861  -13.570  -57.299  -30.369 0.6000000238
18752  -14.188  -56.727  -30.414 0.5000000000
18763  -15.513  -55.797  -31.068 0.5000000000
18781  -16.326  -55.424  -31.386 0.6000000238
113200  -16.600  -55.987  -31.027 0.6000000238
18764  -17.016  -56.020  -31.264 0.6000000238
21561  -11.371  -53.957  -29.801 0.6000000238
21562  -12.238  -53.623  -29.443 0.5000000000
23405  -13.185  -52.523  -29.844 0.5000000000
23406  -13.941  -51.979  -29.007 0.4000000060
23417  -13.553  -51.396  -30.138 0.5000000000
24311  -13.650  -50.738  -30.913 0.5000000000
24312  -14.092  -50.334  -31.352 0.5000000000
25220  -14.583  -49.533  -31.129 0.5000000000
25221  -15.246  -49.349  -31.422 0.5000000000
26141  -16.779  -48.585  -31.398 0.5000000000
25237  -15.548  -49.832  -32.046 0.5000000000
19723  -12.293  -55.516  -34.000 0.6999999881
20630  -12.951  -54.649  -34.225 0.6000000238
20631  -14.014  -54.455  -33.575 0.5000000000
21630  -13.825  -53.739  -34.380 0.5000000000
25238  -16.427  -49.726  -32.389 0.5000000000
119824  -17.482  -48.871  -32.314 0.5000000000
18761  -12.639  -56.213  -32.161 0.8000000119
19705  -12.744  -55.624  -32.957 0.6999999881
19706  -13.616  -55.534  -32.496 0.6000000238
20654  -14.564  -54.031  -33.735 0.5000000000
22556  -15.768  -53.304  -33.724 0.4000000060
22540  -16.236  -52.536  -33.418 0.5000000000
24329  -16.811  -50.397  -32.778 0.4000000060
25239  -17.337  -49.737  -32.777 0.5000000000
19692  -14.580  -55.511  -31.877 0.5000000000
19726  -15.523  -54.518  -32.670 0.5000000000
20632  -15.052  -54.233  -33.132 0.6000000238
20655  -15.670  -53.997  -33.351 0.5000000000
22557  -16.770  -52.970  -33.616 0.5000000000
23467  -17.173  -52.263  -33.684 0.5000000000
19693  -15.506  -55.243  -31.780 0.5000000000
19727  -16.246  -54.173  -32.455 0.5000000000
114104  -16.023  -54.072  -33.050 0.5000000000
108780  -16.989  -53.444  -33.490 0.5000000000
19709  -16.632  -54.650  -31.727 0.6000000238
19728  -16.665  -53.875  -32.386 0.6000000238
21554  -12.375  -53.534  -28.536 0.5000000000
23398  -13.444  -52.097  -28.259 0.5000000000
111291  -14.316  -51.015  -28.885 0.4000000060
24302  -14.017  -50.332  -29.933 0.4000000060
117879  -12.595  -52.089  -27.712 0.5000000000
125271  -13.767  -51.330  -28.374 0.4000000060
24303  -14.068  -49.807  -30.705 0.6000000238
25208  -15.246  -48.867  -30.780 0.5000000000
26140  -15.860  -48.696  -30.970 0.5000000000
26132  -16.270  -47.915  -30.588 0.4000000060
27096  -17.135  -47.804  -30.760 0.4000000060
28103  -17.534  -47.282  -30.253 0.4000000060
24270  -12.756  -50.350  -27.685 0.4000000060
125924  -13.861  -50.448  -28.092 0.4000000060
24289  -14.685  -50.124  -28.709 0.4000000060
25206  -14.702  -49.630  -29.658 0.5000000000
25207  -14.884  -49.062  -30.397 0.5000000000
120067  -15.342  -48.333  -30.295 0.5000000000
25193  -14.476  -49.232  -28.881 0.4000000060
27081  -14.807  -47.324  -29.463 0.4000000060
26130  -15.295  -47.545  -30.079 0.5000000000
122869  -15.429  -47.192  -30.070 0.4000000060
126014  -15.935  -47.318  -30.322 0.4000000060
27090  -16.399  -47.105  -30.225 0.4000000060
108646  -17.977  -47.151  -29.671 0.4000000060
25184  -13.166  -49.448  -27.848 0.4000000060
25185  -14.050  -49.641  -28.288 0.4000000060
27069  -12.189  -47.452  -28.031 0.4000000060
107656  -13.078  -47.636  -28.300 0.4000000060
26123  -14.536  -48.320  -29.120 0.4000000060
28086  -14.156  -46.715  -29.073 0.4000000060
27082  -15.343  -46.836  -29.871 0.5000000000
28096  -16.074  -46.350  -29.837 0.4000000060
28097  -16.927  -46.760  -29.727 0.4000000060
28087  -15.002  -46.367  -29.363 0.4000000060
29000  -15.591  -45.693  -29.031 0.4000000060
29001  -16.163  -45.783  -28.945 0.4000000060
28088  -16.492  -46.255  -29.333 0.4000000060
28089  -17.699  -46.775  -29.172 0.4000000060
26102  -11.528  -48.104  -27.827 0.4000000060
27056  -11.936  -46.706  -27.760 0.3000000119
28075  -13.637  -46.336  -28.510 0.3000000119
28959  -12.382  -45.368  -27.288 0.4000000060
28062  -12.491  -46.088  -27.730 0.3000000119
127364  -13.151  -46.066  -28.063 0.3000000119
28076  -14.499  -45.894  -28.837 0.4000000060
29938  -15.195  -44.783  -28.279 0.5000000000
28983  -15.588  -45.277  -28.571 0.4000000060
28984  -17.010  -45.978  -28.494 0.4000000060
28986  -19.544  -45.912  -28.967 0.3000000119
29919  -15.095  -44.226  -27.712 0.5000000000
109893  -15.798  -44.519  -27.382 0.5000000000
28961  -16.193  -45.401  -28.299 0.4000000060
28962  -17.104  -45.586  -27.773 0.4000000060
108708  -17.927  -46.086  -28.080 0.3000000119
28061  -11.741  -46.017  -27.368 0.4000000060
29899  -12.648  -44.762  -27.047 0.4000000060
29900  -13.347  -44.293  -27.031 0.4000000060
126165  -13.753  -44.376  -27.514 0.5000000000
29937  -14.777  -44.596  -28.163 0.5000000000
29918  -14.195  -44.089  -27.532 0.5000000000
29902  -15.710  -44.186  -26.790 0.5000000000
29921  -17.244  -45.051  -26.889 0.4000000060
28943  -18.292  -45.749  -27.196 0.3000000119
29891  -15.656  -44.267  -25.717 0.3000000119
29892  -16.404  -44.243  -25.788 0.3000000119
30824  -17.086  -43.937  -25.689 0.3000000119
28958  -11.667  -45.538  -27.028 0.4000000060
29889  -13.502  -44.600  -25.830 0.3000000119
29890  -14.674  -44.276  -25.710 0.4000000060
30826  -18.494  -44.045  -25.952 0.3000000119
106077  -13.291  -44.839  -24.732 0.3000000119
30804  -14.207  -44.233  -23.747 0.3000000119
17088  -16.817  -58.350  -39.700 0.6000000238
17988  -17.246  -57.664  -39.168 0.5000000000
14298  -17.846  -61.710  -29.117 0.6000000238
120249  -16.506  -61.604  -29.052 0.6000000238
12604  -22.756  -63.458  -43.635 0.5000000000
11668  -22.574  -64.964  -41.641 0.6000000238
12559  -19.917  -63.914  -39.858 0.5000000000
10778  -22.777  -65.375  -42.073 0.6999999881
118107  -22.157  -67.154  -43.099 0.6999999881
9010  -22.338  -67.547  -42.470 0.6999999881
10749  -22.947  -65.531  -39.157 0.6999999881
8984  -23.096  -68.378  -40.417 0.6999999881
9860  -23.303  -67.257  -40.223 0.6999999881
15284  -20.978  -61.131  -39.605 0.5000000000
7368  -23.868  -69.183  -41.623 0.6999999881
11614  -23.739  -64.782  -38.556 0.6999999881
10741  -23.244  -65.172  -38.761 0.6999999881
7369  -24.253  -69.221  -40.994 0.6999999881
107618  -24.437  -66.374  -37.847 0.6999999881
16163  -18.550  -59.208  -40.272 0.6000000238
8985  -25.634  -67.808  -41.182 0.6999999881
120860  -24.484  -64.811  -38.477 0.6000000238
10729  -25.632  -65.953  -36.460 0.6000000238
8936  -26.067  -67.686  -36.719 0.5000000000
17068  -13.863  -57.822  -37.866 0.6999999881
11615  -25.151  -64.766  -38.304 0.6000000238
10769  -27.362  -65.174  -41.905 0.6000000238
10793  -26.989  -64.755  -43.581 0.6000000238
119931  -26.479  -64.286  -37.156 0.5000000000
12481  -28.158  -63.562  -35.961 0.5000000000
11670  -28.406  -63.891  -41.279 0.5000000000
17974  -14.865  -57.597  -38.069 0.6000000238
17066  -12.830  -58.548  -37.340 0.6999999881
114364  -22.352  -58.816  -41.292 0.6000000238
12537  -25.366  -63.885  -39.481 0.5000000000
12495  -27.022  -63.723  -37.005 0.6000000238
12517  -26.400  -63.698  -38.084 0.5000000000
12496  -27.498  -63.024  -36.756 0.5000000000
11700  -28.099  -63.494  -43.817 0.6000000238
12591  -29.229  -63.350  -42.564 0.6000000238
121973  -30.256  -63.452  -41.396 0.5000000000
16115  -16.254  -59.510  -34.747 0.6000000238
19794  -23.573  -55.604  -38.419 0.5000000000
9763  -12.908  -66.841  -31.147 0.6000000238
10674  -14.866  -66.108  -32.822 0.6000000238
14433  -26.781  -61.078  -42.637 0.6000000238
9746  -13.655  -66.337  -30.654 0.6000000238
13402  -18.073  -62.940  -31.890 0.8000000119
9733  -15.207  -66.207  -29.938 0.6000000238
18006  -25.772  -57.751  -40.802 0.6000000238
10667  -16.630  -65.752  -30.345 0.6000000238
18015  -27.305  -57.990  -41.390 0.6000000238
12431  -18.961  -63.960  -30.617 0.8000000119
19808  -26.613  -55.634  -39.461 0.6000000238
10636  -17.882  -64.894  -29.884 0.6000000238
10651  -16.505  -65.848  -29.952 0.6999999881
12413  -16.031  -63.774  -29.162 0.6000000238
14295  -14.886  -61.273  -29.426 0.6000000238
109496  -17.098  -62.223  -28.916 0.6999999881
115756  -15.644  -60.594  -29.181 0.6000000238
16075  -18.111  -59.010  -29.676 0.5000000000
17842  -13.813  -58.011  -29.660 0.5000000000
15182  -16.307  -60.088  -29.095 0.6000000238
16997  -17.748  -57.184  -30.026 0.5000000000
20610  -9.980  -54.927  -32.011 0.6999999881
19703  -9.736  -55.666  -32.250 0.6000000238
21589  -10.554  -53.791  -32.831 0.6999999881
19721  -10.960  -55.320  -33.668 0.8000000119
21607  -11.469  -53.480  -34.018 0.6000000238
122385  -12.641  -53.235  -29.922 0.6000000238
23441  -13.445  -51.868  -32.810 0.5000000000
22517  -12.680  -52.386  -32.823 0.5000000000
23457  -17.344  -51.415  -33.920 0.5000000000
22485  -12.962  -53.251  -29.144 0.5000000000
120283  -16.789  -49.164  -32.239 0.5000000000
19724  -13.454  -55.136  -33.259 0.6000000238
19725  -14.575  -54.840  -32.994 0.6000000238
20633  -16.511  -53.893  -32.852 0.5000000000
23388  -13.121  -51.233  -27.792 0.5000000000
26131  -15.619  -47.821  -30.319 0.5000000000
25194  -14.875  -48.932  -29.542 0.6000000238
25183  -12.038  -48.912  -27.872 0.4000000060
26115  -12.634  -48.374  -28.036 0.4000000060
26116  -13.706  -48.643  -28.400 0.4000000060
27070  -12.783  -46.765  -28.198 0.3000000119
27071  -13.875  -47.594  -28.911 0.4000000060
27083  -15.570  -46.209  -29.533 0.5000000000
108677  -15.902  -45.978  -29.388 0.4000000060
28999  -15.201  -45.711  -29.006 0.4000000060
29002  -17.287  -46.373  -28.837 0.4000000060
29003  -18.832  -46.453  -29.161 0.4000000060
28960  -13.317  -44.872  -27.491 0.3000000119
121667  -14.111  -44.583  -27.953 0.5000000000
28981  -14.689  -45.180  -28.488 0.4000000060
29939  -15.630  -44.820  -28.034 0.5000000000
28982  -15.214  -45.196  -28.585 0.4000000060
28985  -18.289  -46.357  -28.636 0.4000000060
29903  -16.549  -44.568  -26.564 0.5000000000
29920  -16.347  -45.016  -27.517 0.4000000060
29901  -13.989  -43.986  -26.739 0.5000000000
108058  -14.854  -43.971  -26.823 0.4000000060
116069  -17.513  -44.309  -26.102 0.4000000060
29875  -14.341  -44.558  -24.569 0.3000000119
30805  -14.818  -44.062  -24.073 0.3000000119
29876  -15.337  -44.356  -24.811 0.3000000119
7426  -27.957  -69.230  -47.297 0.5000000000
7418  -27.989  -69.224  -46.422 0.5000000000
109199  -27.978  -69.652  -45.240 0.5000000000
7409  -28.116  -69.130  -45.508 0.5000000000
7405  -28.409  -69.248  -44.588 0.5000000000
116354  -28.521  -69.378  -43.904 0.6000000238
8220  -27.713  -68.603  -47.511 0.5000000000
8214  -28.135  -68.252  -46.851 0.5000000000
105169  -28.456  -67.574  -46.098 0.5000000000
8205  -28.538  -68.170  -45.084 0.5000000000
8181  -28.404  -68.653  -43.150 0.6000000238
9042  -29.119  -67.387  -44.220 0.6000000238
8195  -28.603  -68.431  -43.988 0.6000000238
120417  -27.286  -68.490  -47.939 0.4000000060
7425  -24.871  -69.669  -48.244 0.4000000060
8213  -25.260  -68.813  -47.694 0.4000000060
8218  -25.893  -68.906  -48.574 0.5000000000
9079  -26.580  -68.553  -48.633 0.5000000000
8226  -26.934  -68.847  -49.173 0.5000000000
122602  -26.574  -67.912  -47.879 0.5000000000
126410  -26.298  -67.465  -47.452 0.5000000000
126108  -27.186  -68.809  -48.742 0.5000000000
9073  -27.117  -67.739  -47.572 0.5000000000
8165  -28.492  -68.420  -42.249 0.6000000238
8148  -28.959  -68.034  -41.417 0.6000000238
9066  -27.504  -66.725  -47.086 0.5000000000
9067  -28.096  -67.096  -46.787 0.5000000000
10838  -27.587  -65.746  -46.702 0.5000000000
9013  -28.749  -67.842  -42.668 0.6000000238
122599  -28.372  -66.597  -46.198 0.5000000000
9910  -29.341  -66.396  -45.020 0.6000000238
8166  -29.004  -67.936  -42.081 0.6000000238
9893  -29.793  -67.013  -43.838 0.6000000238
9014  -29.456  -67.633  -42.492 0.6000000238
9015  -30.352  -67.813  -42.389 0.6999999881
9028  -30.075  -67.104  -43.069 0.6000000238
9016  -31.065  -67.655  -43.053 0.6999999881
7415  -23.071  -70.140  -46.273 0.6000000238
8203  -24.133  -69.269  -45.615 0.6000000238
8193  -24.178  -68.907  -44.594 0.6000000238
7417  -24.346  -69.817  -47.266 0.5000000000
8212  -24.696  -68.825  -46.516 0.5000000000
8204  -24.684  -68.272  -45.437 0.6000000238
9064  -25.682  -67.678  -47.069 0.5000000000
117463  -25.107  -67.596  -46.162 0.5000000000
9925  -25.651  -66.737  -46.386 0.5000000000
9072  -26.757  -67.096  -47.282 0.5000000000
117216  -26.260  -66.180  -46.601 0.5000000000
9939  -26.884  -66.239  -46.977 0.5000000000
8118  -28.854  -68.960  -40.026 0.6999999881
8134  -29.412  -68.378  -40.540 0.8000000119
9940  -27.973  -65.969  -46.669 0.5000000000
9927  -28.589  -65.737  -45.848 0.5000000000
9928  -29.386  -65.295  -45.277 0.6000000238
9000  -29.761  -67.997  -41.878 0.6999999881
8149  -30.100  -68.078  -41.162 0.6999999881
119710  -29.595  -66.756  -44.393 0.6000000238
8168  -31.278  -68.280  -42.425 0.6999999881
9894  -30.369  -66.692  -44.103 0.6000000238
9029  -30.938  -67.019  -43.825 0.6000000238
9043  -31.788  -67.179  -45.090 0.6999999881
8182  -32.013  -68.397  -43.340 0.6999999881
7414  -22.763  -69.808  -46.669 0.5000000000
8194  -25.002  -67.995  -44.453 0.6000000238
9053  -25.194  -67.023  -45.346 0.6000000238
9926  -25.937  -65.914  -45.837 0.6000000238
10837  -26.809  -65.652  -46.513 0.5000000000
10804  -27.079  -64.787  -45.175 0.6000000238
8119  -29.706  -68.825  -39.690 0.6999999881
121929  -27.459  -65.234  -46.417 0.5000000000
10805  -27.954  -64.393  -45.105 0.5000000000
8135  -30.545  -68.490  -40.241 0.5000000000
8107  -30.598  -69.041  -38.500 0.6000000238
10822  -28.008  -65.085  -46.386 0.6000000238
8150  -31.149  -68.219  -41.090 0.6000000238
10806  -30.006  -65.153  -45.042 0.5000000000
8167  -30.674  -68.245  -41.833 0.6999999881
10807  -30.601  -65.686  -44.851 0.5000000000
126049  -31.978  -68.841  -42.314 0.6000000238
109435  -32.661  -69.350  -41.984 0.6000000238
127202  -31.340  -65.332  -45.455 0.5000000000
9055  -32.338  -66.858  -45.850 0.6000000238
8183  -32.987  -68.953  -44.076 0.5000000000
9045  -33.512  -67.946  -45.474 0.5000000000
7372  -34.321  -69.541  -43.098 0.5000000000
117103  -22.594  -69.461  -45.074 0.6000000238
7407  -22.869  -69.813  -45.475 0.6000000238
8202  -22.172  -68.669  -45.769 0.4000000060
115202  -27.744  -63.879  -44.275 0.5000000000
116960  -31.184  -68.786  -39.672 0.6000000238
11725  -28.320  -64.606  -45.716 0.5000000000
8136  -31.578  -68.673  -40.325 0.5000000000
10823  -29.632  -64.327  -45.353 0.5000000000
8137  -32.433  -68.888  -40.402 0.5000000000
8121  -31.960  -68.611  -39.543 0.5000000000
11728  -31.194  -64.292  -45.417 0.5000000000
8151  -31.988  -68.795  -41.266 0.5000000000
107049  -33.402  -69.410  -41.589 0.5000000000
10825  -31.773  -65.209  -45.980 0.6000000238
11730  -32.617  -64.974  -45.751 0.6000000238
8169  -32.719  -69.235  -43.044 0.5000000000
8170  -33.541  -69.557  -42.771 0.6000000238
9930  -32.933  -66.296  -46.001 0.6000000238
118263  -33.900  -67.675  -45.336 0.5000000000
9024  -21.989  -67.726  -44.465 0.4000000060
11710  -29.261  -63.486  -45.105 0.5000000000
8122  -32.990  -68.640  -39.773 0.5000000000
12638  -30.022  -63.285  -45.210 0.5000000000
12623  -31.165  -63.485  -44.930 0.5000000000
8138  -34.190  -69.215  -41.111 0.5000000000
8969  -33.606  -68.173  -39.167 0.5000000000
8953  -34.176  -67.556  -38.657 0.5000000000
9847  -34.726  -66.890  -38.206 0.5000000000
9837  -36.045  -66.453  -37.685 0.5000000000
12624  -31.930  -63.930  -44.817 0.6000000238
11713  -33.077  -64.857  -45.104 0.6000000238
122068  -33.539  -65.878  -44.723 0.6000000238
8153  -35.911  -68.620  -41.977 0.5000000000
9896  -34.152  -66.561  -44.030 0.5000000000
9897  -34.708  -67.335  -44.162 0.5000000000
111475  -30.721  -63.435  -42.315 0.5000000000
8123  -34.128  -68.984  -39.940 0.5000000000
8970  -34.598  -68.234  -39.328 0.5000000000
8954  -35.204  -67.451  -38.958 0.5000000000
9848  -35.736  -66.888  -38.358 0.5000000000
12593  -31.458  -63.424  -43.257 0.5000000000
12594  -32.258  -63.840  -43.170 0.6000000238
8139  -34.937  -68.952  -40.766 0.5000000000
8124  -34.958  -68.657  -39.963 0.5000000000
8955  -36.374  -67.375  -39.309 0.5000000000
9849  -36.591  -66.795  -38.419 0.5000000000
9838  -36.754  -66.182  -37.757 0.5000000000
11702  -33.180  -64.963  -44.005 0.5000000000
8152  -34.969  -68.961  -41.935 0.5000000000
114661  -36.654  -68.414  -41.374 0.5000000000
12579  -31.051  -63.635  -41.321 0.5000000000
8972  -37.380  -67.831  -40.045 0.5000000000
8956  -37.275  -67.188  -39.116 0.5000000000
108945  -38.201  -66.068  -39.032 0.4000000060
8973  -37.965  -67.546  -39.735 0.4000000060
118794  -16.184  -61.207  -38.805 0.4000000060
10648  -12.129  -64.897  -30.780 0.5000000000
14323  -10.956  -61.714  -32.145 0.5000000000
13398  -11.349  -62.431  -31.509 0.5000000000
110615  -9.986  -60.514  -33.156 0.5000000000
14322  -10.430  -60.769  -32.376 0.5000000000
12441  -11.423  -63.313  -31.434 0.5000000000
19690  -9.085  -54.558  -31.497 0.5000000000
20594  -9.118  -54.210  -30.937 0.5000000000
12607  -29.693  -63.046  -43.775 0.5000000000
12621  -29.823  -62.974  -44.839 0.5000000000
9026  -28.708  -67.801  -43.317 0.6000000238
9054  -28.817  -66.956  -45.434 0.6000000238
9027  -29.236  -67.437  -43.155 0.6000000238
9911  -29.892  -66.117  -44.569 0.6000000238
108416  -28.613  -64.687  -45.599 0.5000000000
9895  -31.047  -66.410  -44.527 0.6000000238
8196  -32.410  -68.122  -44.608 0.6000000238
9044  -32.739  -67.664  -45.523 0.6000000238
8120  -30.534  -68.893  -39.341 0.6999999881
104921  -28.993  -64.086  -45.421 0.5000000000
10824  -30.754  -64.679  -45.329 0.5000000000
9929  -32.360  -66.176  -46.065 0.6000000238
9056  -32.931  -67.051  -45.993 0.6000000238
8197  -33.277  -68.580  -44.993 0.5000000000
7373  -34.703  -69.297  -42.814 0.5000000000
121725  -32.731  -69.145  -41.128 0.5000000000
11711  -31.668  -64.248  -45.325 0.5000000000
9913  -33.907  -66.941  -45.243 0.5000000000
12609  -31.158  -63.200  -44.132 0.5000000000
11701  -32.512  -64.272  -44.204 0.5000000000
12610  -31.785  -63.609  -44.129 0.5000000000
8971  -35.581  -67.984  -39.746 0.5000000000
8125  -35.681  -68.207  -40.747 0.5000000000
8987  -36.548  -67.863  -40.488 0.5000000000
9850  -37.263  -66.487  -38.450 0.5000000000
108806  -37.491  -68.243  -41.037 0.4000000060
9855  -37.784  -66.668  -39.120 0.4000000060
8084  -32.289  -68.642  -36.013 0.5000000000
8939  -32.470  -67.532  -37.317 0.6000000238
8095  -31.391  -68.690  -37.275 0.6000000238
7331  -31.066  -69.436  -36.987 0.4000000060
9823  -32.982  -66.996  -36.853 0.4000000060
8952  -33.199  -67.419  -38.519 0.4000000060
8951  -32.449  -67.563  -38.229 0.5000000000
8938  -31.843  -68.017  -37.738 0.6000000238
8967  -31.845  -68.190  -38.622 0.5000000000
8968  -32.624  -67.997  -39.017 0.4000000060
8094  -30.731  -69.109  -37.678 0.5000000000
105621  -31.228  -68.712  -38.964 0.5000000000
7340  -29.976  -69.554  -38.038 0.6000000238
7349  -29.135  -69.353  -39.209 0.6000000238
7348  -28.524  -69.692  -39.582 0.6000000238
110979  -28.293  -69.457  -40.552 0.6000000238
126162  -28.326  -69.135  -41.127 0.6000000238
7370  -28.005  -69.475  -41.375 0.6000000238
7371  -28.342  -68.873  -41.720 0.5000000000
7386  -28.222  -69.126  -42.708 0.5000000000
7398  -28.376  -69.554  -43.494 0.4000000060
6685  -28.352  -69.792  -44.226 0.5000000000
9839  -37.533  -65.678  -37.891 0.3000000119
122046  -27.905  -69.791  -46.057 0.4000000060
20724  -26.278  -55.017  -38.951 0.4000000060
105531  -27.085  -55.026  -39.176 0.4000000060
125212  -27.270  -55.556  -39.626 0.5000000000
18766  -17.848  -56.084  -31.278 0.5000000000
18783  -17.207  -55.563  -31.305 0.5000000000
19694  -18.221  -55.823  -31.289 0.5000000000
114158  -17.852  -55.108  -31.365 0.4000000060
20635  -17.372  -53.640  -32.923 0.4000000060
21563  -19.217  -53.217  -29.522 0.4000000060
21610  -17.357  -53.410  -33.479 0.4000000060
22541  -18.643  -52.504  -33.660 0.4000000060
112854  -18.426  -53.073  -32.859 0.4000000060
22558  -17.701  -52.694  -33.986 0.4000000060
22559  -18.396  -52.306  -34.083 0.4000000060
22494  -18.709  -52.303  -30.879 0.4000000060
23468  -18.426  -51.652  -34.289 0.4000000060
23459  -19.493  -51.191  -33.873 0.4000000060
24315  -20.538  -50.434  -31.577 0.4000000060
24356  -18.414  -50.789  -34.290 0.4000000060
25264  -19.132  -50.408  -34.025 0.4000000060
25250  -17.973  -50.206  -33.671 0.4000000060
25251  -18.764  -49.913  -33.676 0.4000000060
110359  -17.991  -47.478  -31.083 0.3000000119
119979  -18.317  -47.790  -31.816 0.4000000060
28090  -18.876  -46.904  -29.643 0.3000000119
27097  -18.723  -47.212  -31.539 0.3000000119
28104  -18.668  -47.167  -30.472 0.3000000119
21572  -18.713  -53.695  -30.198 0.4000000060
21571  -18.380  -53.166  -30.971 0.4000000060
21579  -18.111  -53.565  -31.934 0.4000000060
20596  -18.297  -54.172  -31.060 0.4000000060
22503  -18.584  -52.709  -31.840 0.4000000060
22519  -19.099  -52.176  -32.724 0.4000000060
121352  -19.318  -51.275  -30.192 0.4000000060
23427  -19.348  -51.463  -31.845 0.4000000060
23445  -19.611  -51.415  -32.997 0.4000000060
22542  -19.244  -51.822  -33.615 0.4000000060
6577  -40.213  -70.480  -31.218 0.3000000119
116283  -39.349  -69.691  -31.590 0.3000000119
124238  -38.765  -71.336  -31.079 0.4000000060
6576  -38.922  -70.736  -31.137 0.3000000119
7266  -38.249  -69.960  -31.496 0.4000000060
118359  -37.197  -71.064  -31.703 0.3000000119
6593  -37.440  -70.212  -31.688 0.3000000119
123839  -37.008  -69.810  -32.058 0.4000000060
5972  -36.186  -72.384  -32.761 0.3000000119
6592  -36.633  -70.393  -32.160 0.3000000119
7282  -36.433  -69.413  -32.337 0.3000000119
5960  -36.217  -71.368  -32.376 0.3000000119
6601  -35.598  -70.545  -32.756 0.3000000119
7293  -35.236  -69.406  -33.102 0.3000000119
5971  -35.384  -71.654  -33.376 0.3000000119
121404  -34.899  -70.719  -33.754 0.3000000119
7303  -34.686  -70.034  -34.209 0.3000000119
6608  -35.004  -71.583  -34.591 0.3000000119
120659  -34.816  -70.915  -34.725 0.3000000119
7313  -34.697  -70.562  -34.975 0.3000000119
5363  -34.839  -72.702  -35.320 0.3000000119
6617  -35.018  -71.947  -35.052 0.3000000119
6616  -34.921  -71.462  -35.129 0.3000000119
110308  -34.719  -70.931  -35.389 0.3000000119
7312  -34.421  -70.072  -35.137 0.3000000119
6000  -34.897  -72.160  -35.300 0.4000000060
8016  -38.583  -68.978  -31.958 0.3000000119
5948  -38.631  -72.160  -31.138 0.4000000060
7283  -37.518  -69.245  -31.919 0.4000000060
5961  -37.179  -72.057  -32.127 0.3000000119
7281  -36.145  -68.374  -32.664 0.4000000060
5324  -35.509  -72.508  -33.500 0.3000000119
8054  -34.763  -68.934  -33.819 0.4000000060
5340  -35.186  -72.935  -33.826 0.3000000119
7302  -34.511  -69.581  -34.601 0.4000000060
4717  -34.598  -73.382  -35.098 0.3000000119
4093  -35.096  -73.719  -33.744 0.4000000060
7311  -33.815  -69.538  -35.322 0.4000000060
6615  -34.210  -70.458  -35.601 0.3000000119
3522  -35.540  -74.757  -34.483 0.3000000119
7284  -39.692  -68.731  -32.404 0.3000000119
7285  -40.782  -68.561  -33.018 0.3000000119
8026  -37.952  -68.234  -32.208 0.3000000119
8870  -38.311  -67.570  -32.820 0.3000000119
5292  -38.911  -73.241  -30.370 0.4000000060
8025  -36.997  -68.335  -32.206 0.3000000119
8869  -37.394  -67.590  -32.563 0.3000000119
5313  -36.994  -72.975  -32.319 0.3000000119
115770  -37.828  -72.641  -31.503 0.4000000060
8037  -36.088  -67.575  -33.072 0.3000000119
8036  -35.454  -68.199  -33.326 0.4000000060
8879  -35.481  -67.345  -33.641 0.4000000060
5325  -36.010  -72.936  -32.876 0.3000000119
4063  -36.318  -74.157  -32.304 0.3000000119
118833  -34.498  -68.686  -34.356 0.4000000060
8896  -34.454  -67.182  -34.513 0.4000000060
125984  -35.786  -73.617  -33.336 0.3000000119
3481  -35.818  -74.750  -32.076 0.3000000119
8895  -33.852  -67.330  -34.975 0.4000000060
9810  -33.632  -66.747  -35.557 0.5000000000
4681  -35.957  -74.306  -33.204 0.3000000119
8071  -33.414  -68.555  -35.272 0.4000000060
8070  -32.873  -68.286  -35.733 0.4000000060
8924  -32.699  -67.726  -36.359 0.5000000000
3521  -35.042  -74.395  -34.706 0.3000000119
8038  -39.017  -67.848  -33.475 0.3000000119
8039  -39.864  -68.218  -33.567 0.3000000119
4035  -37.405  -73.464  -30.654 0.4000000060
9797  -35.548  -66.525  -34.001 0.4000000060
10689  -34.938  -65.839  -35.039 0.4000000060
4650  -37.047  -73.689  -31.052 0.4000000060
9795  -34.161  -66.738  -34.961 0.4000000060
9811  -34.355  -66.316  -35.273 0.5000000000
9835  -33.532  -66.572  -37.252 0.4000000060
4048  -36.316  -74.849  -31.348 0.3000000119
8925  -33.481  -66.571  -36.420 0.4000000060
3465  -35.827  -75.058  -31.324 0.3000000119
8940  -33.033  -67.081  -37.731 0.4000000060
3510  -36.046  -75.048  -34.203 0.3000000119
3509  -35.890  -75.077  -34.542 0.3000000119
116093  -34.495  -75.063  -33.773 0.3000000119
8881  -37.789  -67.059  -33.202 0.3000000119
8880  -36.776  -67.109  -33.126 0.3000000119
106221  -36.076  -66.066  -34.252 0.3000000119
4018  -36.932  -73.680  -30.743 0.4000000060
10702  -34.934  -66.075  -35.874 0.5000000000
10717  -34.783  -66.070  -36.881 0.4000000060
4033  -36.264  -75.034  -30.925 0.4000000060
9836  -34.273  -66.395  -37.505 0.4000000060
3464  -34.011  -75.279  -31.898 0.3000000119
4032  -35.644  -75.018  -30.982 0.3000000119
3479  -34.736  -75.018  -31.801 0.3000000119
3000  -34.201  -75.687  -32.417 0.3000000119
3027  -33.374  -75.868  -34.189 0.3000000119
114109  -33.670  -76.352  -33.425 0.3000000119
9798  -36.854  -66.121  -34.250 0.3000000119
10691  -36.373  -65.724  -34.781 0.4000000060
10718  -35.598  -65.767  -36.576 0.4000000060
3463  -33.355  -75.855  -32.190 0.3000000119
4046  -33.109  -75.331  -32.205 0.3000000119
2987  -33.546  -75.715  -32.128 0.3000000119
2986  -32.824  -76.660  -31.984 0.3000000119
115962  -33.364  -76.684  -32.761 0.3000000119
120887  -32.505  -75.480  -32.363 0.3000000119
3478  -32.014  -76.106  -32.406 0.3000000119
3462  -32.546  -76.325  -32.059 0.3000000119
2998  -31.794  -77.140  -31.847 0.3000000119
2483  -32.795  -77.198  -32.242 0.3000000119
10720  -37.352  -65.260  -36.268 0.3000000119
10719  -36.408  -65.448  -36.466 0.4000000060
3492  -31.504  -75.700  -33.633 0.3000000119
3012  -30.621  -76.246  -34.259 0.3000000119
122789  -38.517  -65.317  -35.081 0.3000000119
10705  -37.850  -65.256  -35.455 0.3000000119
10733  -36.963  -65.518  -37.126 0.3000000119
11564  -38.726  -64.782  -35.669 0.3000000119
11577  -38.269  -64.784  -36.102 0.3000000119
11597  -38.569  -64.876  -36.943 0.3000000119
19710  -17.047  -54.499  -31.626 0.5000000000
26155  -18.291  -48.471  -32.433 0.5000000000
25240  -18.193  -49.368  -32.978 0.4000000060
20613  -17.422  -54.122  -31.724 0.4000000060
8106  -29.885  -69.226  -38.895 0.6000000238
8108  -31.240  -68.562  -38.097 0.5000000000
108382  -35.159  -66.377  -37.664 0.4000000060
119828  -35.535  -66.012  -37.218 0.4000000060
18767  -18.343  -56.321  -31.006 0.5000000000
19695  -18.400  -55.245  -31.119 0.4000000060
118287  -18.793  -52.766  -30.160 0.4000000060
6575  -38.052  -70.954  -31.192 0.3000000119
5983  -35.173  -72.202  -34.330 0.3000000119
5350  -34.896  -72.973  -34.289 0.3000000119
5302  -38.549  -73.076  -30.972 0.4000000060
8072  -34.156  -68.961  -34.853 0.4000000060
4651  -38.092  -73.337  -30.736 0.4000000060
4663  -36.729  -73.708  -31.830 0.3000000119
4682  -36.334  -73.672  -32.718 0.3000000119
9796  -34.763  -66.378  -34.583 0.4000000060
3493  -35.462  -74.844  -33.188 0.3000000119
9824  -34.144  -66.317  -36.113 0.4000000060
113126  -35.320  -75.005  -33.684 0.3000000119
10703  -35.769  -65.675  -35.541 0.4000000060
4015  -35.247  -74.494  -30.839 0.3000000119
126559  -33.027  -77.142  -33.177 0.3000000119
10704  -36.837  -65.496  -35.547 0.3000000119
2997  -31.608  -76.739  -32.403 0.3000000119
6670  -27.422  -69.948  -41.862 0.5000000000
6662  -27.731  -70.096  -40.922 0.5000000000
6642  -28.424  -70.441  -39.296 0.5000000000
7339  -29.349  -69.935  -38.040 0.4000000060
107620  -31.785  -63.774  -42.149 0.4000000060
8083  -31.611  -69.064  -36.391 0.5000000000
7320  -32.274  -69.563  -35.898 0.3000000119
5997  -33.240  -71.312  -36.681 0.3000000119
7321  -33.277  -69.987  -35.747 0.4000000060
5999  -34.627  -71.873  -35.747 0.3000000119
6625  -34.522  -71.180  -35.867 0.3000000119
4016  -35.982  -74.598  -30.451 0.3000000119
111135  -35.907  -73.730  -30.201 0.3000000119
4642  -36.366  -73.821  -30.379 0.3000000119
5303  -39.229  -72.779  -30.591 0.3000000119
5290  -35.728  -73.074  -30.423 0.3000000119
5283  -36.932  -73.191  -29.872 0.3000000119
4633  -37.515  -73.269  -29.578 0.3000000119
4634  -38.169  -73.321  -29.376 0.3000000119
5284  -39.551  -72.621  -28.994 0.3000000119
5276  -38.698  -72.834  -28.905 0.3000000119
5291  -36.454  -72.951  -30.091 0.3000000119
5928  -37.504  -72.268  -29.000 0.3000000119
122349  -37.743  -73.038  -28.953 0.3000000119
5275  -38.502  -72.290  -28.545 0.3000000119
5293  -39.482  -72.866  -29.847 0.3000000119
5938  -39.935  -72.265  -30.087 0.3000000119
5927  -36.996  -72.040  -29.743 0.3000000119
5294  -40.219  -72.474  -29.041 0.3000000119
5278  -40.430  -72.284  -28.305 0.3000000119
109576  -27.757  -70.154  -45.116 0.3000000119
7330  -30.388  -69.735  -37.349 0.5000000000
7338  -28.828  -69.935  -38.680 0.4000000060
7347  -28.111  -70.277  -40.082 0.5000000000
108189  -32.688  -70.498  -36.208 0.3000000119
24290  -19.895  -50.799  -29.877 0.3000000119
24304  -19.660  -50.872  -30.948 0.3000000119
114704  -19.557  -49.685  -33.659 0.3000000119
112149  -27.489  -70.371  -42.725 0.4000000060
106941  -27.083  -71.693  -41.682 0.4000000060
4773  -30.608  -73.188  -42.378 0.4000000060
4749  -28.435  -72.900  -40.456 0.4000000060
5402  -28.276  -72.371  -40.128 0.4000000060
5391  -28.511  -71.785  -39.568 0.4000000060
6018  -28.784  -70.732  -38.696 0.4000000060
5401  -27.544  -72.557  -40.383 0.4000000060
6653  -27.808  -70.846  -40.477 0.4000000060
6029  -28.134  -71.191  -39.824 0.4000000060
3574  -31.026  -74.807  -42.233 0.3000000119
123745  -30.919  -72.929  -42.519 0.4000000060
5404  -30.465  -72.693  -40.618 0.4000000060
6042  -27.461  -71.065  -41.170 0.4000000060
4760  -29.168  -73.192  -41.285 0.4000000060
4748  -27.437  -73.046  -40.336 0.4000000060
4780  -30.948  -73.661  -42.371 0.3000000119
5416  -29.872  -72.727  -41.329 0.4000000060
4750  -29.162  -72.817  -40.811 0.4000000060
5390  -28.030  -71.978  -40.030 0.4000000060
122360  -29.078  -72.181  -39.476 0.4000000060
5380  -28.927  -71.552  -38.922 0.4000000060
4152  -32.014  -74.236  -42.687 0.3000000119
4775  -31.922  -73.681  -42.675 0.3000000119
5417  -30.999  -72.802  -41.786 0.3000000119
5418  -32.208  -72.836  -41.625 0.3000000119
5382  -30.556  -72.236  -38.918 0.3000000119
6009  -30.858  -71.358  -37.637 0.3000000119
5392  -29.972  -72.473  -39.570 0.3000000119
6635  -31.233  -70.755  -37.030 0.3000000119
109195  -31.639  -70.073  -36.509 0.3000000119
6634  -30.298  -70.484  -37.314 0.3000000119
6020  -30.186  -71.664  -38.206 0.3000000119
6633  -29.585  -70.425  -37.763 0.3000000119
6019  -29.360  -71.140  -38.212 0.3000000119
3461  -27.000  -75.150  -30.270 0.3000000119
4012  -27.243  -74.463  -29.977 0.3000000119
109074  -32.538  -73.498  -32.510 0.3000000119
5287  -27.450  -72.557  -30.297 0.3000000119
115200  -27.180  -71.978  -30.939 0.3000000119
116700  -27.651  -71.153  -32.738 0.3000000119
5970  -28.322  -71.311  -33.051 0.3000000119
5956  -29.385  -71.501  -32.977 0.3000000119
5957  -30.341  -71.398  -32.721 0.3000000119
5309  -31.106  -72.195  -32.961 0.3000000119
107972  -32.079  -71.944  -32.509 0.3000000119
5935  -27.945  -71.381  -30.542 0.3000000119
6557  -27.766  -70.864  -31.155 0.3000000119
6587  -28.505  -70.184  -31.879 0.3000000119
6588  -28.935  -70.190  -32.231 0.3000000119
118470  -29.684  -70.557  -32.472 0.3000000119
5393  -31.066  -72.626  -39.750 0.3000000119
4030  -26.732  -74.318  -30.748 0.3000000119
5969  -27.096  -71.589  -33.131 0.3000000119
5298  -26.865  -72.751  -30.940 0.3000000119
4640  -27.187  -73.527  -30.182 0.3000000119
5968  -26.867  -71.918  -32.649 0.3000000119
5945  -27.323  -71.333  -31.554 0.3000000119
6559  -28.790  -69.977  -30.692 0.3000000119
2470  -32.385  -77.149  -31.795 0.3000000119
2482  -32.019  -77.504  -32.257 0.3000000119
2510  -33.298  -77.024  -34.064 0.3000000119
2984  -31.879  -76.758  -31.840 0.3000000119
2985  -32.202  -76.916  -31.740 0.3000000119
2999  -33.261  -76.434  -32.272 0.3000000119
3001  -34.788  -75.500  -33.014 0.3000000119
3014  -33.974  -76.076  -32.846 0.3000000119
3028  -34.539  -75.667  -33.267 0.3000000119
3466  -36.195  -75.054  -31.264 0.3000000119
3480  -35.109  -75.071  -32.259 0.3000000119
3508  -33.649  -74.798  -34.326 0.3000000119
3559  -31.904  -74.731  -42.150 0.3000000119
4002  -36.902  -73.405  -30.315 0.3000000119
4003  -37.604  -73.444  -30.054 0.3000000119
4017  -36.498  -74.331  -30.689 0.3000000119
4031  -34.759  -74.804  -31.558 0.3000000119
4034  -36.704  -74.390  -30.976 0.4000000060
4049  -36.524  -74.404  -31.480 0.3000000119
4062  -36.078  -74.499  -32.279 0.3000000119
4080  -35.970  -74.878  -34.647 0.3000000119
4092  -34.656  -74.218  -34.365 0.3000000119
4151  -31.610  -74.584  -42.399 0.3000000119
4163  -30.791  -74.355  -42.157 0.3000000119
4164  -31.517  -74.058  -42.676 0.3000000119
4635  -38.891  -73.157  -29.610 0.3000000119
4643  -38.352  -73.448  -30.099 0.4000000060
4664  -37.564  -73.242  -31.340 0.4000000060
4697  -35.374  -73.833  -33.723 0.3000000119
4708  -34.818  -72.818  -34.613 0.3000000119
4761  -30.256  -72.926  -42.126 0.4000000060
4762  -31.579  -73.086  -42.415 0.3000000119
4774  -31.271  -73.291  -42.698 0.3000000119
5297  -26.858  -72.083  -31.811 0.3000000119
5301  -37.780  -71.707  -31.444 0.3000000119
5311  -32.676  -72.810  -32.472 0.3000000119
5381  -29.635  -71.973  -38.808 0.4000000060
5403  -29.272  -72.603  -40.281 0.4000000060
5934  -27.511  -71.448  -30.923 0.3000000119
5954  -27.215  -71.389  -32.363 0.3000000119
5955  -28.267  -70.669  -32.390 0.3000000119
5992  -35.038  -71.951  -35.121 0.3000000119
6001  -34.906  -72.309  -35.237 0.4000000060
6008  -29.971  -71.060  -37.675 0.3000000119
6030  -28.521  -71.150  -39.227 0.4000000060
6035  -27.731  -71.737  -40.415 0.4000000060
6551  -37.098  -71.289  -29.625 0.3000000119
6569  -27.744  -70.686  -31.989 0.3000000119
6570  -28.277  -70.281  -31.298 0.3000000119
6623  -30.885  -70.104  -36.975 0.3000000119
6624  -33.784  -70.842  -36.138 0.3000000119
6626  -34.866  -71.665  -35.341 0.3000000119
6676  -28.109  -70.102  -43.529 0.4000000060
6684  -27.993  -70.225  -44.117 0.5000000000
6689  -27.926  -70.289  -46.163 0.4000000060
7310  -32.950  -69.086  -35.587 0.5000000000
7329  -29.798  -69.959  -37.568 0.4000000060
7345  -24.095  -69.376  -39.353 0.6999999881
7346  -24.763  -69.237  -39.351 0.6999999881
7360  -24.868  -69.017  -40.344 0.6999999881
7367  -23.288  -68.994  -41.969 0.6999999881
7383  -23.173  -69.285  -42.883 0.6999999881
7385  -27.963  -69.698  -42.853 0.5000000000
7388  -34.151  -69.709  -43.715 0.5000000000
7394  -21.818  -69.106  -43.858 0.6999999881
7395  -22.245  -69.510  -43.789 0.6999999881
7396  -23.008  -69.507  -43.678 0.6999999881
7397  -23.863  -69.088  -43.468 0.6999999881
7401  -22.274  -69.061  -45.057 0.4000000060
7406  -22.525  -69.577  -45.894 0.6000000238
7408  -23.432  -69.689  -45.342 0.6000000238
7416  -23.896  -69.974  -46.306 0.6000000238
7433  -27.162  -69.147  -49.088 0.5000000000
7440  -26.831  -69.221  -49.251 0.5000000000
8027  -38.908  -68.173  -32.644 0.3000000119
8035  -34.835  -67.883  -34.004 0.4000000060
8052  -33.715  -68.034  -34.960 0.4000000060
8053  -34.232  -67.983  -34.562 0.4000000060
8096  -32.064  -68.275  -36.858 0.6000000238
8103  -24.055  -69.091  -38.194 0.6999999881
8104  -24.892  -68.965  -38.279 0.6999999881
8105  -25.871  -68.237  -38.446 0.6999999881
8117  -26.220  -68.212  -39.452 0.6000000238
8131  -22.740  -68.738  -41.130 0.6999999881
8133  -28.633  -68.701  -40.868 0.6000000238
8145  -22.790  -68.751  -41.925 0.6999999881
8147  -24.978  -68.568  -41.174 0.6999999881
8192  -21.748  -68.468  -44.094 0.6999999881
8219  -27.506  -69.122  -48.189 0.4000000060
8227  -26.880  -68.501  -48.413 0.5000000000
8897  -34.974  -67.021  -34.089 0.4000000060
8913  -33.224  -67.590  -35.523 0.4000000060
8937  -26.649  -67.369  -37.014 0.5000000000
8947  -24.013  -68.238  -37.974 0.6999999881
8986  -26.157  -67.894  -40.414 0.6000000238
8999  -26.285  -67.156  -41.168 0.6999999881
9057  -33.442  -67.074  -45.715 0.5000000000
9065  -26.250  -66.790  -47.018 0.5000000000
9071  -26.038  -67.975  -48.082 0.5000000000
9074  -27.727  -67.812  -47.279 0.5000000000
9745  -12.859  -65.990  -30.689 0.6000000238
9747  -14.699  -66.601  -30.593 0.6000000238
9748  -15.546  -66.530  -30.465 0.6000000238
9767  -16.168  -66.326  -30.465 0.6000000238
9783  -36.393  -66.530  -33.758 0.3000000119
9820  -25.884  -67.245  -36.341 0.6000000238
9821  -26.503  -66.867  -36.420 0.5000000000
9843  -23.722  -67.496  -38.621 0.6999999881
9846  -33.787  -66.914  -37.991 0.4000000060
9871  -26.750  -66.455  -41.182 0.6000000238
9872  -27.041  -65.800  -41.407 0.6000000238
9892  -26.106  -65.838  -43.887 0.6999999881
9912  -31.667  -66.099  -45.657 0.5000000000
9931  -33.381  -66.378  -45.636 0.6000000238
10630  -13.086  -64.710  -29.801 0.6999999881
10633  -15.609  -65.610  -29.555 0.6999999881
10634  -16.384  -65.569  -29.570 0.6999999881
10635  -17.038  -65.245  -29.802 0.6999999881
10650  -14.209  -65.872  -30.130 0.6000000238
10652  -17.075  -65.284  -30.075 0.6999999881
10665  -12.112  -65.913  -31.010 0.6000000238
10666  -15.938  -66.363  -31.135 0.6000000238
10690  -35.478  -65.878  -34.666 0.3000000119
10706  -39.223  -65.222  -35.135 0.3000000119
10715  -26.630  -65.908  -36.165 0.6000000238
10728  -24.880  -66.125  -36.989 0.6000000238
10730  -28.231  -65.403  -37.061 0.5000000000
10732  -36.167  -65.703  -37.194 0.4000000060
10745  -38.249  -65.377  -38.445 0.4000000060
10820  -26.822  -65.136  -45.963 0.6000000238
10821  -27.659  -64.780  -46.036 0.5000000000
10826  -32.424  -65.461  -46.035 0.6000000238
10827  -33.056  -65.556  -45.712 0.6000000238
11484  -17.426  -64.378  -29.145 0.8000000119
11494  -15.054  -64.747  -29.433 0.6999999881
11498  -18.535  -64.523  -29.847 0.8000000119
11499  -19.019  -64.111  -30.046 0.6999999881
11512  -12.171  -64.157  -30.219 0.6000000238
11513  -12.697  -64.170  -29.675 0.6999999881
11514  -17.742  -64.877  -30.276 0.6000000238
11528  -11.725  -64.191  -31.004 0.5000000000
11574  -27.243  -65.179  -36.112 0.5000000000
11593  -26.162  -65.085  -36.653 0.5000000000
11652  -21.480  -64.867  -40.154 0.6999999881
11671  -32.433  -64.043  -41.609 0.4000000060
11712  -32.297  -64.521  -45.241 0.6000000238
11726  -29.663  -63.727  -45.327 0.5000000000
11727  -30.318  -63.864  -45.363 0.5000000000
11729  -31.987  -64.767  -45.969 0.5000000000
12399  -16.722  -64.168  -29.026 0.6000000238
12410  -13.904  -63.767  -29.369 0.8000000119
12414  -17.985  -63.909  -29.066 0.6999999881
12417  -20.080  -63.121  -30.477 0.6999999881
12432  -19.550  -63.612  -30.518 0.8000000119
12442  -14.592  -63.569  -31.868 0.5000000000
12443  -15.448  -63.837  -31.741 0.6000000238
12444  -16.383  -64.141  -31.489 0.5000000000
12445  -17.271  -64.381  -30.970 0.5000000000
12447  -19.451  -63.451  -31.228 0.8000000119
12453  -13.612  -63.565  -32.718 0.6000000238
12454  -13.949  -63.501  -32.119 0.6000000238
12494  -20.119  -63.026  -37.959 0.6000000238
12536  -24.688  -63.701  -39.738 0.6000000238
12589  -22.315  -63.672  -43.032 0.5000000000
12592  -30.611  -63.147  -43.477 0.5000000000
12603  -22.104  -62.879  -43.507 0.5000000000
12608  -30.490  -62.990  -44.488 0.5000000000
12622  -30.379  -63.104  -45.050 0.5000000000
12639  -30.587  -63.536  -45.206 0.5000000000
13377  -17.554  -63.154  -28.937 0.6999999881
13401  -17.138  -62.816  -31.840 0.8000000119
13404  -20.010  -62.952  -31.672 0.6000000238
13415  -13.761  -62.726  -32.322 0.5000000000
13417  -16.488  -62.095  -31.842 0.6000000238
13419  -18.264  -62.361  -32.592 0.8000000119
13444  -28.373  -62.807  -36.124 0.5000000000
13465  -19.839  -62.670  -37.906 0.6000000238
13468  -22.133  -63.031  -38.531 0.6999999881
13485  -22.473  -62.639  -39.017 0.6999999881
13486  -23.189  -63.056  -39.372 0.6000000238
13507  -26.090  -62.788  -40.799 0.6000000238
13516  -23.905  -62.195  -41.573 0.5000000000
14296  -15.825  -61.450  -29.199 0.6000000238
14297  -17.166  -61.199  -29.039 0.6000000238
14301  -20.324  -62.151  -29.899 0.6000000238
14309  -12.189  -61.375  -30.002 0.6999999881
14324  -13.983  -62.106  -31.993 0.6999999881
14325  -14.673  -61.798  -31.880 0.6999999881
14327  -16.842  -61.637  -32.269 0.8000000119
14337  -16.462  -61.023  -32.699 0.6000000238
14377  -18.847  -61.816  -38.121 0.6000000238
14390  -20.453  -61.544  -38.819 0.5000000000
14391  -21.364  -61.655  -39.093 0.6000000238
14430  -24.103  -60.910  -42.313 0.5000000000
15180  -14.033  -60.599  -29.495 0.6000000238
15181  -14.835  -60.265  -29.253 0.6000000238
15184  -19.241  -61.308  -29.538 0.6000000238
15215  -10.086  -59.987  -32.551 0.6000000238
15229  -16.019  -60.421  -33.245 0.6999999881
15232  -19.991  -61.186  -33.610 0.6000000238
15241  -13.767  -60.046  -33.678 0.6000000238
15246  -20.958  -60.186  -33.995 0.6999999881
15268  -14.299  -60.507  -38.658 0.6000000238
15279  -16.579  -60.088  -39.465 0.5000000000
15281  -18.096  -60.612  -39.102 0.6000000238
15327  -22.956  -59.896  -42.178 0.5000000000
15328  -23.754  -60.112  -42.328 0.6000000238
15330  -25.690  -60.352  -43.142 0.6000000238
15331  -26.459  -60.408  -43.115 0.6000000238
16068  -16.660  -59.412  -29.150 0.6000000238
16069  -18.069  -59.878  -29.595 0.6000000238
16076  -19.044  -59.483  -29.911 0.5000000000
16105  -15.158  -59.883  -33.455 0.6000000238
16114  -15.263  -59.419  -34.211 0.6000000238
16117  -18.269  -59.529  -34.751 0.6999999881
16118  -19.078  -59.411  -34.701 0.8000000119
16125  -12.692  -59.526  -35.423 0.6999999881
16135  -12.623  -59.308  -37.220 0.6000000238
16136  -12.864  -58.974  -37.882 0.6999999881
16149  -14.739  -59.049  -38.804 0.6000000238
16152  -16.943  -59.370  -39.742 0.6000000238
16162  -17.645  -58.792  -40.044 0.6000000238
16178  -22.899  -59.444  -41.604 0.5000000000
16179  -27.429  -59.685  -42.208 0.6000000238
16180  -28.195  -59.484  -41.982 0.5000000000
16194  -24.157  -59.486  -42.328 0.6000000238
16973  -12.761  -58.487  -30.409 0.6000000238
16975  -17.929  -58.016  -29.557 0.5000000000
17006  -10.726  -57.955  -31.543 0.6999999881
17021  -15.444  -58.962  -34.873 0.6000000238
17025  -19.446  -58.896  -35.186 0.6999999881
17038  -12.833  -58.679  -35.857 0.6999999881
17040  -14.336  -58.150  -35.558 0.6000000238
17043  -18.048  -58.212  -35.612 0.6999999881
17055  -12.740  -58.583  -36.681 0.6999999881
17056  -13.089  -57.966  -36.426 0.6999999881
17067  -13.177  -58.193  -37.594 0.6999999881
17077  -13.473  -58.617  -38.154 0.6999999881
17078  -14.313  -58.404  -38.417 0.6000000238
17089  -17.608  -58.162  -39.878 0.6000000238
17099  -20.637  -58.941  -41.293 0.5000000000
17122  -24.450  -58.891  -42.190 0.6000000238
17843  -14.675  -57.952  -29.389 0.6000000238
17863  -15.304  -57.275  -29.944 0.6000000238
17874  -16.123  -56.615  -30.562 0.6000000238
17930  -19.252  -57.718  -36.319 0.6000000238
17947  -15.116  -56.895  -36.906 0.6000000238
17951  -19.455  -57.053  -37.003 0.5000000000
17966  -14.385  -57.403  -37.413 0.6000000238
17967  -15.165  -56.902  -37.441 0.6000000238
17987  -16.317  -57.602  -39.049 0.5000000000
17990  -19.685  -57.458  -39.653 0.6000000238
17991  -22.729  -57.757  -39.426 0.6000000238
17999  -18.831  -58.065  -40.069 0.6000000238
18000  -19.512  -58.063  -40.193 0.6999999881
18003  -22.547  -58.111  -39.897 0.6000000238
18009  -20.968  -58.445  -40.743 0.6000000238
18012  -23.635  -58.605  -40.840 0.6000000238
18013  -24.492  -58.346  -41.291 0.6000000238
18037  -26.953  -58.834  -41.598 0.6000000238
18751  -13.772  -56.599  -30.903 0.6000000238
18765  -17.431  -56.317  -31.106 0.5000000000
18782  -16.694  -55.311  -31.397 0.6000000238
18784  -17.630  -55.322  -31.326 0.5000000000
18830  -17.245  -56.697  -37.244 0.6000000238
18832  -19.638  -56.111  -37.326 0.6999999881
18849  -17.434  -56.514  -37.708 0.6000000238
18863  -16.009  -56.434  -37.896 0.6000000238
18864  -17.402  -56.332  -38.034 0.5000000000
18865  -18.316  -56.259  -38.221 0.6000000238
18879  -22.298  -57.040  -38.914 0.6000000238
18881  -24.734  -57.300  -39.208 0.6000000238
18893  -21.556  -57.497  -39.463 0.5000000000
18895  -26.114  -57.161  -40.189 0.6000000238
18913  -26.767  -57.445  -40.861 0.5000000000
19691  -13.593  -56.054  -31.684 0.6999999881
19707  -15.079  -55.054  -32.389 0.5000000000
19708  -16.000  -54.846  -31.956 0.5000000000
19722  -11.435  -55.140  -34.198 0.6999999881
19762  -18.043  -57.120  -37.072 0.6000000238
19790  -19.200  -55.044  -38.091 0.5000000000
19792  -21.684  -55.029  -38.663 0.5000000000
19793  -22.524  -55.281  -38.655 0.5000000000
19796  -25.400  -55.167  -38.692 0.5000000000
19803  -20.282  -56.149  -38.926 0.5000000000
19823  -27.010  -56.023  -40.072 0.6000000238
20601  -17.783  -54.355  -31.591 0.4000000060
20628  -11.333  -54.241  -34.230 0.6999999881
20629  -12.124  -54.010  -34.425 0.8000000119
20634  -16.919  -53.782  -32.926 0.5000000000
20653  -13.664  -54.174  -34.200 0.5000000000
20656  -16.613  -53.703  -33.319 0.5000000000
20676  -19.813  -54.985  -37.242 0.5000000000
20704  -21.421  -54.309  -38.040 0.5000000000
20725  -27.606  -54.602  -38.917 0.4000000060
21592  -17.805  -53.639  -32.611 0.4000000060
21608  -12.335  -53.271  -34.167 0.6000000238
21611  -18.003  -53.315  -33.436 0.4000000060
21631  -14.528  -53.722  -34.091 0.5000000000
21632  -15.225  -53.773  -33.618 0.5000000000
21633  -18.053  -52.967  -33.929 0.4000000060
22469  -12.095  -52.932  -27.805 0.5000000000
22476  -13.033  -52.936  -28.267 0.5000000000
22477  -13.516  -52.702  -28.857 0.5000000000
22495  -19.018  -51.959  -30.139 0.4000000060
22537  -13.454  -52.415  -34.063 0.5000000000
22555  -14.006  -53.053  -34.371 0.5000000000
23418  -19.057  -51.579  -30.871 0.4000000060
23426  -18.945  -52.017  -31.584 0.4000000060
23442  -13.786  -51.889  -33.607 0.4000000060
23444  -14.910  -51.246  -32.618 0.4000000060
23456  -16.706  -51.747  -33.219 0.5000000000
23458  -18.932  -51.718  -34.130 0.4000000060
24314  -20.016  -50.938  -32.229 0.4000000060
24330  -17.412  -50.451  -33.258 0.4000000060
24342  -16.366  -51.105  -32.758 0.4000000060
24343  -17.653  -50.884  -34.092 0.5000000000
24355  -17.797  -51.559  -34.258 0.5000000000
24357  -19.085  -51.056  -34.255 0.4000000060
25222  -16.068  -49.181  -31.842 0.5000000000
26124  -15.024  -48.240  -29.877 0.6000000238
26142  -17.671  -48.162  -31.592 0.5000000000
27089  -15.674  -46.881  -30.052 0.4000000060
28942  -12.025  -45.150  -26.820 0.4000000060
28979  -13.044  -45.585  -27.711 0.3000000119
28980  -13.783  -45.461  -28.187 0.3000000119
105259  -28.155  -57.687  -41.567 0.5000000000
105609  -27.708  -61.149  -41.058 0.5000000000
106105  -33.979  -66.293  -36.842 0.4000000060
106529  -19.135  -62.581  -37.891 0.6000000238
106793  -16.133  -62.262  -29.116 0.6000000238
106828  -15.974  -50.423  -32.425 0.4000000060
107235  -19.889  -59.322  -41.092 0.6000000238
107521  -17.077  -51.004  -33.401 0.5000000000
108034  -33.896  -75.100  -31.854 0.3000000119
108356  -15.131  -58.454  -35.270 0.6000000238
108838  -15.982  -56.962  -38.453 0.6000000238
109290  -18.061  -62.329  -38.626 0.5000000000
109330  -32.355  -74.025  -42.287 0.3000000119
109408  -15.104  -58.660  -29.058 0.6000000238
110000  -10.413  -54.118  -30.073 0.5000000000
110540  -37.111  -72.766  -29.509 0.3000000119
111065  -28.244  -68.448  -46.023 0.5000000000
111173  -27.618  -71.896  -30.534 0.3000000119
111504  -35.793  -74.481  -33.407 0.3000000119
112571  -16.428  -65.753  -30.971 0.6000000238
112789  -18.252  -61.569  -33.243 0.8000000119
113118  -27.936  -69.365  -42.126 0.5000000000
113694  -13.785  -63.063  -29.355 0.8000000119
114743  -21.451  -57.541  -36.501 0.5000000000
114744  -16.249  -53.821  -33.507 0.5000000000
114932  -34.229  -69.439  -42.212 0.5000000000
115078  -16.417  -60.858  -29.082 0.6000000238
115314  -14.582  -64.027  -29.383 0.8000000119
115368  -17.917  -62.501  -29.051 0.6999999881
116102  -35.626  -68.526  -41.484 0.5000000000
116285  -35.003  -72.328  -34.638 0.3000000119
117180  -22.725  -67.145  -41.764 0.6999999881
117288  -37.829  -65.286  -36.986 0.3000000119
118034  -25.405  -59.769  -42.883 0.6000000238
118115  -12.921  -57.987  -37.016 0.6999999881
118190  -33.287  -69.094  -40.603 0.5000000000
118273  -31.634  -67.628  -43.938 0.6999999881
118348  -12.438  -57.102  -31.721 0.8000000119
118418  -36.018  -66.966  -33.456 0.4000000060
118556  -25.305  -59.156  -42.316 0.6000000238
118677  -20.627  -62.531  -30.357 0.6000000238
118997  -29.379  -69.618  -38.539 0.6000000238
119047  -25.328  -62.782  -40.891 0.5000000000
119576  -36.671  -67.720  -32.601 0.4000000060
119640  -17.502  -64.831  -29.550 0.6000000238
120641  -21.152  -59.241  -41.652 0.5000000000
121791  -21.926  -68.951  -44.410 0.6999999881
121831  -30.190  -72.062  -33.166 0.3000000119
121921  -14.792  -57.508  -36.454 0.5000000000
122314  -27.619  -71.581  -33.349 0.3000000119
122499  -33.115  -67.053  -36.092 0.5000000000
122551  -22.705  -64.775  -42.373 0.6000000238
122623  -19.178  -56.195  -37.365 0.6999999881
122718  -16.986  -53.751  -32.386 0.6000000238
123036  -13.350  -61.006  -29.614 0.6000000238
123040  -14.482  -60.688  -32.893 0.6999999881
123586  -34.923  -72.315  -35.021 0.3000000119
123846  -13.404  -47.002  -28.681 0.3000000119
124015  -27.892  -60.562  -41.452 0.5000000000
124126  -13.077  -55.767  -32.290 0.6999999881
124579  -24.212  -56.053  -38.444 0.5000000000
124619  -27.265  -64.647  -36.095 0.5000000000
124658  -11.443  -56.605  -32.282 0.6999999881
124799  -28.666  -64.060  -45.313 0.5000000000
124819  -26.371  -62.235  -41.344 0.6000000238
124956  -22.408  -59.666  -42.131 0.5000000000
124994  -14.255  -55.252  -32.646 0.6000000238
125238  -28.877  -70.789  -32.631 0.3000000119
125416  -16.695  -64.924  -31.082 0.6000000238
125662  -13.260  -62.947  -29.427 0.8000000119
125891  -22.891  -66.885  -41.289 0.6999999881
126031  -28.838  -63.660  -41.005 0.5000000000
126309  -29.094  -70.356  -38.197 0.3000000119
126328  -16.431  -58.843  -39.654 0.6000000238
126640  -39.464  -71.664  -30.815 0.4000000060
126720  -26.287  -67.002  -42.366 0.6999999881
126856  -37.781  -66.051  -38.594 0.5000000000
126860  -20.289  -64.193  -40.270 0.5000000000
126923  -21.818  -67.800  -43.620 0.6999999881
127017  -31.423  -68.536  -41.805 0.6000000238
127181  -33.890  -75.380  -33.746 0.3000000119
127254  -18.005  -56.665  -37.607 0.6000000238
127290  -14.078  -60.573  -33.124 0.6000000238
127345  -32.873  -77.008  -31.860 0.3000000119
