#!ascii label  , from subject 001 vox2ras=TkReg
1828
124541  -45.579  -65.524  -34.535 0.1000000015
112955  -44.644  -65.656  -34.504 0.1000000015
10708  -43.294  -66.603  -35.982 0.1000000015
11559  -43.904  -65.022  -34.495 0.1000000015
12470  -42.996  -63.102  -34.422 0.1000000015
10722  -44.368  -66.481  -36.235 0.1000000015
11565  -43.006  -64.316  -36.251 0.1000000015
9825  -43.236  -65.992  -37.194 0.1000000015
10735  -43.827  -65.954  -37.726 0.1000000015
109026  -42.747  -65.249  -37.147 0.1000000015
11602  -42.921  -64.752  -38.091 0.1000000015
11603  -43.836  -65.442  -38.551 0.1000000015
107109  -42.296  -64.203  -38.611 0.1000000015
115920  -43.854  -64.969  -38.966 0.1000000015
12550  -43.684  -64.032  -39.863 0.1000000015
11624  -43.168  -64.700  -39.122 0.1000000015
11643  -43.412  -64.575  -39.736 0.1000000015
121735  -42.979  -64.675  -39.935 0.1000000015
10698  -47.319  -65.000  -34.549 0.1000000015
10710  -45.712  -65.475  -35.023 0.1000000015
10709  -45.026  -66.139  -35.266 0.1000000015
10723  -46.398  -65.501  -36.038 0.1000000015
9817  -46.044  -66.221  -35.864 0.1000000015
9827  -45.691  -66.356  -36.717 0.1000000015
9826  -44.085  -66.837  -36.996 0.1000000015
113361  -45.008  -66.522  -37.940 0.1000000015
10746  -44.585  -66.075  -38.456 0.1000000015
11625  -44.458  -65.461  -38.857 0.1000000015
17091  -47.492  -58.541  -39.827 0.1000000015
120616  -45.103  -59.267  -39.790 0.1000000015
105160  -44.739  -59.479  -38.983 0.1000000015
16159  -43.944  -59.710  -38.985 0.1000000015
14396  -43.353  -61.813  -39.331 0.1000000015
13474  -43.649  -63.044  -39.231 0.1000000015
121919  -44.154  -63.922  -39.138 0.1000000015
11551  -49.214  -63.450  -34.144 0.1000000015
12462  -48.203  -63.609  -34.211 0.2000000030
123225  -48.549  -63.723  -34.200 0.1000000015
13439  -46.893  -63.516  -34.640 0.1000000015
117195  -47.238  -63.957  -34.712 0.1000000015
116438  -48.028  -63.881  -34.332 0.1000000015
105869  -46.595  -63.586  -35.378 0.1000000015
11568  -46.638  -64.353  -35.497 0.1000000015
21627  -50.417  -53.986  -33.157 0.1000000015
19743  -50.642  -54.944  -33.907 0.1000000015
12487  -46.520  -63.452  -36.267 0.1000000015
11584  -46.510  -64.318  -36.218 0.1000000015
10738  -46.334  -65.299  -36.850 0.1000000015
19751  -50.592  -54.789  -34.744 0.1000000015
19760  -49.974  -55.292  -35.225 0.1000000015
19750  -50.120  -55.721  -34.182 0.1000000015
108088  -48.414  -56.096  -35.982 0.1000000015
18846  -47.770  -56.651  -36.086 0.1000000015
17973  -47.335  -56.986  -37.245 0.1000000015
11604  -46.385  -64.279  -37.254 0.1000000015
10747  -45.136  -65.708  -38.620 0.1000000015
19773  -49.356  -55.686  -35.871 0.1000000015
18847  -49.219  -55.997  -36.940 0.1000000015
108517  -48.105  -56.337  -36.920 0.1000000015
17984  -46.621  -57.551  -37.710 0.1000000015
116129  -46.045  -58.069  -37.510 0.1000000015
16140  -46.485  -59.049  -37.142 0.1000000015
16139  -45.403  -59.781  -37.636 0.1000000015
11627  -45.745  -64.724  -38.300 0.1000000015
11626  -45.036  -64.903  -38.800 0.1000000015
18859  -48.388  -56.846  -37.885 0.1000000015
17084  -46.053  -57.963  -38.054 0.1000000015
16148  -45.109  -59.346  -38.107 0.1000000015
14369  -44.509  -61.397  -37.684 0.1000000015
112145  -43.737  -62.357  -38.616 0.1000000015
16160  -45.451  -59.098  -38.960 0.1000000015
16147  -44.261  -59.764  -37.958 0.1000000015
14385  -43.685  -61.508  -38.312 0.1000000015
13475  -44.212  -63.211  -38.559 0.1000000015
11644  -44.140  -64.679  -39.048 0.1000000015
13431  -47.419  -63.079  -33.882 0.1000000015
13423  -48.048  -62.380  -33.349 0.2000000030
13433  -49.702  -62.729  -34.088 0.1000000015
13408  -49.412  -61.809  -32.952 0.2000000030
13430  -46.150  -62.500  -34.283 0.1000000015
13438  -46.365  -62.709  -35.313 0.1000000015
22532  -50.274  -52.541  -32.605 0.1000000015
21606  -50.987  -53.250  -32.979 0.1000000015
111172  -46.469  -63.046  -36.234 0.1000000015
106300  -46.615  -62.717  -36.567 0.1000000015
18819  -49.527  -56.109  -34.658 0.1000000015
18828  -48.996  -56.412  -35.115 0.1000000015
12504  -46.544  -63.168  -36.979 0.1000000015
18827  -48.213  -56.872  -35.067 0.1000000015
17076  -46.461  -58.295  -36.924 0.1000000015
115826  -46.851  -59.990  -37.497 0.1000000015
15264  -46.487  -60.717  -37.425 0.1000000015
14370  -45.477  -62.220  -37.563 0.1000000015
12503  -46.176  -63.768  -37.840 0.1000000015
14386  -44.339  -62.332  -38.040 0.1000000015
12525  -44.813  -64.154  -38.749 0.1000000015
120342  -45.287  -61.076  -31.843 0.1000000015
15210  -45.617  -60.750  -31.388 0.1000000015
115070  -45.572  -61.578  -32.574 0.1000000015
14331  -46.954  -62.080  -32.390 0.1000000015
118069  -47.374  -61.599  -31.965 0.2000000030
14318  -48.738  -61.289  -32.235 0.2000000030
15212  -48.769  -60.764  -31.658 0.2000000030
115717  -45.498  -61.882  -33.523 0.1000000015
124038  -45.709  -62.019  -35.079 0.1000000015
14351  -46.221  -62.025  -35.809 0.1000000015
21626  -49.374  -54.131  -33.038 0.1000000015
20648  -49.137  -55.056  -33.253 0.1000000015
20647  -48.093  -55.123  -33.144 0.1000000015
14352  -47.193  -61.903  -36.747 0.1000000015
23440  -50.938  -51.192  -32.077 0.1000000015
23439  -49.868  -51.390  -31.826 0.1000000015
20649  -50.113  -54.843  -33.362 0.1000000015
19742  -49.854  -55.665  -33.621 0.1000000015
18818  -48.819  -56.513  -34.459 0.1000000015
18817  -48.096  -56.956  -34.287 0.1000000015
17944  -47.688  -57.754  -35.461 0.1000000015
16130  -47.387  -59.307  -35.863 0.1000000015
15255  -47.357  -60.885  -36.844 0.1000000015
13456  -46.752  -62.447  -36.821 0.1000000015
24325  -51.123  -50.406  -31.874 0.1000000015
17965  -47.429  -57.585  -36.336 0.1000000015
16134  -47.322  -59.294  -36.397 0.1000000015
15266  -47.391  -60.153  -37.131 0.1000000015
15265  -47.221  -60.849  -37.165 0.1000000015
13455  -46.342  -62.866  -37.335 0.1000000015
25235  -51.377  -49.758  -31.815 0.1000000015
25236  -52.251  -49.497  -32.050 0.1000000015
125087  -53.038  -49.947  -32.257 0.1000000015
26154  -52.087  -48.691  -32.107 0.1000000015
15208  -43.859  -59.741  -31.989 0.1000000015
14316  -44.621  -60.812  -32.228 0.1000000015
17007  -44.015  -58.844  -32.250 0.1000000015
16100  -44.181  -59.634  -32.793 0.1000000015
15196  -44.875  -60.232  -31.137 0.1000000015
15211  -46.745  -60.862  -31.462 0.1000000015
16111  -44.585  -59.511  -33.679 0.1000000015
15237  -44.470  -60.227  -33.545 0.1000000015
14342  -44.756  -61.004  -33.347 0.1000000015
123081  -47.820  -60.973  -31.720 0.2000000030
123648  -44.899  -58.839  -33.751 0.1000000015
15247  -44.799  -60.105  -34.261 0.1000000015
25233  -49.075  -49.922  -31.142 0.1000000015
24324  -49.881  -50.587  -31.522 0.1000000015
112976  -49.042  -51.041  -31.392 0.1000000015
23438  -49.004  -51.760  -31.658 0.1000000015
22531  -49.095  -52.557  -32.163 0.1000000015
21604  -48.682  -53.420  -32.561 0.1000000015
20626  -48.346  -54.259  -32.904 0.1000000015
17017  -44.859  -58.215  -33.485 0.1000000015
16122  -45.354  -59.294  -34.258 0.1000000015
14348  -44.869  -60.757  -34.292 0.1000000015
122810  -45.618  -61.286  -35.040 0.1000000015
120146  -49.749  -51.974  -32.182 0.1000000015
19740  -47.818  -55.934  -33.344 0.1000000015
18809  -47.567  -56.586  -33.709 0.1000000015
16123  -46.461  -59.521  -34.740 0.1000000015
15249  -46.206  -60.526  -35.181 0.1000000015
111037  -49.389  -49.162  -31.305 0.1000000015
18810  -48.463  -56.388  -33.838 0.1000000015
17910  -47.275  -57.325  -34.155 0.1000000015
17036  -46.942  -58.718  -34.706 0.1000000015
16124  -47.087  -59.249  -35.151 0.1000000015
15252  -47.009  -60.567  -36.126 0.1000000015
113499  -46.601  -61.276  -35.971 0.1000000015
25234  -50.258  -49.634  -31.509 0.1000000015
26152  -50.143  -48.589  -31.509 0.1000000015
26153  -51.177  -49.074  -31.718 0.1000000015
27113  -51.178  -48.344  -31.711 0.1000000015
26164  -52.696  -48.325  -32.430 0.1000000015
26165  -53.281  -48.740  -32.741 0.1000000015
111281  -44.799  -60.661  -31.582 0.1000000015
108327  -44.482  -58.874  -33.095 0.1000000015
105344  -43.764  -58.198  -31.649 0.1000000015
17003  -44.122  -59.101  -31.241 0.1000000015
15197  -46.130  -60.085  -30.956 0.1000000015
17008  -44.350  -58.143  -32.774 0.1000000015
17895  -44.226  -57.418  -32.541 0.1000000015
16083  -45.259  -59.512  -30.814 0.1000000015
16084  -47.055  -59.441  -30.644 0.1000000015
18807  -45.366  -56.801  -33.407 0.1000000015
17907  -44.755  -57.472  -33.244 0.1000000015
15198  -47.631  -60.272  -31.192 0.2000000030
124725  -49.087  -50.514  -31.278 0.1000000015
22515  -48.340  -52.137  -31.674 0.1000000015
22530  -48.045  -52.785  -32.061 0.1000000015
17909  -46.223  -57.233  -33.961 0.1000000015
17035  -46.185  -58.651  -34.401 0.1000000015
16988  -47.623  -58.740  -30.299 0.2000000030
24323  -48.488  -50.562  -31.118 0.1000000015
19720  -47.186  -55.399  -32.745 0.1000000015
110026  -46.842  -56.761  -33.662 0.1000000015
27111  -49.569  -47.724  -31.670 0.1000000015
27112  -50.670  -47.714  -31.703 0.1000000015
115714  -51.227  -46.959  -31.975 0.1000000015
27127  -51.870  -47.784  -32.059 0.1000000015
120675  -52.157  -47.006  -32.169 0.1000000015
107112  -52.665  -47.438  -32.508 0.1000000015
18792  -43.614  -56.470  -31.682 0.1000000015
17894  -43.688  -57.331  -31.796 0.1000000015
17880  -43.581  -57.516  -31.094 0.1000000015
19718  -44.328  -55.860  -32.036 0.1000000015
111508  -43.896  -58.011  -32.162 0.1000000015
16082  -44.354  -59.587  -31.089 0.1000000015
18806  -44.631  -56.885  -32.938 0.1000000015
16984  -43.920  -58.310  -30.991 0.1000000015
111776  -46.202  -55.303  -32.596 0.1000000015
18794  -44.898  -56.264  -32.705 0.1000000015
120863  -44.868  -58.968  -30.701 0.1000000015
106548  -48.538  -49.121  -31.129 0.1000000015
25232  -47.954  -49.854  -30.876 0.1000000015
24322  -47.814  -50.660  -30.899 0.1000000015
121227  -48.071  -51.382  -31.230 0.1000000015
22514  -47.515  -52.168  -31.605 0.1000000015
20625  -47.427  -54.454  -32.663 0.1000000015
117937  -46.707  -54.675  -32.480 0.1000000015
19738  -45.798  -56.062  -32.944 0.1000000015
16986  -45.663  -58.760  -30.521 0.1000000015
122218  -46.139  -59.236  -30.708 0.1000000015
21603  -47.680  -53.568  -32.457 0.1000000015
18808  -46.166  -56.536  -33.503 0.1000000015
16967  -47.057  -58.045  -29.861 0.1000000015
27110  -48.608  -47.665  -31.675 0.1000000015
108447  -49.109  -46.919  -31.712 0.1000000015
112233  -50.109  -46.925  -31.871 0.1000000015
29045  -51.360  -45.317  -32.046 0.1000000015
28131  -51.816  -46.234  -32.131 0.1000000015
29997  -52.085  -44.711  -32.084 0.1000000015
19717  -43.477  -55.835  -31.610 0.1000000015
18775  -42.918  -56.146  -31.259 0.1000000015
121683  -43.288  -56.789  -31.217 0.1000000015
19701  -43.861  -55.172  -31.751 0.1000000015
126321  -43.351  -56.914  -30.677 0.1000000015
20622  -44.755  -54.995  -32.091 0.1000000015
20608  -44.253  -54.386  -31.747 0.1000000015
17869  -43.728  -57.430  -30.365 0.1000000015
16985  -44.364  -58.717  -30.754 0.1000000015
20623  -45.502  -54.871  -32.312 0.1000000015
20609  -45.154  -54.131  -32.089 0.1000000015
17870  -44.172  -57.944  -30.141 0.1000000015
26150  -48.124  -48.305  -31.395 0.1000000015
21602  -46.696  -53.775  -32.318 0.1000000015
20624  -46.032  -54.414  -32.274 0.1000000015
17851  -44.507  -57.594  -29.336 0.1000000015
16966  -46.052  -58.168  -29.890 0.1000000015
122216  -47.891  -47.560  -31.602 0.1000000015
25219  -47.646  -48.883  -30.827 0.1000000015
24321  -47.340  -51.013  -30.865 0.1000000015
23437  -47.025  -51.588  -31.135 0.1000000015
22529  -47.073  -52.889  -32.081 0.1000000015
17852  -45.441  -57.628  -29.278 0.1000000015
27109  -48.189  -46.891  -31.753 0.1000000015
28115  -48.732  -46.089  -31.566 0.1000000015
29032  -49.360  -45.218  -31.439 0.1000000015
28116  -49.670  -46.077  -31.751 0.1000000015
29033  -50.330  -45.196  -31.784 0.1000000015
113612  -51.186  -44.409  -31.769 0.1000000015
29984  -50.124  -44.172  -31.148 0.1000000015
22511  -44.811  -52.774  -31.257 0.1000000015
22510  -43.938  -53.090  -31.089 0.1000000015
21585  -43.720  -53.908  -31.354 0.1000000015
18774  -42.610  -55.809  -30.777 0.1000000015
18758  -42.817  -56.359  -30.751 0.1000000015
23424  -46.539  -50.966  -30.659 0.1000000015
23436  -46.104  -51.796  -30.979 0.1000000015
22512  -45.701  -52.535  -31.362 0.1000000015
21586  -44.532  -53.582  -31.549 0.1000000015
111759  -43.289  -56.686  -29.950 0.1000000015
26149  -47.273  -47.924  -31.029 0.1000000015
24310  -47.201  -50.374  -30.676 0.1000000015
22513  -46.581  -52.315  -31.523 0.1000000015
21588  -46.193  -53.054  -31.879 0.1000000015
17850  -43.842  -57.308  -29.491 0.1000000015
27108  -47.429  -46.958  -31.498 0.1000000015
16965  -44.957  -58.257  -30.092 0.1000000015
17853  -46.478  -57.478  -29.314 0.1000000015
28114  -47.762  -45.994  -31.515 0.1000000015
118835  -48.449  -45.242  -31.297 0.1000000015
29983  -49.039  -44.420  -30.956 0.1000000015
29969  -49.499  -43.612  -30.676 0.1000000015
30883  -49.280  -42.891  -30.516 0.1000000015
31785  -49.948  -42.369  -30.859 0.1000000015
114836  -51.115  -43.346  -31.427 0.1000000015
20607  -43.127  -54.414  -31.076 0.1000000015
19699  -42.796  -54.990  -30.750 0.1000000015
19688  -42.683  -55.217  -30.051 0.1000000015
18757  -42.666  -56.061  -30.070 0.1000000015
108882  -46.592  -47.901  -30.340 0.1000000015
121554  -46.568  -50.193  -30.412 0.1000000015
24309  -45.922  -50.470  -30.237 0.1000000015
23435  -45.178  -52.008  -30.902 0.1000000015
29031  -47.200  -45.366  -31.181 0.1000000015
28113  -46.885  -46.125  -31.187 0.1000000015
27095  -46.707  -47.061  -30.886 0.1000000015
26139  -46.971  -48.584  -30.483 0.1000000015
25218  -46.989  -49.473  -30.457 0.1000000015
29981  -47.339  -44.696  -30.792 0.1000000015
29982  -48.177  -44.528  -30.802 0.1000000015
29967  -47.942  -44.043  -30.167 0.1000000015
29968  -48.719  -43.715  -30.457 0.1000000015
30882  -48.405  -42.975  -30.077 0.1000000015
31764  -48.397  -42.154  -29.933 0.1000000015
31772  -48.939  -42.314  -30.506 0.1000000015
32610  -48.533  -41.823  -30.557 0.1000000015
22501  -44.259  -52.274  -30.751 0.1000000015
21576  -43.266  -53.563  -30.795 0.1000000015
109689  -42.812  -54.206  -30.282 0.1000000015
21575  -42.794  -53.311  -30.230 0.1000000015
23422  -44.678  -51.474  -30.408 0.1000000015
23423  -45.581  -51.245  -30.534 0.1000000015
29966  -47.083  -44.359  -30.229 0.1000000015
29019  -46.639  -45.195  -30.781 0.1000000015
30874  -47.962  -42.677  -29.503 0.1000000015
32600  -48.161  -41.788  -29.996 0.1000000015
32609  -47.738  -41.524  -30.324 0.1000000015
22499  -42.639  -52.730  -29.790 0.1000000015
24308  -45.118  -50.720  -30.024 0.1000000015
28102  -46.361  -46.239  -30.623 0.1000000015
27094  -46.127  -47.131  -30.297 0.1000000015
26138  -46.330  -48.800  -29.964 0.1000000015
29960  -47.679  -43.576  -29.669 0.1000000015
31763  -47.952  -41.958  -29.463 0.1000000015
32599  -47.571  -41.618  -29.611 0.1000000015
32598  -47.016  -41.158  -29.992 0.1000000015
33405  -47.180  -40.864  -30.917 0.1000000015
23415  -44.236  -50.913  -29.899 0.1000000015
24301  -45.523  -50.016  -29.644 0.1000000015
29018  -46.184  -45.576  -30.299 0.1000000015
28101  -45.891  -46.361  -30.065 0.1000000015
114919  -45.929  -47.950  -29.830 0.1000000015
25205  -45.746  -49.345  -29.638 0.1000000015
29010  -46.393  -44.799  -30.081 0.1000000015
33386  -46.601  -40.594  -29.502 0.1000000015
26128  -44.916  -48.526  -29.077 0.1000000015
27088  -45.579  -47.184  -29.788 0.1000000015
115981  -45.282  -47.913  -29.425 0.1000000015
29959  -46.899  -44.065  -29.537 0.1000000015
30863  -47.582  -42.437  -29.042 0.1000000015
32591  -47.485  -41.783  -29.036 0.1000000015
109553  -46.993  -41.203  -29.041 0.1000000015
33385  -46.251  -40.432  -28.790 0.1000000015
29958  -46.043  -44.536  -29.387 0.1000000015
30873  -47.352  -43.247  -29.148 0.1000000015
126880  -47.197  -42.177  -28.719 0.1000000015
33379  -45.790  -40.268  -28.003 0.1000000015
30862  -46.890  -42.876  -28.657 0.1000000015
31756  -46.670  -42.236  -28.287 0.1000000015
33380  -46.587  -40.971  -28.233 0.1000000015
33373  -46.291  -40.878  -27.445 0.1000000015
10696  -43.659  -65.768  -34.752 0.1000000015
11558  -43.110  -64.206  -34.272 0.1000000015
11567  -44.405  -65.175  -34.835 0.1000000015
12486  -43.641  -63.900  -35.800 0.1000000015
9816  -45.131  -66.508  -36.312 0.1000000015
11582  -42.976  -65.422  -36.623 0.1000000015
11581  -42.372  -64.575  -36.921 0.1000000015
10736  -44.314  -66.453  -37.525 0.1000000015
10711  -46.545  -65.061  -35.181 0.1000000015
11560  -47.278  -64.351  -34.735 0.1000000015
9840  -44.705  -66.915  -36.983 0.1000000015
10737  -45.695  -65.673  -37.646 0.1000000015
17090  -46.343  -58.604  -39.097 0.1000000015
16173  -43.494  -60.121  -39.515 0.1000000015
16158  -43.684  -60.154  -38.609 0.1000000015
12463  -49.261  -63.207  -34.206 0.1000000015
13432  -49.008  -62.704  -34.085 0.2000000030
12477  -46.636  -63.736  -35.411 0.1000000015
21605  -49.773  -53.279  -32.808 0.1000000015
19749  -49.415  -56.197  -33.945 0.1000000015
17064  -46.649  -57.672  -37.062 0.1000000015
17075  -45.715  -58.940  -37.678 0.1000000015
17083  -45.696  -58.636  -38.076 0.1000000015
15262  -43.854  -60.597  -37.987 0.1000000015
15263  -44.879  -60.518  -37.527 0.1000000015
12526  -45.552  -64.207  -38.516 0.1000000015
107901  -45.715  -61.357  -37.417 0.1000000015
12502  -45.272  -63.272  -38.082 0.1000000015
13422  -46.533  -62.393  -33.204 0.1000000015
13407  -48.570  -61.685  -32.883 0.2000000030
13441  -46.501  -62.686  -36.184 0.1000000015
17065  -47.203  -58.540  -36.483 0.1000000015
15253  -47.456  -59.971  -36.612 0.1000000015
14371  -46.708  -61.803  -37.213 0.1000000015
14343  -45.247  -61.552  -34.358 0.1000000015
19741  -48.888  -55.860  -33.485 0.1000000015
117736  -47.775  -57.457  -34.722 0.1000000015
17925  -47.366  -58.031  -34.715 0.1000000015
17037  -47.375  -58.645  -35.292 0.1000000015
16129  -47.078  -59.898  -35.563 0.1000000015
14359  -47.033  -61.712  -36.596 0.1000000015
24340  -53.146  -50.660  -32.622 0.1000000015
17002  -43.955  -59.013  -31.628 0.1000000015
15209  -44.107  -60.212  -31.681 0.1000000015
15221  -44.175  -60.284  -32.516 0.1000000015
16085  -48.191  -59.510  -30.769 0.2000000030
15248  -45.320  -60.590  -34.627 0.1000000015
17908  -45.430  -57.661  -33.746 0.1000000015
115225  -45.617  -60.057  -34.541 0.1000000015
19739  -46.868  -56.172  -33.004 0.1000000015
17924  -46.752  -58.018  -34.342 0.1000000015
17923  -45.969  -57.951  -34.171 0.1000000015
16987  -46.612  -58.714  -30.342 0.1000000015
28117  -50.703  -46.101  -31.950 0.1000000015
19719  -45.267  -55.516  -32.458 0.1000000015
123166  -45.889  -53.728  -32.031 0.1000000015
21587  -45.388  -53.305  -31.661 0.1000000015
30893  -50.178  -43.056  -30.787 0.1000000015
32611  -49.183  -42.161  -30.834 0.1000000015
25217  -46.198  -49.711  -30.051 0.1000000015
15954  -51.395  -59.126  -15.062 0.5000000000
16013  -53.112  -58.480  -21.857 0.5000000000
15997  -53.154  -58.898  -21.128 0.5000000000
16838  -50.637  -58.866  -14.526 0.5000000000
15963  -51.372  -59.112  -16.036 0.5000000000
16893  -53.552  -57.958  -21.485 0.5000000000
122646  -50.228  -58.186  -13.510 0.5000000000
16828  -50.495  -58.617  -13.761 0.5000000000
16849  -50.454  -58.846  -15.320 0.5000000000
16892  -53.789  -57.661  -21.142 0.5000000000
16837  -49.687  -58.564  -14.531 0.5000000000
16827  -49.553  -58.204  -13.889 0.5000000000
16848  -49.488  -58.635  -15.577 0.5000000000
107483  -48.829  -58.526  -14.876 0.4000000060
18682  -53.357  -56.193  -23.181 0.5000000000
18695  -53.369  -55.781  -24.175 0.5000000000
19619  -53.146  -55.490  -23.669 0.5000000000
19617  -51.395  -54.441  -23.732 0.5000000000
117585  -51.528  -54.710  -23.373 0.5000000000
112455  -49.667  -54.812  -23.040 0.4000000060
122541  -48.880  -54.799  -22.811 0.4000000060
13296  -51.490  -62.303  -20.519 0.1000000015
15106  -52.196  -60.629  -21.123 0.5000000000
15947  -51.356  -59.168  -14.120 0.5000000000
15964  -52.328  -59.127  -15.543 0.5000000000
16856  -52.714  -58.895  -17.071 0.4000000060
16891  -53.446  -58.409  -20.723 0.5000000000
17720  -50.477  -57.714  -13.182 0.5000000000
16818  -50.866  -58.406  -13.107 0.5000000000
18594  -50.493  -56.670  -13.330 0.5000000000
18595  -51.282  -55.956  -13.031 0.5000000000
19493  -50.512  -55.815  -13.716 0.5000000000
114993  -49.968  -57.070  -13.617 0.5000000000
19510  -51.196  -55.226  -13.858 0.4000000060
18593  -49.904  -56.366  -13.747 0.3000000119
17719  -49.691  -57.705  -13.632 0.5000000000
112891  -48.749  -58.281  -14.300 0.4000000060
114899  -49.298  -56.969  -13.709 0.3000000119
16862  -49.675  -59.275  -17.556 0.6999999881
106879  -50.606  -58.998  -18.033 0.5000000000
19492  -49.897  -55.700  -13.850 0.3000000119
19491  -49.056  -56.050  -13.723 0.3000000119
17718  -48.755  -57.669  -13.808 0.3000000119
109153  -48.097  -58.403  -14.822 0.4000000060
16854  -49.679  -58.908  -16.537 0.5000000000
16880  -50.484  -58.469  -19.026 0.6000000238
17779  -51.988  -57.166  -19.875 0.6000000238
17764  -53.346  -57.965  -19.309 0.6000000238
126394  -53.839  -57.414  -21.609 0.5000000000
17812  -53.345  -56.422  -23.065 0.3000000119
18592  -48.593  -56.803  -13.728 0.3000000119
17730  -47.877  -57.911  -14.103 0.3000000119
111203  -48.246  -58.685  -16.423 0.4000000060
16879  -49.577  -59.064  -18.673 0.5000000000
109545  -50.997  -57.070  -19.734 0.6000000238
18666  -52.251  -55.831  -19.939 0.6000000238
19582  -53.381  -56.235  -21.197 0.5000000000
19600  -52.835  -56.070  -22.465 0.5000000000
124330  -47.246  -57.774  -14.202 0.4000000060
16846  -47.532  -58.622  -15.582 0.4000000060
16861  -48.694  -59.097  -18.078 0.5000000000
16889  -49.475  -58.196  -19.425 0.5000000000
125303  -51.470  -56.149  -20.402 0.5000000000
19571  -51.975  -56.036  -20.596 0.5000000000
17729  -46.489  -57.694  -14.330 0.4000000060
16845  -46.401  -58.496  -15.159 0.4000000060
106312  -46.581  -58.568  -17.072 0.5000000000
17761  -48.121  -57.579  -19.259 0.5000000000
18656  -49.006  -56.591  -20.321 0.4000000060
117739  -51.069  -56.050  -21.186 0.5000000000
114895  -51.598  -55.819  -22.197 0.5000000000
16851  -46.020  -58.508  -16.233 0.4000000060
16877  -47.034  -58.151  -18.521 0.5000000000
17776  -48.493  -57.002  -19.762 0.5000000000
18663  -48.703  -56.143  -20.798 0.4000000060
19579  -49.334  -55.599  -21.837 0.4000000060
19598  -50.995  -55.178  -22.945 0.5000000000
17774  -47.071  -57.219  -19.479 0.5000000000
18662  -48.052  -56.319  -20.771 0.4000000060
19578  -48.555  -55.412  -21.652 0.4000000060
19596  -48.900  -55.122  -22.256 0.4000000060
18654  -47.659  -56.686  -19.953 0.3000000119
18661  -47.201  -56.355  -20.602 0.4000000060
19567  -47.645  -55.712  -21.227 0.3000000119
118217  -47.177  -55.195  -21.623 0.3000000119
120390  -47.547  -54.960  -22.150 0.3000000119
12331  -49.941  -63.473  -20.036 0.1000000015
12347  -49.969  -63.050  -20.651 0.1000000015
12324  -50.475  -62.737  -19.022 0.1000000015
12332  -50.620  -62.847  -19.862 0.1000000015
14220  -52.530  -61.281  -20.009 0.4000000060
14224  -52.431  -61.323  -20.767 0.4000000060
14232  -52.231  -61.291  -21.106 0.4000000060
15098  -52.539  -60.840  -20.704 0.5000000000
14225  -52.855  -60.689  -20.214 0.4000000060
15099  -53.176  -59.999  -20.133 0.5000000000
15107  -52.684  -59.854  -20.723 0.5000000000
16829  -51.483  -58.873  -13.379 0.5000000000
15948  -52.330  -59.394  -13.827 0.5000000000
15955  -52.316  -59.376  -14.733 0.5000000000
15968  -52.504  -59.000  -16.302 0.4000000060
15989  -53.735  -59.265  -19.521 0.5000000000
15991  -53.382  -59.193  -20.266 0.5000000000
18577  -51.140  -57.143  -12.822 0.5000000000
17706  -51.254  -58.042  -12.715 0.5000000000
16883  -53.809  -58.500  -18.678 0.6000000238
20459  -51.377  -54.676  -14.318 0.2000000030
19509  -50.409  -55.034  -14.046 0.3000000119
18609  -47.990  -56.204  -13.862 0.4000000060
20458  -50.697  -54.231  -14.257 0.3000000119
105145  -48.749  -54.529  -13.826 0.3000000119
21430  -50.354  -53.281  -14.330 0.3000000119
19506  -47.543  -55.291  -14.148 0.4000000060
105327  -47.942  -54.543  -14.207 0.3000000119
107936  -47.215  -56.015  -14.143 0.4000000060
16844  -45.668  -58.174  -15.559 0.4000000060
17741  -45.563  -57.832  -16.338 0.4000000060
19505  -46.786  -55.352  -14.328 0.3000000119
19504  -45.850  -55.534  -14.460 0.3000000119
18623  -45.247  -57.068  -16.466 0.3000000119
17746  -45.960  -57.422  -17.699 0.4000000060
18622  -44.765  -56.460  -17.074 0.3000000119
18638  -45.437  -56.846  -18.504 0.3000000119
18653  -46.750  -56.736  -19.841 0.4000000060
18637  -44.608  -56.573  -17.924 0.2000000030
18652  -45.823  -56.558  -19.418 0.3000000119
19566  -46.677  -55.716  -21.089 0.3000000119
19534  -43.402  -55.260  -17.456 0.1000000015
116337  -43.771  -56.054  -19.032 0.2000000030
19555  -45.315  -56.144  -19.987 0.4000000060
23316  -42.608  -52.130  -17.687 0.1000000015
13281  -51.248  -62.490  -18.747 0.1000000015
13289  -51.324  -62.379  -19.682 0.1000000015
13282  -51.883  -61.837  -19.389 0.2000000030
14213  -52.420  -61.220  -18.912 0.5000000000
14221  -53.038  -60.579  -19.425 0.4000000060
15097  -53.474  -59.878  -19.547 0.4000000060
15939  -52.509  -59.093  -13.134 0.5000000000
15956  -53.217  -59.449  -14.469 0.4000000060
15965  -53.156  -59.229  -15.237 0.4000000060
15970  -53.575  -59.472  -16.249 0.4000000060
15975  -53.809  -59.032  -18.074 0.5000000000
15985  -53.949  -59.212  -18.857 0.5000000000
114329  -51.801  -57.560  -12.640 0.5000000000
17707  -52.106  -58.221  -12.482 0.5000000000
16819  -51.788  -58.517  -12.883 0.4000000060
117091  -53.979  -58.764  -18.620 0.4000000060
19494  -53.341  -55.110  -13.174 0.4000000060
19482  -52.465  -55.845  -12.801 0.4000000060
18578  -52.030  -56.769  -12.758 0.5000000000
20446  -52.692  -54.626  -14.237 0.4000000060
105992  -52.010  -55.111  -13.482 0.5000000000
112788  -53.577  -54.140  -14.442 0.3000000119
126314  -52.745  -54.178  -14.648 0.3000000119
107987  -52.062  -54.488  -14.706 0.3000000119
123588  -52.357  -53.762  -14.867 0.2000000030
105679  -51.441  -53.808  -14.631 0.2000000030
21445  -52.827  -52.891  -15.009 0.1000000015
22363  -50.882  -52.596  -14.731 0.3000000119
22375  -51.209  -52.025  -15.295 0.1000000015
20456  -48.585  -53.784  -14.112 0.3000000119
22362  -50.029  -52.502  -14.892 0.2000000030
21428  -48.392  -52.929  -14.577 0.2000000030
113202  -47.036  -53.983  -14.886 0.2000000030
20471  -45.331  -55.084  -14.831 0.2000000030
21444  -47.176  -53.254  -15.207 0.2000000030
126463  -45.580  -54.351  -14.696 0.2000000030
19522  -44.845  -55.459  -15.824 0.2000000030
22360  -46.476  -53.296  -14.963 0.2000000030
21443  -45.178  -53.735  -14.780 0.1000000015
19529  -43.976  -55.389  -16.963 0.2000000030
19535  -44.070  -55.923  -17.539 0.2000000030
23282  -44.917  -52.127  -15.168 0.1000000015
21460  -43.976  -53.386  -15.680 0.1000000015
19533  -42.618  -55.141  -17.942 0.1000000015
22387  -44.076  -52.459  -15.673 0.1000000015
22386  -43.447  -52.888  -16.343 0.1000000015
20488  -42.921  -54.362  -17.346 0.1000000015
22398  -43.056  -52.435  -17.044 0.1000000015
22397  -42.533  -52.904  -17.452 0.1000000015
23323  -42.776  -51.105  -18.095 0.1000000015
24179  -43.243  -49.998  -18.284 0.1000000015
13264  -52.010  -62.136  -18.312 0.3000000119
14195  -52.668  -61.472  -17.788 0.3000000119
13239  -54.396  -62.368  -14.937 0.3000000119
14179  -54.443  -62.113  -15.711 0.3000000119
14196  -53.229  -60.684  -17.328 0.3000000119
14214  -53.037  -60.543  -18.425 0.3000000119
112930  -53.564  -59.926  -18.930 0.4000000060
15067  -54.237  -60.553  -14.024 0.3000000119
14187  -54.453  -60.852  -15.679 0.3000000119
15080  -53.463  -59.793  -16.965 0.5000000000
15092  -53.503  -59.723  -18.092 0.5000000000
15926  -53.290  -59.777  -12.048 0.4000000060
15957  -53.705  -59.779  -14.134 0.5000000000
15966  -53.885  -59.536  -14.922 0.4000000060
109312  -53.535  -59.258  -15.683 0.4000000060
19483  -54.648  -55.345  -12.644 0.4000000060
18579  -52.942  -56.687  -12.465 0.4000000060
111522  -52.508  -57.516  -12.460 0.5000000000
17696  -52.876  -58.329  -12.091 0.5000000000
20448  -55.356  -54.459  -13.546 0.4000000060
20437  -54.566  -54.785  -13.113 0.4000000060
106635  -53.631  -55.923  -12.522 0.5000000000
20460  -54.727  -54.048  -14.207 0.4000000060
20447  -53.983  -54.493  -13.841 0.4000000060
20461  -55.897  -54.009  -13.820 0.4000000060
21434  -55.333  -53.538  -14.569 0.3000000119
21433  -54.310  -53.657  -14.757 0.3000000119
21432  -53.278  -53.655  -14.805 0.3000000119
21447  -55.016  -53.205  -15.202 0.3000000119
21446  -53.927  -53.115  -15.188 0.2000000030
22377  -53.416  -52.135  -15.550 0.1000000015
22376  -52.182  -52.031  -15.266 0.1000000015
23289  -51.534  -51.396  -15.592 0.1000000015
22374  -50.422  -52.043  -15.555 0.1000000015
22361  -49.250  -52.347  -14.883 0.2000000030
23288  -50.759  -51.410  -15.854 0.1000000015
23287  -50.265  -51.508  -15.903 0.1000000015
22373  -49.867  -52.042  -15.643 0.2000000030
106830  -48.216  -51.912  -15.369 0.2000000030
22371  -47.355  -52.334  -15.460 0.1000000015
23285  -47.670  -51.494  -15.660 0.1000000015
23283  -45.886  -51.882  -15.100 0.1000000015
24140  -47.019  -50.933  -15.894 0.1000000015
23301  -45.257  -51.293  -15.700 0.1000000015
23299  -43.602  -51.896  -16.443 0.1000000015
116579  -44.685  -50.736  -16.381 0.1000000015
24147  -43.805  -50.959  -16.648 0.1000000015
24180  -44.064  -49.844  -17.974 0.1000000015
25074  -44.697  -49.517  -18.540 0.1000000015
25099  -44.605  -49.262  -19.341 0.1000000015
26002  -44.568  -48.968  -19.953 0.1000000015
120610  -45.756  -47.916  -20.609 0.1000000015
13222  -53.494  -62.799  -14.345 0.3000000119
12267  -52.710  -63.165  -15.055 0.2000000030
14151  -54.092  -61.313  -13.470 0.3000000119
15050  -53.756  -60.458  -12.708 0.4000000060
15040  -54.330  -60.252  -11.769 0.3000000119
105270  -54.883  -56.172  -12.205 0.3000000119
18580  -53.945  -56.787  -12.047 0.4000000060
127330  -53.558  -58.337  -11.639 0.4000000060
15928  -54.903  -59.624  -11.120 0.3000000119
20449  -56.793  -54.654  -13.240 0.3000000119
16812  -54.409  -58.828  -11.149 0.4000000060
21436  -56.418  -53.125  -13.835 0.3000000119
21422  -56.674  -54.075  -13.376 0.3000000119
21435  -56.108  -53.310  -14.162 0.3000000119
21449  -56.736  -52.818  -14.789 0.3000000119
22379  -55.836  -52.826  -15.559 0.3000000119
22378  -54.726  -52.705  -15.693 0.2000000030
22388  -54.504  -51.948  -16.137 0.1000000015
24157  -54.479  -51.321  -16.785 0.1000000015
23290  -52.459  -51.218  -15.649 0.1000000015
24156  -53.562  -50.634  -16.801 0.1000000015
23306  -52.690  -50.723  -16.253 0.1000000015
23305  -51.530  -50.712  -16.089 0.1000000015
23304  -50.688  -50.831  -16.141 0.1000000015
115780  -49.803  -51.533  -15.844 0.2000000030
23303  -50.275  -50.978  -16.056 0.2000000030
23302  -49.672  -50.943  -16.006 0.2000000030
24141  -47.979  -50.595  -15.877 0.1000000015
24151  -48.934  -50.397  -16.330 0.1000000015
110970  -48.015  -49.880  -16.226 0.1000000015
24149  -46.391  -50.417  -16.230 0.1000000015
25033  -47.432  -49.605  -16.896 0.1000000015
25031  -45.908  -50.138  -16.706 0.1000000015
25032  -46.579  -49.903  -16.873 0.1000000015
25050  -45.838  -49.838  -17.505 0.1000000015
110298  -45.415  -49.598  -18.309 0.1000000015
26003  -45.318  -49.185  -19.704 0.1000000015
25116  -45.991  -49.390  -20.231 0.1000000015
26019  -45.239  -48.875  -20.133 0.1000000015
105801  -45.895  -48.839  -20.511 0.1000000015
26968  -46.356  -48.599  -20.898 0.1000000015
126110  -46.291  -47.621  -20.744 0.1000000015
113448  -46.626  -46.799  -20.702 0.1000000015
12266  -51.683  -63.403  -14.867 0.2000000030
13205  -52.706  -62.969  -13.187 0.2000000030
13207  -53.614  -62.079  -13.197 0.3000000119
14134  -52.469  -61.583  -11.336 0.2000000030
13183  -53.428  -61.717  -12.344 0.3000000119
14144  -53.783  -61.342  -12.694 0.3000000119
18569  -55.100  -56.973  -11.669 0.3000000119
17697  -54.210  -57.704  -11.520 0.3000000119
15041  -54.627  -59.952  -11.187 0.3000000119
20439  -57.237  -55.154  -12.781 0.3000000119
19484  -56.038  -55.611  -12.346 0.3000000119
18570  -56.065  -56.948  -11.171 0.3000000119
17698  -55.455  -57.813  -10.985 0.3000000119
16813  -55.482  -58.767  -10.699 0.3000000119
21423  -56.972  -53.938  -13.203 0.3000000119
21419  -57.243  -54.188  -12.676 0.3000000119
112772  -56.512  -57.323  -10.670 0.3000000119
17699  -56.397  -58.024  -10.386 0.3000000119
16806  -56.009  -58.764  -10.182 0.2000000030
15042  -55.203  -59.766  -10.769 0.2000000030
22353  -56.558  -52.444  -13.209 0.2000000030
22354  -56.609  -52.886  -13.617 0.2000000030
22364  -57.121  -52.650  -14.445 0.3000000119
22380  -57.450  -52.541  -15.387 0.3000000119
125866  -56.666  -52.802  -15.361 0.3000000119
22389  -56.859  -52.543  -15.781 0.2000000030
23291  -55.616  -52.330  -16.052 0.1000000015
23309  -56.586  -51.788  -16.451 0.2000000030
23308  -55.581  -51.243  -17.077 0.1000000015
125185  -54.859  -49.630  -17.918 0.1000000015
25081  -55.668  -48.582  -19.504 0.1000000015
26954  -56.104  -48.013  -20.607 0.1000000015
24172  -54.620  -50.581  -17.550 0.1000000015
112010  -54.408  -49.533  -18.343 0.1000000015
25080  -55.053  -49.166  -19.215 0.1000000015
26011  -55.357  -48.716  -21.184 0.1000000015
27955  -55.437  -47.741  -20.907 0.1000000015
27953  -52.910  -46.600  -19.913 0.1000000015
24171  -53.576  -49.926  -17.505 0.1000000015
25079  -54.555  -49.336  -19.681 0.1000000015
25102  -54.621  -49.217  -20.755 0.1000000015
26953  -54.235  -48.043  -21.344 0.1000000015
24154  -51.318  -50.050  -16.541 0.1000000015
24170  -52.416  -49.613  -17.379 0.1000000015
24153  -50.733  -50.135  -16.390 0.2000000030
24152  -49.938  -50.309  -16.311 0.1000000015
25035  -49.327  -49.754  -16.940 0.1000000015
25034  -48.367  -49.561  -16.870 0.1000000015
25052  -47.749  -49.043  -17.633 0.1000000015
25051  -46.741  -49.382  -17.758 0.1000000015
113886  -46.042  -49.635  -18.255 0.1000000015
25075  -45.800  -49.511  -18.824 0.1000000015
25993  -46.842  -49.211  -19.333 0.1000000015
25100  -45.986  -49.537  -19.597 0.1000000015
26020  -46.566  -49.391  -20.778 0.1000000015
15017  -51.654  -60.028  -9.030 0.2000000030
14122  -53.035  -61.197  -10.580 0.2000000030
14136  -53.662  -61.246  -11.967 0.3000000119
106308  -53.861  -60.363  -12.042 0.3000000119
15889  -52.327  -59.465  -8.450 0.2000000030
15905  -52.292  -60.263  -8.904 0.2000000030
15033  -53.672  -60.723  -9.827 0.2000000030
14123  -53.731  -60.875  -10.892 0.3000000119
114238  -53.981  -60.259  -11.292 0.3000000119
20440  -57.489  -55.093  -12.410 0.3000000119
19478  -56.974  -55.531  -11.502 0.3000000119
126460  -56.804  -56.037  -10.542 0.3000000119
18566  -56.826  -56.744  -10.171 0.3000000119
21406  -57.119  -54.155  -11.943 0.3000000119
20432  -57.264  -54.892  -11.494 0.3000000119
19468  -56.661  -55.493  -10.047 0.3000000119
19456  -56.865  -56.128  -10.029 0.3000000119
17694  -56.629  -57.974  -9.813 0.3000000119
22349  -55.484  -52.522  -12.469 0.2000000030
21418  -56.456  -53.297  -12.319 0.3000000119
16798  -55.975  -58.721  -9.479 0.2000000030
15907  -55.526  -59.493  -9.142 0.2000000030
23260  -56.011  -52.160  -12.864 0.2000000030
23270  -56.319  -51.670  -13.350 0.2000000030
23271  -57.081  -52.194  -13.879 0.3000000119
23276  -57.068  -51.546  -14.189 0.3000000119
23277  -57.653  -52.139  -14.810 0.3000000119
22390  -57.552  -52.133  -16.022 0.2000000030
24136  -57.621  -51.324  -15.185 0.2000000030
24143  -58.209  -50.794  -16.039 0.2000000030
24159  -58.371  -50.830  -17.079 0.2000000030
25059  -57.644  -49.363  -17.183 0.1000000015
25056  -52.753  -49.323  -18.400 0.1000000015
25078  -53.530  -49.238  -19.629 0.1000000015
25101  -53.897  -49.054  -20.628 0.1000000015
105777  -53.387  -48.518  -20.614 0.1000000015
24169  -51.383  -49.636  -16.908 0.1000000015
25055  -51.899  -49.214  -17.745 0.1000000015
106049  -52.354  -49.026  -18.866 0.1000000015
26026  -52.413  -48.225  -20.490 0.1000000015
25077  -51.304  -48.822  -18.295 0.1000000015
25998  -51.824  -48.698  -19.230 0.1000000015
26008  -51.677  -48.524  -19.978 0.1000000015
24168  -51.071  -49.414  -17.179 0.1000000015
114683  -50.446  -48.968  -17.689 0.1000000015
25989  -50.375  -48.339  -18.466 0.1000000015
25996  -49.510  -47.928  -18.630 0.1000000015
25054  -49.607  -49.118  -17.511 0.1000000015
25987  -49.039  -48.485  -18.113 0.1000000015
25995  -48.597  -47.934  -18.821 0.1000000015
25986  -48.112  -48.436  -18.326 0.1000000015
25985  -47.265  -48.830  -18.488 0.1000000015
25076  -46.392  -49.310  -18.722 0.1000000015
25117  -46.604  -49.606  -20.338 0.1000000015
17690  -50.180  -57.547  -8.567 0.3000000119
110436  -51.870  -57.776  -8.218 0.3000000119
16783  -52.895  -58.286  -8.074 0.3000000119
15890  -53.404  -59.338  -8.333 0.2000000030
15891  -54.758  -59.567  -8.572 0.2000000030
15906  -55.133  -59.982  -8.813 0.2000000030
18540  -53.140  -57.335  -8.421 0.3000000119
17681  -53.633  -57.845  -8.301 0.3000000119
16785  -55.294  -58.940  -8.744 0.3000000119
15019  -55.234  -60.138  -9.532 0.2000000030
20431  -56.205  -54.121  -11.032 0.3000000119
20419  -55.278  -54.592  -10.387 0.3000000119
18554  -55.339  -56.680  -9.205 0.3000000119
18542  -55.723  -57.489  -9.066 0.3000000119
16786  -55.787  -58.880  -9.099 0.2000000030
21416  -53.673  -52.955  -12.025 0.2000000030
20430  -54.653  -54.012  -10.878 0.3000000119
22348  -54.286  -52.358  -12.392 0.2000000030
23258  -53.795  -51.797  -12.814 0.2000000030
23259  -54.967  -51.845  -12.959 0.2000000030
24130  -56.265  -51.012  -13.819 0.2000000030
24135  -56.682  -50.733  -14.637 0.2000000030
24142  -57.355  -50.287  -15.494 0.2000000030
26006  -49.661  -48.246  -20.003 0.1000000015
26942  -48.467  -48.205  -19.250 0.1000000015
25994  -47.761  -48.491  -19.105 0.1000000015
16794  -48.834  -57.536  -9.011 0.1000000015
17689  -48.957  -57.104  -8.103 0.2000000030
16795  -49.334  -57.540  -8.563 0.3000000119
113860  -50.222  -57.081  -8.430 0.3000000119
108811  -51.552  -57.157  -8.372 0.3000000119
19466  -54.416  -55.308  -10.136 0.3000000119
109667  -52.527  -56.103  -9.892 0.3000000119
21403  -53.085  -53.573  -11.648 0.3000000119
20429  -53.472  -54.035  -11.008 0.3000000119
114882  -52.909  -54.754  -10.779 0.3000000119
112188  -53.274  -55.359  -10.325 0.3000000119
21415  -52.646  -53.050  -12.227 0.2000000030
22347  -53.198  -52.299  -12.585 0.2000000030
127072  -53.216  -51.823  -12.904 0.1000000015
23269  -55.168  -51.131  -13.595 0.2000000030
23267  -52.436  -51.084  -13.397 0.1000000015
23268  -54.025  -51.268  -13.308 0.2000000030
24134  -55.442  -50.484  -14.330 0.2000000030
24133  -54.104  -50.499  -14.102 0.2000000030
25012  -54.843  -49.713  -14.818 0.3000000119
121350  -49.547  -57.017  -8.283 0.3000000119
18551  -50.697  -57.021  -8.475 0.3000000119
125310  -51.135  -56.725  -9.441 0.3000000119
21401  -51.131  -54.009  -12.094 0.3000000119
19477  -52.039  -55.009  -10.895 0.3000000119
126047  -52.448  -55.415  -10.469 0.3000000119
21414  -51.648  -53.157  -12.287 0.2000000030
22345  -51.179  -52.559  -12.635 0.1000000015
23266  -51.835  -51.380  -13.370 0.1000000015
24128  -51.624  -50.705  -13.454 0.1000000015
24129  -52.281  -50.358  -13.695 0.1000000015
25007  -53.001  -50.010  -14.038 0.1000000015
19464  -49.890  -56.484  -9.980 0.3000000119
19463  -49.115  -56.165  -10.150 0.2000000030
19465  -51.561  -56.016  -10.253 0.3000000119
19476  -50.628  -55.870  -10.647 0.3000000119
20426  -50.577  -54.876  -11.457 0.3000000119
125490  -51.286  -55.282  -11.014 0.3000000119
21412  -49.701  -53.219  -12.419 0.2000000030
20436  -50.121  -54.061  -12.123 0.2000000030
22342  -48.388  -52.568  -12.463 0.1000000015
22343  -49.254  -52.330  -12.591 0.1000000015
22341  -47.702  -52.351  -12.377 0.1000000015
23255  -50.069  -51.719  -12.980 0.1000000015
23265  -50.972  -51.262  -13.249 0.1000000015
23254  -49.191  -51.323  -12.782 0.1000000015
24120  -50.033  -50.814  -13.141 0.1000000015
24127  -50.849  -50.297  -13.306 0.1000000015
19474  -48.911  -55.330  -10.887 0.2000000030
19475  -49.760  -55.593  -10.852 0.2000000030
20435  -49.148  -53.979  -12.107 0.2000000030
20425  -49.518  -54.768  -11.604 0.2000000030
21411  -48.762  -53.190  -12.373 0.1000000015
114886  -48.379  -51.833  -12.573 0.1000000015
23253  -48.252  -50.865  -12.603 0.1000000015
24119  -49.152  -50.378  -12.928 0.1000000015
24126  -50.004  -49.845  -13.152 0.1000000015
23251  -46.887  -51.252  -12.170 0.1000000015
24117  -47.635  -50.098  -12.401 0.1000000015
24118  -48.439  -50.026  -12.707 0.1000000015
115126  -46.217  -50.925  -11.932 0.1000000015
24116  -46.881  -50.480  -12.128 0.1000000015
125660  -51.487  -58.749  -17.573 0.4000000060
16855  -50.352  -58.874  -16.082 0.5000000000
15973  -51.909  -59.009  -16.985 0.4000000060
16863  -50.725  -59.190  -16.937 0.6000000238
16865  -53.178  -58.738  -17.650 0.5000000000
15969  -53.213  -59.049  -16.460 0.4000000060
16911  -53.545  -57.554  -22.052 0.5000000000
127284  -53.164  -59.004  -17.129 0.4000000060
16881  -51.475  -58.319  -18.360 0.5000000000
16884  -53.660  -58.524  -19.428 0.5000000000
16864  -52.350  -58.405  -17.759 0.6000000238
17783  -53.742  -56.662  -20.431 0.5000000000
17802  -53.561  -56.978  -22.398 0.3000000119
18694  -53.390  -55.990  -23.784 0.5000000000
17765  -53.576  -58.233  -19.160 0.5000000000
16012  -52.476  -58.944  -21.954 0.5000000000
17782  -53.330  -57.755  -20.119 0.5000000000
125429  -48.973  -58.669  -16.224 0.4000000060
18683  -53.478  -56.754  -22.410 0.4000000060
19599  -52.220  -55.121  -22.987 0.5000000000
115589  -50.646  -54.723  -23.337 0.4000000060
19627  -51.122  -54.327  -24.386 0.4000000060
19595  -48.232  -54.938  -22.339 0.3000000119
126726  -48.438  -55.206  -21.844 0.4000000060
13290  -52.118  -61.816  -20.414 0.2000000030
16847  -48.524  -58.577  -15.583 0.3000000119
17762  -51.254  -57.786  -19.304 0.6000000238
19508  -49.346  -55.116  -13.784 0.3000000119
121726  -48.050  -57.140  -13.810 0.4000000060
16836  -47.261  -58.265  -14.595 0.4000000060
16853  -48.884  -58.920  -17.068 0.5000000000
18659  -52.680  -56.399  -19.913 0.6000000238
17763  -52.234  -57.939  -18.837 0.6000000238
16882  -53.221  -58.238  -18.498 0.6000000238
18660  -53.724  -56.159  -20.129 0.5000000000
18672  -53.912  -56.633  -21.471 0.5000000000
120104  -46.780  -58.754  -16.144 0.4000000060
106039  -48.040  -58.791  -17.427 0.4000000060
16888  -48.653  -58.432  -19.003 0.5000000000
18658  -51.399  -56.320  -20.013 0.6000000238
17778  -50.288  -57.602  -19.629 0.5000000000
108221  -52.899  -55.862  -20.404 0.5000000000
18667  -53.262  -55.927  -19.922 0.5000000000
19581  -52.243  -56.185  -21.430 0.5000000000
19572  -53.736  -56.085  -20.241 0.5000000000
18608  -47.312  -57.029  -14.010 0.4000000060
16878  -47.861  -58.339  -18.501 0.5000000000
17777  -49.308  -57.260  -19.868 0.5000000000
18665  -50.507  -56.254  -20.609 0.4000000060
18657  -50.122  -56.704  -20.155 0.5000000000
17739  -45.665  -57.989  -14.823 0.4000000060
18607  -46.339  -56.408  -14.173 0.3000000119
17742  -45.932  -58.050  -17.119 0.5000000000
17775  -47.882  -56.994  -19.550 0.5000000000
19570  -49.856  -56.032  -21.296 0.4000000060
19580  -50.352  -55.690  -21.997 0.5000000000
17760  -47.411  -57.643  -19.145 0.5000000000
18655  -48.343  -56.596  -20.168 0.4000000060
19569  -48.924  -55.777  -21.199 0.4000000060
18639  -46.199  -57.043  -19.054 0.4000000060
18626  -45.941  -56.996  -18.189 0.4000000060
19568  -48.373  -55.714  -21.278 0.4000000060
15949  -53.211  -59.576  -13.638 0.5000000000
114779  -53.061  -58.956  -15.829 0.4000000060
15986  -54.008  -58.872  -19.063 0.5000000000
16866  -53.737  -58.766  -18.199 0.5000000000
20457  -49.650  -54.141  -14.004 0.3000000119
19507  -48.399  -55.273  -13.837 0.4000000060
21429  -49.373  -53.052  -14.281 0.3000000119
20455  -47.212  -54.575  -14.523 0.3000000119
18618  -45.174  -56.734  -15.451 0.3000000119
18606  -45.475  -56.310  -14.680 0.3000000119
17745  -45.519  -57.510  -17.046 0.3000000119
19523  -45.136  -55.896  -15.207 0.3000000119
20454  -46.370  -54.546  -14.566 0.2000000030
19531  -44.978  -56.270  -16.203 0.3000000119
18625  -45.266  -57.003  -17.498 0.3000000119
19530  -44.470  -55.825  -16.688 0.2000000030
19556  -46.285  -56.227  -20.324 0.4000000060
19539  -44.060  -56.207  -18.287 0.2000000030
18651  -44.709  -56.532  -19.013 0.3000000119
20481  -43.723  -54.700  -16.786 0.2000000030
22403  -42.031  -52.889  -17.987 0.1000000015
23317  -43.266  -51.513  -17.278 0.1000000015
15940  -53.204  -59.660  -12.778 0.4000000060
16810  -52.731  -58.923  -12.449 0.4000000060
15077  -53.944  -60.172  -16.092 0.4000000060
15974  -53.445  -59.151  -17.291 0.5000000000
21431  -51.812  -52.803  -14.876 0.2000000030
124301  -47.737  -53.115  -14.866 0.2000000030
116819  -47.878  -52.605  -15.034 0.2000000030
111278  -46.705  -53.793  -14.894 0.2000000030
20470  -44.792  -54.594  -15.298 0.2000000030
123344  -46.022  -53.764  -14.650 0.1000000015
20482  -44.347  -55.054  -16.289 0.2000000030
22370  -46.613  -52.621  -15.256 0.1000000015
22369  -45.637  -52.891  -14.773 0.1000000015
22368  -44.614  -53.050  -14.980 0.1000000015
21442  -44.498  -53.808  -15.269 0.2000000030
115404  -44.106  -54.257  -15.966 0.2000000030
24139  -46.151  -51.086  -15.643 0.1000000015
21459  -43.525  -53.832  -16.546 0.1000000015
20487  -42.186  -54.411  -17.878 0.1000000015
23300  -44.309  -51.516  -15.926 0.1000000015
21470  -42.923  -53.358  -17.042 0.1000000015
21469  -42.285  -53.657  -17.660 0.1000000015
24146  -43.535  -50.542  -17.516 0.1000000015
25073  -43.912  -49.541  -18.864 0.1000000015
108578  -52.232  -62.361  -17.163 0.3000000119
14185  -53.009  -61.729  -16.753 0.3000000119
13223  -53.862  -62.142  -13.963 0.3000000119
13238  -53.850  -62.939  -15.331 0.3000000119
14166  -54.451  -61.373  -14.373 0.3000000119
14180  -54.673  -61.520  -15.192 0.3000000119
13255  -53.789  -62.500  -16.109 0.3000000119
14186  -53.908  -61.177  -16.373 0.3000000119
15075  -54.472  -60.401  -14.890 0.3000000119
15066  -54.082  -59.970  -14.361 0.3000000119
15060  -54.003  -60.595  -13.376 0.3000000119
15059  -53.888  -60.210  -13.688 0.3000000119
15074  -54.065  -59.833  -15.556 0.3000000119
16811  -53.364  -59.106  -11.671 0.4000000060
15927  -54.055  -59.760  -11.328 0.4000000060
15941  -53.723  -60.388  -12.334 0.4000000060
15950  -53.647  -60.076  -13.263 0.4000000060
17708  -53.299  -57.539  -12.055 0.4000000060
20438  -55.874  -55.000  -12.965 0.4000000060
21448  -55.983  -53.046  -15.006 0.3000000119
23307  -53.498  -51.258  -16.126 0.1000000015
112793  -49.154  -51.831  -15.377 0.2000000030
23286  -48.840  -51.216  -15.693 0.1000000015
23284  -46.810  -51.791  -15.614 0.1000000015
24150  -47.215  -50.143  -16.231 0.1000000015
24166  -45.154  -50.099  -16.862 0.1000000015
24165  -44.275  -50.207  -17.099 0.1000000015
25049  -44.880  -49.763  -17.660 0.1000000015
104875  -45.304  -49.375  -19.066 0.1000000015
13221  -53.086  -63.099  -14.529 0.2000000030
13206  -53.152  -62.694  -13.515 0.2000000030
13253  -51.996  -63.154  -15.695 0.2000000030
15051  -53.863  -60.774  -12.841 0.3000000119
18581  -56.057  -56.262  -11.672 0.3000000119
123868  -57.513  -54.793  -12.980 0.3000000119
120012  -55.281  -51.782  -16.557 0.1000000015
24155  -52.482  -50.226  -16.778 0.1000000015
109122  -52.874  -63.060  -13.776 0.2000000030
13192  -52.381  -62.584  -12.468 0.2000000030
13182  -52.808  -61.995  -12.067 0.2000000030
13193  -53.088  -62.341  -12.873 0.3000000119
14135  -53.260  -61.482  -11.498 0.2000000030
21407  -57.561  -54.775  -12.451 0.3000000119
19485  -57.017  -55.644  -11.973 0.3000000119
18571  -56.720  -56.448  -10.906 0.3000000119
22350  -56.755  -53.300  -12.949 0.3000000119
123323  -56.343  -52.694  -12.724 0.3000000119
23310  -58.031  -51.525  -16.788 0.2000000030
125444  -58.104  -51.050  -17.240 0.1000000015
23318  -57.119  -51.029  -17.269 0.1000000015
24173  -55.652  -50.451  -17.541 0.1000000015
25058  -55.445  -49.274  -17.934 0.1000000015
26028  -55.911  -48.175  -21.188 0.1000000015
26012  -55.930  -48.355  -20.788 0.1000000015
25103  -55.329  -49.024  -20.527 0.1000000015
26027  -55.232  -48.304  -21.350 0.1000000015
27954  -53.875  -47.172  -20.141 0.1000000015
25057  -53.614  -49.495  -18.468 0.1000000015
26010  -54.543  -48.747  -21.197 0.1000000015
26952  -52.999  -47.777  -20.696 0.1000000015
117533  -52.667  -46.076  -20.435 0.1000000015
24167  -50.242  -49.598  -16.867 0.1000000015
25053  -48.704  -49.094  -17.600 0.1000000015
15904  -51.673  -59.372  -8.726 0.2000000030
15004  -53.181  -60.121  -8.672 0.2000000030
14105  -52.700  -60.798  -9.730 0.2000000030
16782  -51.649  -58.489  -8.486 0.3000000119
121766  -53.785  -60.414  -9.081 0.2000000030
19469  -56.848  -55.473  -10.611 0.3000000119
17692  -56.578  -57.647  -9.583 0.3000000119
21405  -56.070  -53.602  -11.682 0.3000000119
20420  -56.557  -54.910  -10.432 0.3000000119
19455  -56.211  -55.941  -9.665 0.3000000119
19467  -55.814  -55.240  -9.887 0.3000000119
17683  -55.978  -58.302  -9.035 0.3000000119
21417  -54.978  -53.069  -11.917 0.3000000119
118989  -55.163  -53.626  -11.356 0.3000000119
23292  -57.888  -51.776  -15.909 0.2000000030
24158  -57.997  -50.449  -17.376 0.1000000015
25037  -58.271  -50.051  -17.117 0.2000000030
109303  -56.617  -49.836  -17.341 0.1000000015
26009  -52.767  -48.752  -19.967 0.1000000015
25988  -49.812  -48.512  -18.027 0.1000000015
16781  -50.974  -57.620  -8.379 0.3000000119
16797  -51.010  -58.377  -8.720 0.3000000119
17691  -51.177  -57.243  -8.293 0.3000000119
17680  -51.997  -57.371  -8.295 0.3000000119
18541  -54.458  -57.330  -8.651 0.3000000119
18553  -53.999  -56.702  -9.048 0.3000000119
19454  -54.885  -55.959  -9.606 0.3000000119
20418  -53.938  -54.630  -10.559 0.3000000119
19453  -53.593  -56.073  -9.745 0.3000000119
21404  -54.119  -53.453  -11.371 0.3000000119
25013  -56.085  -49.905  -15.099 0.2000000030
25021  -58.003  -49.698  -16.334 0.2000000030
16804  -48.418  -58.546  -9.690 0.1000000015
18550  -49.032  -57.095  -7.862 0.2000000030
112410  -49.309  -57.075  -8.018 0.3000000119
18552  -52.598  -56.882  -8.925 0.3000000119
18565  -51.673  -56.807  -9.251 0.3000000119
21402  -52.126  -53.791  -11.920 0.3000000119
20428  -52.526  -54.272  -11.308 0.3000000119
22346  -52.145  -52.510  -12.694 0.2000000030
23257  -52.540  -51.821  -13.119 0.2000000030
113427  -53.201  -51.438  -13.168 0.1000000015
108581  -53.151  -50.775  -13.537 0.2000000030
18563  -49.213  -57.000  -9.154 0.3000000119
18564  -49.930  -57.003  -8.782 0.3000000119
20427  -51.613  -54.540  -11.480 0.3000000119
21413  -50.671  -53.220  -12.364 0.2000000030
23256  -51.602  -52.018  -13.200 0.1000000015
112320  -50.811  -52.054  -13.058 0.1000000015
22344  -50.275  -52.510  -12.675 0.1000000015
23252  -47.587  -51.558  -12.407 0.1000000015
19473  -48.012  -55.284  -11.051 0.2000000030
21400  -47.925  -53.094  -12.250 0.1000000015
17814  -50.769  -57.454  -24.449 0.3000000119
17815  -52.210  -56.843  -24.304 0.3000000119
15163  -47.116  -61.334  -26.434 0.2000000030
14289  -46.187  -62.182  -27.428 0.2000000030
16929  -49.986  -57.902  -24.941 0.4000000060
16938  -49.553  -58.725  -25.416 0.3000000119
18697  -53.332  -55.896  -24.851 0.4000000060
16939  -50.529  -58.489  -25.715 0.3000000119
16051  -48.367  -59.876  -26.387 0.3000000119
16940  -51.706  -58.196  -25.982 0.4000000060
16052  -49.553  -60.070  -26.530 0.3000000119
14279  -47.536  -62.013  -26.937 0.2000000030
17819  -52.103  -57.148  -25.131 0.4000000060
106269  -50.687  -60.115  -26.794 0.4000000060
18698  -54.071  -55.300  -24.748 0.4000000060
113791  -53.646  -55.256  -24.369 0.4000000060
16042  -51.386  -59.328  -26.561 0.4000000060
15153  -49.942  -60.715  -26.984 0.3000000119
14280  -48.575  -62.265  -27.087 0.3000000119
18701  -53.559  -56.294  -25.613 0.4000000060
14273  -49.398  -61.612  -27.120 0.4000000060
19629  -54.537  -54.988  -24.914 0.4000000060
16946  -52.316  -58.638  -26.719 0.4000000060
15164  -50.205  -61.030  -27.425 0.3000000119
19618  -52.595  -54.774  -23.775 0.4000000060
17821  -54.286  -55.668  -25.955 0.4000000060
17820  -53.566  -56.981  -26.180 0.4000000060
16053  -52.077  -59.409  -26.999 0.4000000060
20553  -53.240  -54.783  -25.039 0.4000000060
16054  -52.515  -58.605  -27.243 0.4000000060
15165  -50.876  -60.526  -27.310 0.3000000119
19628  -52.232  -54.434  -24.343 0.4000000060
18711  -54.253  -55.407  -26.291 0.4000000060
17823  -53.294  -56.963  -26.860 0.4000000060
109977  -52.099  -59.268  -27.463 0.4000000060
20562  -54.167  -54.797  -26.284 0.4000000060
18723  -53.052  -55.874  -27.055 0.4000000060
17826  -52.946  -57.107  -27.231 0.4000000060
16951  -52.779  -57.764  -27.407 0.4000000060
15175  -51.527  -60.072  -27.856 0.3000000119
19640  -53.121  -54.654  -25.881 0.4000000060
17825  -52.417  -57.283  -27.797 0.4000000060
16950  -52.501  -58.273  -28.021 0.4000000060
14290  -50.483  -61.391  -28.257 0.2000000030
19639  -51.963  -54.361  -25.178 0.3000000119
19652  -53.043  -54.982  -26.733 0.4000000060
18708  -51.828  -55.814  -26.823 0.4000000060
17840  -52.042  -57.907  -29.030 0.4000000060
16954  -52.212  -57.919  -28.869 0.4000000060
15186  -51.106  -60.662  -28.863 0.2000000030
13389  -49.604  -63.081  -28.798 0.3000000119
19626  -49.988  -54.662  -24.490 0.3000000119
19651  -51.556  -54.816  -26.230 0.3000000119
16972  -51.998  -57.915  -29.605 0.3000000119
109878  -51.096  -60.169  -30.037 0.2000000030
16070  -51.771  -58.452  -29.740 0.2000000030
119752  -50.525  -61.250  -29.355 0.2000000030
12427  -49.165  -64.254  -29.044 0.2000000030
106417  -49.211  -54.755  -23.700 0.3000000119
105345  -50.683  -54.541  -25.361 0.3000000119
18722  -52.150  -56.540  -27.340 0.4000000060
16992  -51.633  -58.278  -29.864 0.1000000015
116893  -50.147  -54.862  -26.345 0.3000000119
18707  -50.585  -55.762  -26.868 0.2000000030
17839  -51.484  -57.734  -28.877 0.2000000030
125626  -50.301  -61.166  -30.157 0.1000000015
11524  -48.536  -63.471  -30.204 0.2000000030
18720  -49.629  -56.321  -27.282 0.2000000030
119023  -50.474  -56.347  -27.727 0.2000000030
17857  -50.971  -58.059  -29.314 0.1000000015
16991  -50.763  -58.566  -30.195 0.1000000015
14310  -50.123  -61.050  -30.812 0.1000000015
12439  -49.113  -62.623  -29.840 0.1000000015
19616  -48.219  -54.830  -23.337 0.2000000030
123012  -49.069  -54.870  -24.650 0.3000000119
19650  -49.151  -55.418  -26.074 0.3000000119
19615  -47.432  -54.845  -23.032 0.1000000015
19625  -48.232  -54.913  -24.318 0.3000000119
18706  -48.870  -55.957  -26.652 0.2000000030
17838  -50.134  -57.480  -28.762 0.1000000015
16088  -50.392  -59.256  -30.752 0.1000000015
14320  -49.714  -60.909  -31.422 0.1000000015
13396  -49.480  -61.586  -30.812 0.1000000015
106442  -47.308  -54.732  -24.053 0.2000000030
19649  -48.142  -55.450  -26.171 0.2000000030
18739  -49.916  -56.754  -28.154 0.1000000015
17856  -49.685  -57.941  -29.501 0.1000000015
118799  -49.609  -58.522  -30.271 0.1000000015
15213  -50.217  -59.856  -31.385 0.1000000015
13410  -49.372  -61.550  -31.688 0.1000000015
11535  -48.781  -63.671  -32.533 0.1000000015
19624  -47.388  -55.076  -24.949 0.1000000015
18719  -48.523  -56.379  -27.269 0.1000000015
17855  -48.596  -57.267  -29.578 0.1000000015
16989  -48.744  -58.729  -30.526 0.1000000015
16095  -49.716  -60.297  -31.509 0.1000000015
14319  -49.277  -61.312  -31.922 0.1000000015
12449  -48.903  -62.923  -31.964 0.1000000015
11544  -48.342  -64.419  -33.032 0.1000000015
18738  -48.166  -56.677  -28.012 0.1000000015
16086  -49.312  -59.528  -31.151 0.1000000015
13425  -49.642  -62.489  -33.793 0.1000000015
11545  -49.236  -63.572  -33.696 0.1000000015
19576  -46.248  -55.542  -21.596 0.2000000030
19594  -46.702  -55.104  -22.526 0.1000000015
106443  -46.589  -54.845  -23.902 0.1000000015
18705  -47.803  -55.658  -26.852 0.1000000015
19636  -46.762  -55.138  -25.601 0.1000000015
18718  -47.460  -55.897  -27.476 0.1000000015
17836  -47.883  -56.707  -28.978 0.1000000015
12455  -49.560  -62.892  -33.350 0.1000000015
13409  -49.476  -62.079  -32.599 0.1000000015
15199  -48.795  -60.113  -31.289 0.1000000015
16968  -48.062  -57.834  -30.104 0.1000000015
17818  -50.846  -57.680  -25.246 0.3000000119
15152  -48.839  -60.752  -26.717 0.3000000119
16041  -50.150  -59.418  -26.118 0.3000000119
16941  -52.792  -57.575  -26.134 0.4000000060
18702  -55.014  -55.160  -25.125 0.4000000060
15154  -51.512  -60.072  -27.072 0.3000000119
19641  -54.956  -54.833  -25.537 0.4000000060
16062  -51.952  -58.677  -28.683 0.2000000030
18741  -51.655  -57.118  -28.229 0.2000000030
14306  -49.734  -61.752  -29.668 0.2000000030
17858  -51.937  -57.917  -29.521 0.2000000030
15201  -50.591  -59.941  -30.841 0.1000000015
18721  -51.071  -56.380  -27.605 0.4000000060
119017  -49.769  -55.451  -26.682 0.2000000030
18740  -50.816  -56.867  -28.295 0.2000000030
12438  -49.128  -62.262  -31.275 0.1000000015
16970  -50.503  -58.402  -29.952 0.1000000015
19637  -48.408  -55.133  -25.329 0.3000000119
127146  -49.245  -57.404  -29.157 0.1000000015
16087  -49.970  -59.431  -31.282 0.1000000015
116554  -47.501  -55.272  -25.683 0.1000000015
119020  -49.067  -56.841  -27.811 0.1000000015
118517  -49.607  -59.017  -30.815 0.1000000015
16969  -48.912  -57.893  -30.178 0.1000000015
10676  -47.631  -65.025  -33.545 0.1000000015
19648  -47.143  -55.352  -26.298 0.1000000015
15124  -50.651  -60.560  -21.900 0.3000000119
15995  -49.774  -59.754  -22.140 0.2000000030
16009  -48.703  -59.491  -22.218 0.3000000119
112348  -49.243  -58.834  -22.517 0.2000000030
15105  -51.940  -61.003  -21.426 0.4000000060
15125  -51.493  -60.370  -21.615 0.2000000030
15126  -51.955  -59.999  -21.420 0.4000000060
16010  -50.858  -59.440  -21.939 0.3000000119
16906  -48.369  -58.831  -22.658 0.2000000030
15996  -52.470  -59.487  -21.377 0.4000000060
111024  -50.107  -58.812  -22.356 0.2000000030
120560  -48.953  -58.396  -22.928 0.2000000030
16905  -47.574  -58.746  -22.945 0.1000000015
16921  -48.317  -58.517  -23.292 0.2000000030
16920  -47.487  -58.659  -23.830 0.1000000015
16908  -51.032  -58.172  -22.314 0.3000000119
107884  -46.942  -58.717  -23.285 0.1000000015
16922  -49.235  -58.112  -23.568 0.2000000030
16029  -46.907  -58.824  -24.641 0.1000000015
117754  -47.334  -59.204  -25.350 0.1000000015
16039  -47.836  -58.923  -24.793 0.1000000015
16050  -47.268  -59.835  -25.845 0.1000000015
16048  -45.551  -59.339  -26.434 0.1000000015
16049  -46.303  -59.700  -26.012 0.1000000015
15161  -45.527  -60.579  -27.282 0.1000000015
15149  -45.980  -60.141  -26.681 0.1000000015
16909  -52.388  -58.226  -22.450 0.3000000119
16937  -48.682  -58.847  -25.107 0.2000000030
16927  -48.442  -58.570  -24.123 0.2000000030
112183  -48.052  -59.170  -25.873 0.2000000030
15162  -46.354  -60.947  -26.845 0.1000000015
15160  -44.659  -60.273  -27.609 0.1000000015
17800  -53.114  -57.179  -23.052 0.2000000030
17799  -51.818  -57.663  -23.192 0.3000000119
16928  -49.228  -58.297  -24.503 0.2000000030
15150  -46.772  -60.557  -26.158 0.1000000015
14287  -44.499  -61.697  -28.431 0.1000000015
15173  -45.032  -61.034  -27.921 0.1000000015
17811  -51.230  -57.369  -23.724 0.3000000119
17801  -53.437  -57.177  -22.561 0.2000000030
15151  -47.589  -60.687  -26.374 0.2000000030
14288  -45.395  -61.870  -27.947 0.1000000015
14277  -45.836  -61.403  -27.377 0.1000000015
14278  -46.682  -61.759  -26.949 0.1000000015
13388  -44.180  -63.123  -29.059 0.1000000015
118844  -52.470  -57.026  -23.685 0.2000000030
13367  -46.561  -63.000  -27.604 0.1000000015
13355  -47.017  -62.536  -27.180 0.1000000015
12403  -45.039  -63.337  -28.729 0.1000000015
12405  -45.866  -63.282  -28.072 0.1000000015
117662  -47.439  -63.498  -27.337 0.1000000015
12395  -48.188  -63.785  -27.354 0.1000000015
109975  -43.064  -65.300  -29.544 0.1000000015
12426  -45.272  -64.281  -28.771 0.1000000015
12404  -45.985  -64.292  -28.229 0.1000000015
107743  -46.951  -64.264  -27.593 0.1000000015
107601  -49.389  -62.459  -27.356 0.3000000119
117044  -45.784  -66.082  -28.477 0.1000000015
16910  -53.063  -57.952  -22.372 0.3000000119
16011  -51.884  -59.296  -21.911 0.3000000119
119424  -49.804  -57.751  -24.195 0.3000000119
13366  -45.128  -62.505  -28.358 0.1000000015
16040  -49.093  -59.377  -25.941 0.2000000030
16907  -49.861  -58.049  -22.797 0.2000000030
17798  -50.705  -57.669  -23.064 0.3000000119
12425  -44.518  -63.912  -29.085 0.1000000015
11506  -44.190  -64.673  -29.199 0.1000000015
11505  -43.341  -64.648  -29.445 0.1000000015
11487  -45.926  -65.285  -28.411 0.1000000015
13357  -48.807  -63.072  -27.390 0.2000000030
10623  -47.643  -66.452  -27.903 0.1000000015
9741  -46.677  -67.701  -28.678 0.1000000015
9729  -47.661  -66.742  -28.588 0.2000000030
8842  -46.145  -68.133  -28.725 0.1000000015
117454  -48.351  -64.566  -27.578 0.2000000030
10613  -48.103  -66.035  -27.738 0.2000000030
8843  -46.779  -67.845  -28.865 0.2000000030
121753  -48.532  -65.854  -28.538 0.1000000015
9758  -45.763  -68.283  -29.306 0.1000000015
10645  -47.823  -66.785  -28.974 0.2000000030
10646  -48.372  -66.149  -28.748 0.1000000015
11480  -48.813  -64.929  -28.125 0.1000000015
9760  -46.721  -67.258  -29.278 0.1000000015
111592  -47.122  -66.796  -29.208 0.1000000015
14281  -49.943  -62.028  -27.533 0.2000000030
13358  -49.573  -63.047  -27.804 0.2000000030
10625  -48.903  -65.370  -28.590 0.1000000015
11508  -48.092  -65.729  -29.247 0.1000000015
12397  -49.154  -63.992  -28.272 0.1000000015
10626  -49.237  -65.115  -28.915 0.1000000015
13359  -50.142  -62.295  -27.906 0.2000000030
13368  -49.682  -63.163  -28.190 0.2000000030
114467  -49.124  -64.891  -29.294 0.1000000015
12406  -49.254  -63.925  -28.517 0.1000000015
14282  -50.304  -61.250  -27.732 0.2000000030
11523  -47.603  -64.438  -30.121 0.1000000015
11479  -48.233  -65.355  -27.611 0.1000000015
15994  -49.044  -60.196  -21.916 0.1000000015
13254  -52.600  -62.635  -16.322 0.2000000030
12303  -50.673  -63.683  -17.926 0.1000000015
15016  -51.240  -60.126  -9.665 0.1000000015
127325  -50.902  -63.452  -14.083 0.1000000015
12265  -50.793  -63.857  -14.690 0.1000000015
14121  -52.222  -61.086  -10.562 0.1000000015
12249  -51.519  -63.359  -14.166 0.1000000015
15031  -50.524  -60.313  -10.506 0.2000000030
13202  -50.030  -62.854  -13.780 0.1000000015
15903  -50.570  -59.342  -9.576 0.2000000030
15032  -51.944  -60.583  -9.674 0.1000000015
14120  -51.457  -60.796  -10.600 0.1000000015
14143  -50.951  -62.061  -11.920 0.1000000015
13190  -50.966  -62.868  -12.624 0.1000000015
13203  -50.657  -63.126  -13.557 0.1000000015
14231  -51.843  -61.542  -21.358 0.2000000030
13263  -51.457  -63.058  -17.725 0.1000000015
120339  -51.349  -63.245  -13.443 0.1000000015
13191  -51.572  -62.438  -12.125 0.1000000015
15902  -49.945  -58.559  -9.347 0.2000000030
109650  -51.766  -63.058  -16.595 0.1000000015
13237  -50.001  -63.975  -14.874 0.1000000015
13220  -50.352  -63.511  -14.283 0.1000000015
14133  -51.599  -61.611  -11.426 0.1000000015
14132  -50.845  -61.227  -11.362 0.1000000015
15104  -51.229  -61.291  -21.688 0.1000000015
19462  -48.338  -55.999  -10.261 0.1000000015
18561  -47.810  -56.694  -9.614 0.1000000015
18548  -48.250  -57.259  -9.234 0.1000000015
16793  -47.955  -57.898  -9.364 0.1000000015
18562  -48.572  -56.841  -9.494 0.1000000015
18549  -48.880  -57.098  -8.410 0.1000000015
18560  -47.007  -56.653  -9.517 0.1000000015
18546  -46.679  -56.924  -8.393 0.1000000015
17686  -46.861  -56.924  -8.817 0.1000000015
16791  -46.345  -57.479  -9.035 0.1000000015
18547  -47.292  -57.033  -9.182 0.1000000015
17687  -47.753  -57.213  -9.281 0.1000000015
16792  -47.149  -57.488  -9.441 0.1000000015
16802  -46.528  -58.105  -10.052 0.1000000015
19461  -47.472  -55.915  -10.322 0.1000000015
17684  -45.033  -57.262  -8.476 0.1000000015
19452  -46.293  -56.432  -9.161 0.1000000015
18545  -45.947  -56.795  -8.448 0.1000000015
17685  -46.060  -56.958  -8.397 0.1000000015
121421  -44.946  -57.958  -9.713 0.1000000015
20417  -47.152  -55.121  -10.953 0.1000000015
20423  -47.723  -54.424  -11.449 0.1000000015
17679  -45.278  -56.901  -8.336 0.1000000015
19451  -45.554  -56.051  -9.171 0.1000000015
19459  -45.873  -55.610  -10.052 0.1000000015
20424  -48.590  -54.609  -11.586 0.1000000015
25020  -56.912  -49.216  -15.893 0.1000000015
26933  -56.715  -48.240  -16.775 0.1000000015
20416  -46.287  -54.906  -10.759 0.1000000015
20434  -48.231  -53.852  -12.028 0.1000000015
25011  -53.726  -49.486  -14.601 0.1000000015
25022  -58.344  -50.286  -16.716 0.1000000015
25036  -58.104  -49.380  -16.955 0.1000000015
25965  -54.483  -48.745  -15.163 0.1000000015
26935  -56.296  -47.709  -16.833 0.1000000015
25981  -57.258  -48.887  -17.021 0.1000000015
17678  -44.644  -57.142  -8.072 0.1000000015
17688  -48.665  -57.269  -8.780 0.1000000015
25975  -57.308  -48.906  -16.698 0.1000000015
113647  -47.248  -58.151  -9.971 0.1000000015
19460  -46.652  -55.818  -10.226 0.1000000015
25974  -56.389  -48.090  -16.174 0.1000000015
26940  -56.598  -48.293  -17.264 0.1000000015
19565  -45.627  -55.704  -20.838 0.1000000015
19575  -44.679  -55.522  -21.130 0.1000000015
19564  -44.822  -55.815  -20.471 0.1000000015
13305  -47.666  -62.721  -21.452 0.1000000015
14227  -47.386  -61.832  -21.642 0.1000000015
15101  -47.865  -60.982  -21.612 0.1000000015
12362  -47.009  -64.210  -21.860 0.1000000015
13304  -46.828  -62.641  -21.897 0.1000000015
14226  -46.635  -61.827  -22.072 0.1000000015
14228  -48.495  -61.897  -21.496 0.1000000015
109197  -46.735  -64.579  -22.533 0.1000000015
12344  -47.655  -63.525  -21.222 0.1000000015
13306  -48.633  -62.856  -21.364 0.1000000015
113766  -46.419  -64.543  -23.347 0.1000000015
10563  -46.605  -66.162  -23.082 0.1000000015
11423  -47.284  -64.477  -21.355 0.1000000015
10574  -45.780  -66.510  -23.441 0.1000000015
10564  -46.792  -65.747  -22.537 0.1000000015
13179  -40.559  -63.176  -11.220 0.1000000015
12230  -40.463  -63.349  -12.181 0.1000000015
14159  -40.041  -61.663  -14.148 0.1000000015
14173  -39.998  -61.218  -15.120 0.1000000015
14174  -41.016  -61.235  -15.534 0.1000000015
14193  -41.524  -61.482  -17.300 0.1000000015
14229  -49.555  -61.584  -21.721 0.1000000015
14192  -40.734  -61.423  -16.923 0.1000000015
14194  -42.263  -61.667  -17.616 0.1000000015
11449  -45.990  -65.525  -23.727 0.1000000015
10573  -45.098  -66.682  -23.421 0.1000000015
15993  -48.246  -60.186  -21.897 0.1000000015
14217  -41.018  -61.966  -18.722 0.1000000015
13293  -42.507  -62.654  -20.669 0.1000000015
12342  -43.133  -63.988  -22.312 0.1000000015
11434  -44.124  -65.742  -23.819 0.1000000015
10562  -44.744  -66.551  -23.176 0.1000000015
9687  -45.296  -66.959  -22.839 0.1000000015
9689  -46.159  -66.863  -22.884 0.1000000015
13278  -40.157  -62.136  -18.924 0.1000000015
12341  -42.465  -63.442  -22.410 0.1000000015
112663  -44.270  -65.582  -22.831 0.1000000015
10553  -44.984  -66.126  -22.155 0.1000000015
12237  -40.176  -63.563  -13.004 0.1000000015
111177  -39.913  -62.906  -13.015 0.1000000015
13214  -40.688  -62.525  -13.979 0.1000000015
12345  -48.542  -63.313  -20.929 0.1000000015
12346  -49.511  -62.823  -21.130 0.1000000015
113835  -49.380  -62.325  -21.527 0.1000000015
14160  -40.890  -61.621  -14.705 0.1000000015
14183  -41.243  -61.389  -16.423 0.1000000015
14175  -41.563  -61.642  -15.987 0.1000000015
15102  -48.805  -60.911  -21.644 0.1000000015
13294  -43.190  -63.117  -20.335 0.1000000015
12328  -43.344  -63.870  -21.170 0.1000000015
11421  -43.882  -64.573  -22.102 0.1000000015
9680  -45.719  -67.190  -22.564 0.1000000015
117850  -43.705  -63.891  -20.310 0.1000000015
11406  -43.953  -64.548  -20.824 0.1000000015
11422  -44.512  -65.224  -21.577 0.1000000015
9679  -45.411  -66.894  -22.416 0.1000000015
12238  -41.065  -64.009  -12.789 0.1000000015
11322  -41.044  -64.093  -13.458 0.1000000015
11323  -41.448  -64.920  -13.183 0.1000000015
10468  -41.652  -65.941  -12.837 0.1000000015
12246  -40.525  -63.465  -13.369 0.1000000015
123165  -41.180  -63.576  -14.172 0.1000000015
13307  -50.527  -62.438  -21.146 0.1000000015
13215  -41.334  -62.502  -14.687 0.1000000015
10554  -46.925  -65.475  -21.717 0.1000000015
14230  -50.312  -62.026  -21.661 0.1000000015
120847  -41.321  -61.718  -15.246 0.1000000015
13246  -42.118  -62.299  -16.387 0.1000000015
13262  -42.669  -62.189  -17.968 0.1000000015
13280  -43.173  -62.904  -19.386 0.1000000015
13279  -42.673  -62.438  -18.890 0.1000000015
12318  -43.425  -63.453  -18.912 0.1000000015
11407  -44.606  -65.204  -20.410 0.1000000015
10544  -45.034  -65.887  -20.950 0.1000000015
12322  -43.636  -63.627  -19.578 0.1000000015
11399  -44.253  -64.564  -19.661 0.1000000015
10475  -41.952  -65.996  -13.625 0.1000000015
12329  -47.766  -63.663  -20.591 0.1000000015
116194  -41.620  -65.610  -14.291 0.1000000015
9615  -42.541  -66.461  -13.152 0.1000000015
10545  -47.029  -65.612  -20.759 0.1000000015
11408  -47.438  -64.647  -20.684 0.1000000015
12330  -48.982  -63.394  -20.357 0.1000000015
12256  -41.159  -64.633  -14.577 0.1000000015
11329  -41.496  -64.954  -13.955 0.1000000015
9682  -46.642  -66.485  -22.411 0.1000000015
12261  -41.561  -63.784  -14.999 0.1000000015
9672  -45.496  -66.739  -21.378 0.1000000015
9681  -46.206  -67.407  -22.311 0.1000000015
13230  -41.663  -62.463  -15.545 0.1000000015
11400  -44.531  -65.740  -19.341 0.1000000015
12297  -42.858  -63.015  -17.565 0.1000000015
106395  -43.948  -64.274  -18.723 0.1000000015
10482  -41.507  -65.844  -14.600 0.1000000015
112688  -46.733  -66.285  -21.596 0.1000000015
108488  -51.185  -61.902  -21.529 0.1000000015
9662  -45.227  -66.737  -20.196 0.1000000015
110244  -45.977  -68.128  -21.000 0.1000000015
115688  -44.112  -64.961  -17.764 0.1000000015
12272  -41.834  -63.510  -16.031 0.1000000015
12273  -42.470  -63.162  -16.743 0.1000000015
11381  -42.965  -64.219  -16.899 0.1000000015
9664  -46.811  -66.825  -20.780 0.1000000015
10539  -47.588  -64.968  -18.924 0.1000000015
8782  -46.222  -68.234  -20.697 0.1000000015
11335  -41.032  -65.412  -14.691 0.1000000015
10537  -44.819  -66.689  -19.137 0.1000000015
9663  -45.659  -67.671  -20.632 0.1000000015
9654  -45.717  -68.327  -19.875 0.1000000015
11341  -40.951  -65.261  -15.140 0.1000000015
11392  -44.356  -65.282  -18.502 0.1000000015
10528  -44.388  -66.458  -18.337 0.1000000015
11358  -41.558  -64.780  -15.653 0.1000000015
11382  -43.327  -65.537  -17.085 0.1000000015
10527  -43.866  -66.232  -17.576 0.1000000015
109457  -47.410  -65.961  -19.814 0.1000000015
7919  -45.567  -68.684  -18.957 0.1000000015
7921  -46.319  -68.451  -19.851 0.1000000015
115426  -41.107  -65.867  -15.066 0.1000000015
9642  -44.147  -67.631  -17.332 0.1000000015
8774  -45.061  -68.404  -18.488 0.1000000015
9648  -44.602  -67.568  -18.213 0.1000000015
11359  -42.176  -64.411  -16.283 0.1000000015
10538  -47.594  -65.924  -18.793 0.1000000015
9649  -47.106  -67.259  -18.792 0.1000000015
8766  -45.047  -68.639  -17.997 0.1000000015
7914  -46.042  -68.677  -18.723 0.1000000015
10518  -42.960  -66.962  -17.164 0.1000000015
10508  -41.957  -65.416  -15.913 0.1000000015
10530  -48.025  -65.295  -18.131 0.1000000015
10491  -41.537  -65.668  -15.392 0.1000000015
9614  -41.999  -66.552  -12.874 0.1000000015
9611  -43.926  -66.222  -12.210 0.1000000015
10470  -43.827  -65.756  -12.719 0.1000000015
10469  -43.400  -66.271  -12.984 0.1000000015
9610  -43.187  -66.584  -12.338 0.1000000015
13199  -40.042  -62.314  -13.420 0.1000000015
14184  -42.002  -61.597  -16.793 0.1000000015
14211  -41.733  -61.612  -18.151 0.1000000015
14219  -42.281  -62.244  -19.331 0.1000000015
13287  -41.713  -62.169  -19.902 0.1000000015
13288  -42.759  -62.531  -19.804 0.1000000015
12327  -42.823  -63.202  -21.427 0.1000000015
11447  -44.253  -65.673  -24.423 0.1000000015
8793  -45.879  -67.657  -21.979 0.1000000015
12247  -41.242  -64.341  -14.065 0.1000000015
8794  -46.174  -67.919  -21.608 0.1000000015
9655  -47.167  -67.056  -19.694 0.1000000015
9653  -45.236  -67.708  -19.241 0.1000000015
10519  -43.744  -67.138  -17.423 0.1000000015
5324  -35.509  -72.508  -33.500 0.1000000015
5325  -36.010  -72.936  -32.876 0.1000000015
8895  -33.852  -67.330  -34.975 0.1000000015
8072  -34.156  -68.961  -34.853 0.1000000015
118833  -34.498  -68.686  -34.356 0.1000000015
8054  -34.763  -68.934  -33.819 0.1000000015
6608  -35.004  -71.583  -34.591 0.1000000015
9810  -33.632  -66.747  -35.557 0.1000000015
9835  -33.532  -66.572  -37.252 0.1000000015
9836  -34.273  -66.395  -37.505 0.1000000015
5972  -36.186  -72.384  -32.761 0.1000000015
5313  -36.994  -72.975  -32.319 0.1000000015
4663  -36.729  -73.708  -31.830 0.1000000015
5960  -36.217  -71.368  -32.376 0.1000000015
7303  -34.686  -70.034  -34.209 0.1000000015
121404  -34.899  -70.719  -33.754 0.1000000015
5971  -35.384  -71.654  -33.376 0.1000000015
4682  -36.334  -73.672  -32.718 0.1000000015
8896  -34.454  -67.182  -34.513 0.1000000015
120659  -34.816  -70.915  -34.725 0.1000000015
7313  -34.697  -70.562  -34.975 0.1000000015
9795  -34.161  -66.738  -34.961 0.1000000015
9824  -34.144  -66.317  -36.113 0.1000000015
10717  -34.783  -66.070  -36.881 0.1000000015
108382  -35.159  -66.377  -37.664 0.1000000015
7993  -37.735  -68.359  -29.532 0.1000000015
5929  -37.783  -71.319  -28.869 0.1000000015
7994  -38.742  -68.802  -29.234 0.1000000015
115770  -37.828  -72.641  -31.503 0.1000000015
4651  -38.092  -73.337  -30.736 0.1000000015
4035  -37.405  -73.464  -30.654 0.1000000015
122349  -37.743  -73.038  -28.953 0.1000000015
5928  -37.504  -72.268  -29.000 0.1000000015
5961  -37.179  -72.057  -32.127 0.1000000015
4633  -37.515  -73.269  -29.578 0.1000000015
118359  -37.197  -71.064  -31.703 0.1000000015
4650  -37.047  -73.689  -31.052 0.1000000015
7293  -35.236  -69.406  -33.102 0.1000000015
6601  -35.598  -70.545  -32.756 0.1000000015
9811  -34.355  -66.316  -35.273 0.1000000015
8836  -39.125  -67.876  -29.429 0.1000000015
118037  -37.858  -70.297  -28.975 0.1000000015
8854  -38.426  -67.305  -29.792 0.1000000015
4634  -38.169  -73.321  -29.376 0.1000000015
5276  -38.698  -72.834  -28.905 0.1000000015
5275  -38.502  -72.290  -28.545 0.1000000015
5292  -38.911  -73.241  -30.370 0.1000000015
5302  -38.549  -73.076  -30.972 0.1000000015
8036  -35.454  -68.199  -33.326 0.1000000015
8879  -35.481  -67.345  -33.641 0.1000000015
9796  -34.763  -66.378  -34.583 0.1000000015
10689  -34.938  -65.839  -35.039 0.1000000015
6592  -36.633  -70.393  -32.160 0.1000000015
7245  -37.236  -69.639  -29.387 0.1000000015
7246  -38.706  -70.009  -28.913 0.1000000015
7282  -36.433  -69.413  -32.337 0.1000000015
113201  -37.157  -70.386  -29.419 0.1000000015
5948  -38.631  -72.160  -31.138 0.1000000015
6575  -38.052  -70.954  -31.192 0.1000000015
113732  -36.919  -68.784  -29.566 0.1000000015
7266  -38.249  -69.960  -31.496 0.1000000015
116283  -39.349  -69.691  -31.590 0.1000000015
7267  -40.574  -69.236  -31.977 0.1000000015
6552  -38.782  -71.243  -28.414 0.1000000015
5284  -39.551  -72.621  -28.994 0.1000000015
5293  -39.482  -72.866  -29.847 0.1000000015
124238  -38.765  -71.336  -31.079 0.1000000015
5938  -39.935  -72.265  -30.087 0.1000000015
6576  -38.922  -70.736  -31.137 0.1000000015
6577  -40.213  -70.480  -31.218 0.1000000015
5294  -40.219  -72.474  -29.041 0.1000000015
114745  -39.482  -72.035  -28.161 0.1000000015
5278  -40.430  -72.284  -28.305 0.1000000015
5939  -40.661  -71.904  -29.369 0.1000000015
5303  -39.229  -72.779  -30.591 0.1000000015
126640  -39.464  -71.664  -30.815 0.1000000015
4002  -36.902  -73.405  -30.315 0.1000000015
4003  -37.604  -73.444  -30.054 0.1000000015
4635  -38.891  -73.157  -29.610 0.1000000015
4643  -38.352  -73.448  -30.099 0.1000000015
4664  -37.564  -73.242  -31.340 0.1000000015
5277  -39.548  -72.403  -28.408 0.1000000015
5301  -37.780  -71.707  -31.444 0.1000000015
7244  -36.527  -69.586  -29.659 0.1000000015
7911  -45.398  -68.688  -18.460 0.1000000015
7915  -46.338  -68.498  -19.277 0.1000000015
7920  -46.038  -68.669  -19.314 0.1000000015
7928  -45.876  -68.521  -19.771 0.1000000015
8035  -34.835  -67.883  -34.004 0.1000000015
8052  -33.715  -68.034  -34.960 0.1000000015
8053  -34.232  -67.983  -34.562 0.1000000015
8767  -45.801  -68.545  -17.972 0.1000000015
8768  -46.521  -68.031  -18.299 0.1000000015
8770  -44.759  -68.359  -17.970 0.1000000015
8771  -45.212  -68.611  -18.444 0.1000000015
8772  -46.587  -68.198  -18.920 0.1000000015
8775  -45.513  -68.549  -19.041 0.1000000015
8776  -46.753  -68.015  -19.506 0.1000000015
8783  -46.701  -67.937  -20.357 0.1000000015
8795  -46.440  -67.805  -21.162 0.1000000015
8897  -34.974  -67.021  -34.089 0.1000000015
9673  -45.729  -67.497  -21.737 0.1000000015
9674  -46.521  -67.270  -21.797 0.1000000015
9688  -45.524  -66.939  -23.048 0.1000000015
9728  -47.050  -67.020  -28.554 0.1000000015
9742  -47.065  -67.280  -28.776 0.2000000030
9759  -46.281  -67.718  -29.379 0.1000000015
9841  -45.183  -66.568  -37.324 0.1000000015
10614  -48.467  -65.772  -28.082 0.2000000030
10624  -48.189  -66.289  -28.185 0.1000000015
10647  -48.970  -65.526  -28.923 0.1000000015
10695  -42.862  -65.488  -35.381 0.1000000015
10721  -43.541  -66.413  -36.837 0.1000000015
11435  -46.726  -65.376  -22.930 0.1000000015
11436  -46.906  -65.072  -22.159 0.1000000015
11489  -49.193  -64.779  -28.632 0.1000000015
11507  -45.108  -64.942  -29.086 0.1000000015
11509  -48.681  -65.310  -29.288 0.1000000015
11561  -47.867  -64.367  -34.334 0.1000000015
11566  -44.128  -63.995  -35.073 0.1000000015
11583  -43.703  -65.227  -35.642 0.1000000015
12250  -52.204  -63.178  -13.594 0.1000000015
12258  -52.369  -63.198  -14.271 0.2000000030
12298  -43.262  -64.052  -17.999 0.1000000015
12317  -43.032  -62.895  -18.515 0.1000000015
12343  -47.076  -63.398  -21.710 0.1000000015
12396  -48.836  -63.924  -27.793 0.2000000030
12461  -43.160  -63.312  -34.528 0.1000000015
12464  -49.724  -62.933  -34.119 0.1000000015
12469  -42.868  -62.792  -34.566 0.1000000015
12471  -43.667  -64.030  -34.573 0.1000000015
12472  -47.475  -63.931  -34.597 0.1000000015
12476  -43.422  -63.158  -34.947 0.1000000015
13181  -52.081  -62.133  -11.823 0.2000000030
13194  -53.521  -61.937  -12.818 0.3000000119
13204  -51.892  -63.057  -12.823 0.1000000015
13247  -42.582  -62.127  -17.137 0.1000000015
13295  -50.671  -62.719  -20.579 0.1000000015
13308  -51.446  -62.145  -21.139 0.1000000015
13322  -46.233  -62.393  -22.556 0.1000000015
13356  -47.924  -62.856  -27.180 0.1000000015
13424  -49.335  -62.191  -33.719 0.1000000015
13449  -46.665  -62.363  -36.572 0.1000000015
14106  -53.103  -60.564  -9.170 0.2000000030
14212  -42.284  -61.950  -18.408 0.1000000015
14218  -41.670  -62.081  -18.991 0.1000000015
14222  -42.279  -62.306  -20.110 0.1000000015
14272  -48.151  -61.439  -26.796 0.2000000030
14311  -50.581  -60.688  -30.443 0.1000000015
14317  -46.207  -61.374  -31.829 0.1000000015
15005  -54.288  -60.068  -8.670 0.2000000030
15018  -54.585  -60.369  -9.257 0.2000000030
15034  -54.555  -60.451  -10.366 0.2000000030
15035  -55.157  -60.092  -10.417 0.2000000030
15174  -50.884  -60.765  -27.910 0.3000000119
15187  -51.521  -59.524  -29.256 0.2000000030
15200  -50.241  -60.428  -31.290 0.1000000015
15202  -51.163  -59.105  -30.269 0.1000000015
15292  -43.429  -60.775  -38.931 0.1000000015
15892  -55.374  -59.464  -8.830 0.2000000030
15918  -55.571  -59.555  -9.993 0.2000000030
15929  -55.421  -59.302  -10.614 0.2000000030
15990  -53.625  -58.772  -19.776 0.5000000000
16038  -46.551  -59.153  -25.394 0.1000000015
16141  -47.210  -59.390  -36.770 0.1000000015
16784  -54.163  -58.685  -8.388 0.2000000030
16796  -50.432  -58.323  -9.006 0.3000000119
16852  -47.409  -58.771  -16.759 0.4000000060
16859  -46.513  -58.076  -17.881 0.5000000000
16860  -47.154  -58.694  -17.840 0.5000000000
16890  -53.448  -58.109  -20.362 0.5000000000
16947  -52.933  -57.791  -26.837 0.4000000060
16955  -52.468  -57.793  -28.148 0.4000000060
16971  -51.524  -58.105  -29.745 0.2000000030
16990  -50.058  -58.895  -30.525 0.1000000015
17018  -45.453  -58.422  -33.978 0.1000000015
17054  -47.505  -58.597  -35.996 0.1000000015
17682  -54.921  -58.080  -8.633 0.3000000119
17693  -56.837  -57.334  -9.926 0.3000000119
17695  -56.774  -57.318  -10.258 0.3000000119
17728  -45.530  -57.163  -14.620 0.3000000119
17738  -45.385  -57.542  -15.519 0.4000000060
17759  -46.555  -57.542  -18.667 0.4000000060
17780  -52.902  -57.055  -20.015 0.5000000000
17781  -53.186  -57.351  -20.051 0.5000000000
17784  -53.925  -57.247  -20.754 0.5000000000
17786  -53.838  -57.082  -21.878 0.3000000119
17787  -54.161  -57.097  -21.294 0.5000000000
17810  -50.167  -57.611  -23.603 0.3000000119
17827  -53.591  -56.140  -26.683 0.4000000060
17837  -48.959  -57.021  -28.722 0.1000000015
18555  -56.420  -56.788  -9.604 0.3000000119
18556  -56.813  -56.926  -9.905 0.3000000119
18664  -49.432  -56.215  -20.730 0.4000000060
18668  -53.891  -56.182  -20.304 0.5000000000
18669  -54.074  -56.567  -20.757 0.5000000000
18671  -53.405  -56.538  -22.211 0.4000000060
18703  -54.958  -54.879  -25.759 0.4000000060
18709  -52.949  -55.532  -26.942 0.4000000060
18710  -53.744  -55.164  -26.707 0.4000000060
18724  -53.938  -55.438  -26.520 0.4000000060
18793  -44.178  -56.695  -32.304 0.1000000015
19554  -44.432  -55.909  -19.831 0.1000000015
19577  -48.067  -55.230  -21.665 0.3000000119
19583  -54.051  -56.237  -20.623 0.5000000000
19597  -49.882  -55.245  -22.654 0.4000000060
19638  -49.562  -54.894  -25.403 0.3000000119
19642  -54.865  -54.779  -25.848 0.4000000060
19653  -54.476  -54.946  -26.274 0.4000000060
19700  -43.007  -55.345  -31.309 0.1000000015
20445  -51.845  -54.828  -14.342 0.4000000060
20557  -54.467  -54.694  -25.598 0.4000000060
21427  -47.644  -53.766  -14.668 0.2000000030
22372  -48.553  -52.267  -14.979 0.2000000030
23293  -58.237  -51.072  -16.591 0.2000000030
23451  -50.722  -51.912  -32.333 0.1000000015
24148  -45.581  -50.593  -16.221 0.1000000015
24326  -52.305  -50.242  -32.114 0.1000000015
26129  -45.544  -48.676  -29.502 0.1000000015
26151  -49.032  -48.456  -31.474 0.1000000015
32590  -46.931  -41.637  -28.563 0.1000000015
103464  -42.323  -64.413  -36.189 0.1000000015
106105  -33.979  -66.293  -36.842 0.1000000015
106744  -46.587  -54.917  -24.818 0.1000000015
106908  -50.393  -61.316  -21.906 0.1000000015
107734  -51.191  -59.263  -9.049 0.2000000030
107735  -50.402  -54.522  -23.642 0.4000000060
107911  -53.101  -62.916  -15.714 0.2000000030
108243  -41.700  -65.516  -13.598 0.1000000015
110311  -37.837  -69.291  -29.290 0.1000000015
110394  -43.550  -54.630  -31.487 0.1000000015
113937  -47.454  -50.848  -12.339 0.1000000015
116005  -52.345  -58.645  -8.240 0.2000000030
116351  -56.278  -58.260  -9.398 0.3000000119
117998  -38.336  -67.952  -29.539 0.1000000015
118391  -43.379  -55.764  -18.146 0.1000000015
118908  -52.750  -57.571  -19.559 0.6000000238
120036  -46.544  -63.812  -35.735 0.1000000015
121337  -44.708  -66.048  -19.992 0.1000000015
121626  -43.258  -65.494  -37.700 0.1000000015
122110  -53.740  -56.104  -26.454 0.4000000060
122228  -43.738  -66.425  -37.208 0.1000000015
122381  -50.643  -56.647  -9.668 0.3000000119
123163  -44.640  -66.177  -23.834 0.1000000015
123321  -53.283  -54.889  -24.373 0.4000000060
123483  -45.601  -67.187  -22.322 0.1000000015
123924  -48.640  -41.938  -30.407 0.1000000015
123927  -47.721  -45.119  -31.172 0.1000000015
124612  -50.911  -60.735  -29.753 0.2000000030
124733  -42.728  -64.701  -29.679 0.1000000015
124793  -48.717  -57.662  -19.519 0.5000000000
125039  -50.841  -60.521  -27.181 0.3000000119
125499  -47.565  -56.721  -36.663 0.1000000015
125543  -52.097  -56.230  -19.835 0.6000000238
126028  -52.585  -57.684  -8.184 0.3000000119
126385  -45.774  -62.547  -27.878 0.2000000030
126493  -43.946  -59.645  -31.567 0.1000000015
126644  -53.335  -56.158  -19.914 0.5000000000
126651  -43.012  -62.819  -34.707 0.1000000015
126719  -53.920  -58.666  -18.822 0.5000000000
126733  -51.418  -63.434  -16.137 0.2000000030
