#!ascii label  , from subject 001 vox2ras=TkReg
476
18697  -53.332  -55.896  -24.851 0.0000000000
17834  -45.907  -56.835  -28.756 0.0000000000
17776  -48.493  -57.002  -19.762 0.0000000000
18707  -50.585  -55.762  -26.868 0.0000000000
111894  -45.248  -55.514  -21.650 0.0000000000
117091  -53.979  -58.764  -18.620 0.0000000000
16827  -49.553  -58.204  -13.889 0.0000000000
19483  -54.648  -55.345  -12.644 0.0000000000
17745  -45.519  -57.510  -17.046 0.0000000000
18661  -47.201  -56.355  -20.602 0.0000000000
19539  -44.060  -56.207  -18.287 0.0000000000
15963  -51.372  -59.112  -16.036 0.0000000000
15939  -52.509  -59.093  -13.134 0.0000000000
21434  -55.333  -53.538  -14.569 0.0000000000
126314  -52.745  -54.178  -14.648 0.0000000000
16053  -52.077  -59.409  -26.999 0.0000000000
18738  -48.166  -56.677  -28.012 0.0000000000
16087  -49.970  -59.431  -31.282 0.0000000000
15198  -47.631  -60.272  -31.192 0.0000000000
114895  -51.598  -55.819  -22.197 0.0000000000
20562  -54.167  -54.797  -26.284 0.0000000000
106442  -47.308  -54.732  -24.053 0.0000000000
19634  -45.855  -54.956  -25.500 0.0000000000
17779  -51.988  -57.166  -19.875 0.0000000000
16853  -48.884  -58.920  -17.068 0.0000000000
17729  -46.489  -57.694  -14.330 0.0000000000
16812  -54.409  -58.828  -11.149 0.0000000000
18578  -52.030  -56.769  -12.758 0.0000000000
19508  -49.346  -55.116  -13.784 0.0000000000
124301  -47.737  -53.115  -14.866 0.0000000000
16070  -51.771  -58.452  -29.740 0.0000000000
20572  -42.008  -54.072  -27.219 0.0000000000
17850  -43.842  -57.308  -29.491 0.0000000000
108327  -44.482  -58.874  -33.095 0.0000000000
19531  -44.978  -56.270  -16.203 0.0000000000
18637  -44.608  -56.573  -17.924 0.0000000000
16941  -52.792  -57.575  -26.134 0.0000000000
17835  -46.900  -56.728  -28.826 0.0000000000
16968  -48.062  -57.834  -30.104 0.0000000000
16987  -46.612  -58.714  -30.342 0.0000000000
15197  -46.130  -60.085  -30.956 0.0000000000
16986  -45.663  -58.760  -30.521 0.0000000000
18665  -50.507  -56.254  -20.609 0.0000000000
19569  -48.924  -55.777  -21.199 0.0000000000
19576  -46.248  -55.542  -21.596 0.0000000000
120390  -47.547  -54.960  -22.150 0.0000000000
19594  -46.702  -55.104  -22.526 0.0000000000
19636  -46.762  -55.138  -25.601 0.0000000000
108345  -45.912  -55.153  -24.221 0.0000000000
18660  -53.724  -56.159  -20.129 0.0000000000
16882  -53.221  -58.238  -18.498 0.0000000000
16849  -50.454  -58.846  -15.320 0.0000000000
16854  -49.679  -58.908  -16.537 0.0000000000
107483  -48.829  -58.526  -14.876 0.0000000000
16846  -47.532  -58.622  -15.582 0.0000000000
17730  -47.877  -57.911  -14.103 0.0000000000
18569  -55.100  -56.973  -11.669 0.0000000000
17708  -53.299  -57.539  -12.055 0.0000000000
106635  -53.631  -55.923  -12.522 0.0000000000
105679  -51.441  -53.808  -14.631 0.0000000000
20459  -51.377  -54.676  -14.318 0.0000000000
21430  -50.354  -53.281  -14.330 0.0000000000
105145  -48.749  -54.529  -13.826 0.0000000000
18708  -51.828  -55.814  -26.823 0.0000000000
17825  -52.417  -57.283  -27.797 0.0000000000
18741  -51.655  -57.118  -28.229 0.0000000000
14320  -49.714  -60.909  -31.422 0.0000000000
21560  -42.063  -53.316  -28.499 0.0000000000
19674  -42.860  -55.431  -28.117 0.0000000000
17894  -43.688  -57.331  -31.796 0.0000000000
17760  -47.411  -57.643  -19.145 0.0000000000
18662  -48.052  -56.319  -20.771 0.0000000000
18639  -46.199  -57.043  -19.054 0.0000000000
18652  -45.823  -56.558  -19.418 0.0000000000
19564  -44.822  -55.815  -20.471 0.0000000000
127284  -53.164  -59.004  -17.129 0.0000000000
15955  -52.316  -59.376  -14.733 0.0000000000
16828  -50.495  -58.617  -13.761 0.0000000000
20448  -55.356  -54.459  -13.546 0.0000000000
20447  -53.983  -54.493  -13.841 0.0000000000
112788  -53.577  -54.140  -14.442 0.0000000000
21445  -52.827  -52.891  -15.009 0.0000000000
22376  -52.182  -52.031  -15.266 0.0000000000
18739  -49.916  -56.754  -28.154 0.0000000000
17857  -50.971  -58.059  -29.314 0.0000000000
127146  -49.245  -57.404  -29.157 0.0000000000
16086  -49.312  -59.528  -31.151 0.0000000000
14318  -48.738  -61.289  -32.235 0.0000000000
118069  -47.374  -61.599  -31.965 0.0000000000
115070  -45.572  -61.578  -32.574 0.0000000000
14342  -44.756  -61.004  -33.347 0.0000000000
19619  -53.146  -55.490  -23.669 0.0000000000
18702  -55.014  -55.160  -25.125 0.0000000000
19639  -51.963  -54.361  -25.178 0.0000000000
105345  -50.683  -54.541  -25.361 0.0000000000
126726  -48.438  -55.206  -21.844 0.0000000000
106417  -49.211  -54.755  -23.700 0.0000000000
19650  -49.151  -55.418  -26.074 0.0000000000
19649  -48.142  -55.450  -26.171 0.0000000000
19664  -46.870  -55.223  -27.037 0.0000000000
18716  -45.869  -55.342  -27.715 0.0000000000
19582  -53.381  -56.235  -21.197 0.0000000000
18666  -52.251  -55.831  -19.939 0.0000000000
17778  -50.288  -57.602  -19.629 0.0000000000
125660  -51.487  -58.749  -17.573 0.0000000000
16880  -50.484  -58.469  -19.026 0.0000000000
16888  -48.653  -58.432  -19.003 0.0000000000
106312  -46.581  -58.568  -17.072 0.0000000000
16844  -45.668  -58.174  -15.559 0.0000000000
19504  -45.850  -55.534  -14.460 0.0000000000
16811  -53.364  -59.106  -11.671 0.0000000000
17707  -52.106  -58.221  -12.482 0.0000000000
17720  -50.477  -57.714  -13.182 0.0000000000
105992  -52.010  -55.111  -13.482 0.0000000000
19493  -50.512  -55.815  -13.716 0.0000000000
114899  -49.298  -56.969  -13.709 0.0000000000
18609  -47.990  -56.204  -13.862 0.0000000000
19505  -46.786  -55.352  -14.328 0.0000000000
17823  -53.294  -56.963  -26.860 0.0000000000
15175  -51.527  -60.072  -27.856 0.0000000000
16991  -50.763  -58.566  -30.195 0.0000000000
125626  -50.301  -61.166  -30.157 0.0000000000
19612  -44.796  -55.432  -24.104 0.0000000000
19645  -45.334  -55.353  -26.438 0.0000000000
18715  -45.001  -55.541  -27.729 0.0000000000
18733  -43.781  -56.468  -28.270 0.0000000000
17851  -44.507  -57.594  -29.336 0.0000000000
16985  -44.364  -58.717  -30.754 0.0000000000
15208  -43.859  -59.741  -31.989 0.0000000000
19522  -44.845  -55.459  -15.824 0.0000000000
19530  -44.470  -55.825  -16.688 0.0000000000
17819  -52.103  -57.148  -25.131 0.0000000000
16967  -47.057  -58.045  -29.861 0.0000000000
17853  -46.478  -57.478  -29.314 0.0000000000
16966  -46.052  -58.168  -29.890 0.0000000000
17852  -45.441  -57.628  -29.278 0.0000000000
18656  -49.006  -56.591  -20.321 0.0000000000
19570  -49.856  -56.032  -21.296 0.0000000000
18663  -48.703  -56.143  -20.798 0.0000000000
19593  -45.709  -55.599  -22.381 0.0000000000
19614  -45.928  -55.399  -23.332 0.0000000000
113135  -45.249  -55.604  -23.048 0.0000000000
15989  -53.735  -59.265  -19.521 0.0000000000
15986  -54.008  -58.872  -19.063 0.0000000000
17765  -53.576  -58.233  -19.160 0.0000000000
16883  -53.809  -58.500  -18.678 0.0000000000
16837  -49.687  -58.564  -14.531 0.0000000000
16848  -49.488  -58.635  -15.577 0.0000000000
109153  -48.097  -58.403  -14.822 0.0000000000
112891  -48.749  -58.281  -14.300 0.0000000000
20439  -57.237  -55.154  -12.781 0.0000000000
19485  -57.017  -55.644  -11.973 0.0000000000
19484  -56.038  -55.611  -12.346 0.0000000000
18581  -56.057  -56.262  -11.672 0.0000000000
105270  -54.883  -56.172  -12.205 0.0000000000
22363  -50.882  -52.596  -14.731 0.0000000000
21429  -49.373  -53.052  -14.281 0.0000000000
22362  -50.029  -52.502  -14.892 0.0000000000
18722  -52.150  -56.540  -27.340 0.0000000000
18721  -51.071  -56.380  -27.605 0.0000000000
18757  -42.666  -56.061  -30.070 0.0000000000
121683  -43.288  -56.789  -31.217 0.0000000000
18775  -42.918  -56.146  -31.259 0.0000000000
17746  -45.960  -57.422  -17.699 0.0000000000
17774  -47.071  -57.219  -19.479 0.0000000000
18626  -45.941  -56.996  -18.189 0.0000000000
18638  -45.437  -56.846  -18.504 0.0000000000
18651  -44.709  -56.532  -19.013 0.0000000000
19555  -45.315  -56.144  -19.987 0.0000000000
116337  -43.771  -56.054  -19.032 0.0000000000
15947  -51.356  -59.168  -14.120 0.0000000000
16829  -51.483  -58.873  -13.379 0.0000000000
20449  -56.793  -54.654  -13.240 0.0000000000
20461  -55.897  -54.009  -13.820 0.0000000000
20460  -54.727  -54.048  -14.207 0.0000000000
15165  -50.876  -60.526  -27.310 0.0000000000
119020  -49.067  -56.841  -27.811 0.0000000000
17855  -48.596  -57.267  -29.578 0.0000000000
16988  -47.623  -58.740  -30.299 0.0000000000
16989  -48.744  -58.729  -30.526 0.0000000000
16085  -48.191  -59.510  -30.769 0.0000000000
123081  -47.820  -60.973  -31.720 0.0000000000
15196  -44.875  -60.232  -31.137 0.0000000000
15210  -45.617  -60.750  -31.388 0.0000000000
120342  -45.287  -61.076  -31.843 0.0000000000
14316  -44.621  -60.812  -32.228 0.0000000000
19600  -52.835  -56.070  -22.465 0.0000000000
19627  -51.122  -54.327  -24.386 0.0000000000
19626  -49.988  -54.662  -24.490 0.0000000000
19568  -48.373  -55.714  -21.278 0.0000000000
19567  -47.645  -55.712  -21.227 0.0000000000
19616  -48.219  -54.830  -23.337 0.0000000000
19625  -48.232  -54.913  -24.318 0.0000000000
123012  -49.069  -54.870  -24.650 0.0000000000
19637  -48.408  -55.133  -25.329 0.0000000000
18706  -48.870  -55.957  -26.652 0.0000000000
19635  -46.184  -54.836  -25.575 0.0000000000
19648  -47.143  -55.352  -26.298 0.0000000000
19647  -46.400  -54.985  -26.335 0.0000000000
18717  -46.634  -55.458  -27.627 0.0000000000
19663  -46.197  -54.965  -27.067 0.0000000000
18659  -52.680  -56.399  -19.913 0.0000000000
18667  -53.262  -55.927  -19.922 0.0000000000
18658  -51.399  -56.320  -20.013 0.0000000000
109545  -50.997  -57.070  -19.734 0.0000000000
16856  -52.714  -58.895  -17.071 0.0000000000
16864  -52.350  -58.405  -17.759 0.0000000000
15973  -51.909  -59.009  -16.985 0.0000000000
16862  -49.675  -59.275  -17.556 0.0000000000
16879  -49.577  -59.064  -18.673 0.0000000000
16861  -48.694  -59.097  -18.078 0.0000000000
16878  -47.861  -58.339  -18.501 0.0000000000
106039  -48.040  -58.791  -17.427 0.0000000000
16845  -46.401  -58.496  -15.159 0.0000000000
17739  -45.665  -57.989  -14.823 0.0000000000
18606  -45.475  -56.310  -14.680 0.0000000000
18607  -46.339  -56.408  -14.173 0.0000000000
127330  -53.558  -58.337  -11.639 0.0000000000
18579  -52.942  -56.687  -12.465 0.0000000000
111522  -52.508  -57.516  -12.460 0.0000000000
114329  -51.801  -57.560  -12.640 0.0000000000
17706  -51.254  -58.042  -12.715 0.0000000000
18577  -51.140  -57.143  -12.822 0.0000000000
20446  -52.692  -54.626  -14.237 0.0000000000
19494  -53.341  -55.110  -13.174 0.0000000000
19509  -50.409  -55.034  -14.046 0.0000000000
19510  -51.196  -55.226  -13.858 0.0000000000
19492  -49.897  -55.700  -13.850 0.0000000000
18593  -49.904  -56.366  -13.747 0.0000000000
19491  -49.056  -56.050  -13.723 0.0000000000
18592  -48.593  -56.803  -13.728 0.0000000000
20456  -48.585  -53.784  -14.112 0.0000000000
105327  -47.942  -54.543  -14.207 0.0000000000
20455  -47.212  -54.575  -14.523 0.0000000000
113202  -47.036  -53.983  -14.886 0.0000000000
19641  -54.956  -54.833  -25.537 0.0000000000
17821  -54.286  -55.668  -25.955 0.0000000000
18711  -54.253  -55.407  -26.291 0.0000000000
16954  -52.212  -57.919  -28.869 0.0000000000
16950  -52.501  -58.273  -28.021 0.0000000000
16062  -51.952  -58.677  -28.683 0.0000000000
15186  -51.106  -60.662  -28.863 0.0000000000
16970  -50.503  -58.402  -29.952 0.0000000000
16088  -50.392  -59.256  -30.752 0.0000000000
13396  -49.480  -61.586  -30.812 0.0000000000
14310  -50.123  -61.050  -30.812 0.0000000000
19591  -44.612  -55.475  -23.236 0.0000000000
20541  -44.052  -55.271  -23.846 0.0000000000
19644  -44.680  -55.718  -26.090 0.0000000000
19662  -45.553  -55.126  -27.087 0.0000000000
19661  -44.576  -55.420  -27.030 0.0000000000
18748  -43.530  -56.750  -28.966 0.0000000000
18732  -43.271  -56.106  -28.561 0.0000000000
17832  -44.099  -57.031  -28.760 0.0000000000
17870  -44.172  -57.944  -30.141 0.0000000000
105344  -43.764  -58.198  -31.649 0.0000000000
17002  -43.955  -59.013  -31.628 0.0000000000
17007  -44.015  -58.844  -32.250 0.0000000000
18623  -45.247  -57.068  -16.466 0.0000000000
18625  -45.266  -57.003  -17.498 0.0000000000
18622  -44.765  -56.460  -17.074 0.0000000000
19535  -44.070  -55.923  -17.539 0.0000000000
21447  -55.016  -53.205  -15.202 0.0000000000
22379  -55.836  -52.826  -15.559 0.0000000000
16946  -52.316  -58.638  -26.719 0.0000000000
17836  -47.883  -56.707  -28.978 0.0000000000
17854  -47.487  -57.253  -29.504 0.0000000000
16084  -47.055  -59.441  -30.644 0.0000000000
122218  -46.139  -59.236  -30.708 0.0000000000
16083  -45.259  -59.512  -30.814 0.0000000000
117739  -51.069  -56.050  -21.186 0.0000000000
19580  -50.352  -55.690  -21.997 0.0000000000
19579  -49.334  -55.599  -21.837 0.0000000000
19566  -46.677  -55.716  -21.089 0.0000000000
118217  -47.177  -55.195  -21.623 0.0000000000
19615  -47.432  -54.845  -23.032 0.0000000000
19624  -47.388  -55.076  -24.949 0.0000000000
106443  -46.589  -54.845  -23.902 0.0000000000
105660  -46.149  -54.873  -24.902 0.0000000000
17764  -53.346  -57.965  -19.309 0.0000000000
17763  -52.234  -57.939  -18.837 0.0000000000
16855  -50.352  -58.874  -16.082 0.0000000000
125429  -48.973  -58.669  -16.224 0.0000000000
111203  -48.246  -58.685  -16.423 0.0000000000
16847  -48.524  -58.577  -15.583 0.0000000000
16836  -47.261  -58.265  -14.595 0.0000000000
124330  -47.246  -57.774  -14.202 0.0000000000
18570  -56.065  -56.948  -11.171 0.0000000000
17697  -54.210  -57.704  -11.520 0.0000000000
18580  -53.945  -56.787  -12.047 0.0000000000
19482  -52.465  -55.845  -12.801 0.0000000000
107987  -52.062  -54.488  -14.706 0.0000000000
20458  -50.697  -54.231  -14.257 0.0000000000
20457  -49.650  -54.141  -14.004 0.0000000000
21428  -48.392  -52.929  -14.577 0.0000000000
19652  -53.043  -54.982  -26.733 0.0000000000
18723  -53.052  -55.874  -27.055 0.0000000000
17840  -52.042  -57.907  -29.030 0.0000000000
16972  -51.998  -57.915  -29.605 0.0000000000
15213  -50.217  -59.856  -31.385 0.0000000000
106590  -42.264  -54.106  -28.759 0.0000000000
20583  -42.451  -54.801  -28.434 0.0000000000
19682  -42.834  -55.530  -29.107 0.0000000000
18747  -43.086  -56.244  -29.319 0.0000000000
111759  -43.289  -56.686  -29.950 0.0000000000
17869  -43.728  -57.430  -30.365 0.0000000000
17880  -43.581  -57.516  -31.094 0.0000000000
111508  -43.896  -58.011  -32.162 0.0000000000
17775  -47.882  -56.994  -19.550 0.0000000000
18655  -48.343  -56.596  -20.168 0.0000000000
18654  -47.659  -56.686  -19.953 0.0000000000
18653  -46.750  -56.736  -19.841 0.0000000000
19556  -46.285  -56.227  -20.324 0.0000000000
19565  -45.627  -55.704  -20.838 0.0000000000
19575  -44.679  -55.522  -21.130 0.0000000000
16866  -53.737  -58.766  -18.199 0.0000000000
15968  -52.504  -59.000  -16.302 0.0000000000
15965  -53.156  -59.229  -15.237 0.0000000000
15964  -52.328  -59.127  -15.543 0.0000000000
15954  -51.395  -59.126  -15.062 0.0000000000
16838  -50.637  -58.866  -14.526 0.0000000000
20438  -55.874  -55.000  -12.965 0.0000000000
20437  -54.566  -54.785  -13.113 0.0000000000
21433  -54.310  -53.657  -14.757 0.0000000000
21432  -53.278  -53.655  -14.805 0.0000000000
123588  -52.357  -53.762  -14.867 0.0000000000
21431  -51.812  -52.803  -14.876 0.0000000000
22375  -51.209  -52.025  -15.295 0.0000000000
119023  -50.474  -56.347  -27.727 0.0000000000
18740  -50.816  -56.867  -28.295 0.0000000000
17838  -50.134  -57.480  -28.762 0.0000000000
17856  -49.685  -57.941  -29.501 0.0000000000
118799  -49.609  -58.522  -30.271 0.0000000000
118517  -49.607  -59.017  -30.815 0.0000000000
15212  -48.769  -60.764  -31.658 0.0000000000
15211  -46.745  -60.862  -31.462 0.0000000000
14331  -46.954  -62.080  -32.390 0.0000000000
13422  -46.533  -62.393  -33.204 0.0000000000
115717  -45.498  -61.882  -33.523 0.0000000000
18695  -53.369  -55.781  -24.175 0.0000000000
18698  -54.071  -55.300  -24.748 0.0000000000
113791  -53.646  -55.256  -24.369 0.0000000000
19629  -54.537  -54.988  -24.914 0.0000000000
20553  -53.240  -54.783  -25.039 0.0000000000
19628  -52.232  -54.434  -24.343 0.0000000000
19640  -53.121  -54.654  -25.881 0.0000000000
19651  -51.556  -54.816  -26.230 0.0000000000
19578  -48.555  -55.412  -21.652 0.0000000000
19595  -48.232  -54.938  -22.339 0.0000000000
122541  -48.880  -54.799  -22.811 0.0000000000
116893  -50.147  -54.862  -26.345 0.0000000000
119017  -49.769  -55.451  -26.682 0.0000000000
18720  -49.629  -56.321  -27.282 0.0000000000
18719  -48.523  -56.379  -27.269 0.0000000000
116554  -47.501  -55.272  -25.683 0.0000000000
18705  -47.803  -55.658  -26.852 0.0000000000
18718  -47.460  -55.897  -27.476 0.0000000000
18737  -47.227  -56.283  -28.147 0.0000000000
18736  -46.335  -56.040  -28.228 0.0000000000
18682  -53.357  -56.193  -23.181 0.0000000000
19581  -52.243  -56.185  -21.430 0.0000000000
19572  -53.736  -56.085  -20.241 0.0000000000
108221  -52.899  -55.862  -20.404 0.0000000000
19571  -51.975  -56.036  -20.596 0.0000000000
125303  -51.470  -56.149  -20.402 0.0000000000
18657  -50.122  -56.704  -20.155 0.0000000000
17777  -49.308  -57.260  -19.868 0.0000000000
16865  -53.178  -58.738  -17.650 0.0000000000
16881  -51.475  -58.319  -18.360 0.0000000000
16863  -50.725  -59.190  -16.937 0.0000000000
106879  -50.606  -58.998  -18.033 0.0000000000
17762  -51.254  -57.786  -19.304 0.0000000000
16889  -49.475  -58.196  -19.425 0.0000000000
17761  -48.121  -57.579  -19.259 0.0000000000
16877  -47.034  -58.151  -18.521 0.0000000000
17742  -45.932  -58.050  -17.119 0.0000000000
120104  -46.780  -58.754  -16.144 0.0000000000
16851  -46.020  -58.508  -16.233 0.0000000000
17741  -45.563  -57.832  -16.338 0.0000000000
18618  -45.174  -56.734  -15.451 0.0000000000
19523  -45.136  -55.896  -15.207 0.0000000000
17696  -52.876  -58.329  -12.091 0.0000000000
16819  -51.788  -58.517  -12.883 0.0000000000
16818  -50.866  -58.406  -13.107 0.0000000000
122646  -50.228  -58.186  -13.510 0.0000000000
18595  -51.282  -55.956  -13.031 0.0000000000
18594  -50.493  -56.670  -13.330 0.0000000000
114993  -49.968  -57.070  -13.617 0.0000000000
17719  -49.691  -57.705  -13.632 0.0000000000
17718  -48.755  -57.669  -13.808 0.0000000000
121726  -48.050  -57.140  -13.810 0.0000000000
18608  -47.312  -57.029  -14.010 0.0000000000
19507  -48.399  -55.273  -13.837 0.0000000000
19506  -47.543  -55.291  -14.148 0.0000000000
107936  -47.215  -56.015  -14.143 0.0000000000
20454  -46.370  -54.546  -14.566 0.0000000000
18701  -53.559  -56.294  -25.613 0.0000000000
17820  -53.566  -56.981  -26.180 0.0000000000
16054  -52.515  -58.605  -27.243 0.0000000000
17826  -52.946  -57.107  -27.231 0.0000000000
16951  -52.779  -57.764  -27.407 0.0000000000
109977  -52.099  -59.268  -27.463 0.0000000000
17839  -51.484  -57.734  -28.877 0.0000000000
17858  -51.937  -57.917  -29.521 0.0000000000
16992  -51.633  -58.278  -29.864 0.0000000000
15201  -50.591  -59.941  -30.841 0.0000000000
109878  -51.096  -60.169  -30.037 0.0000000000
20481  -43.723  -54.700  -16.786 0.0000000000
19553  -43.626  -55.428  -19.837 0.0000000000
19563  -44.167  -55.494  -20.573 0.0000000000
19592  -44.961  -55.462  -22.471 0.0000000000
19623  -45.457  -55.280  -24.747 0.0000000000
19622  -44.626  -55.442  -24.675 0.0000000000
19633  -45.184  -55.531  -25.386 0.0000000000
19646  -45.933  -54.859  -26.290 0.0000000000
18735  -45.404  -56.062  -28.287 0.0000000000
19659  -43.225  -55.226  -27.402 0.0000000000
121888  -43.764  -55.550  -27.264 0.0000000000
18714  -44.054  -55.990  -27.624 0.0000000000
18734  -44.468  -56.381  -28.245 0.0000000000
17833  -44.922  -57.006  -28.726 0.0000000000
16965  -44.957  -58.257  -30.092 0.0000000000
120863  -44.868  -58.968  -30.701 0.0000000000
16082  -44.354  -59.587  -31.089 0.0000000000
17003  -44.122  -59.101  -31.241 0.0000000000
15209  -44.107  -60.212  -31.681 0.0000000000
15221  -44.175  -60.284  -32.516 0.0000000000
12438  -49.128  -62.262  -31.275 0.0000000000
14311  -50.581  -60.688  -30.443 0.0000000000
14317  -46.207  -61.374  -31.829 0.0000000000
15174  -50.884  -60.765  -27.910 0.0000000000
15187  -51.521  -59.524  -29.256 0.0000000000
15200  -50.241  -60.428  -31.290 0.0000000000
15202  -51.163  -59.105  -30.269 0.0000000000
16852  -47.409  -58.771  -16.759 0.0000000000
16859  -46.513  -58.076  -17.881 0.0000000000
16860  -47.154  -58.694  -17.840 0.0000000000
16947  -52.933  -57.791  -26.837 0.0000000000
16955  -52.468  -57.793  -28.148 0.0000000000
16971  -51.524  -58.105  -29.745 0.0000000000
16990  -50.058  -58.895  -30.525 0.0000000000
17728  -45.530  -57.163  -14.620 0.0000000000
17738  -45.385  -57.542  -15.519 0.0000000000
17759  -46.555  -57.542  -18.667 0.0000000000
17780  -52.902  -57.055  -20.015 0.0000000000
17827  -53.591  -56.140  -26.683 0.0000000000
17837  -48.959  -57.021  -28.722 0.0000000000
18664  -49.432  -56.215  -20.730 0.0000000000
18668  -53.891  -56.182  -20.304 0.0000000000
18703  -54.958  -54.879  -25.759 0.0000000000
18709  -52.949  -55.532  -26.942 0.0000000000
18710  -53.744  -55.164  -26.707 0.0000000000
18724  -53.938  -55.438  -26.520 0.0000000000
19529  -43.976  -55.389  -16.963 0.0000000000
19554  -44.432  -55.909  -19.831 0.0000000000
19577  -48.067  -55.230  -21.665 0.0000000000
19583  -54.051  -56.237  -20.623 0.0000000000
19613  -45.296  -55.434  -23.814 0.0000000000
19638  -49.562  -54.894  -25.403 0.0000000000
19642  -54.865  -54.779  -25.848 0.0000000000
19653  -54.476  -54.946  -26.274 0.0000000000
19675  -43.456  -55.863  -27.835 0.0000000000
20445  -51.845  -54.828  -14.342 0.0000000000
20557  -54.467  -54.694  -25.598 0.0000000000
21427  -47.644  -53.766  -14.668 0.0000000000
106744  -46.587  -54.917  -24.818 0.0000000000
107102  -44.563  -55.138  -21.870 0.0000000000
109595  -45.530  -55.419  -25.925 0.0000000000
118908  -52.750  -57.571  -19.559 0.0000000000
122110  -53.740  -56.104  -26.454 0.0000000000
124612  -50.911  -60.735  -29.753 0.0000000000
124793  -48.717  -57.662  -19.519 0.0000000000
125543  -52.097  -56.230  -19.835 0.0000000000
126493  -43.946  -59.645  -31.567 0.0000000000
126644  -53.335  -56.158  -19.914 0.0000000000
126719  -53.920  -58.666  -18.822 0.0000000000
