#!ascii label  , from subject 001 vox2ras=TkReg
933
56978  -29.646  -12.392  -26.666 0.4285714328
57862  -30.124  -11.094  -27.177 0.2857142985
57840  -29.296  -11.616  -27.096 0.4285714328
115218  -30.852  -10.567  -27.183 0.4285714328
58767  -29.993  -10.106  -28.010 0.2857142985
59634  -30.782  -9.938  -27.833 0.4285714328
60562  -30.069  -8.929  -29.084 0.4285714328
60586  -30.045  -8.048  -29.464 0.4285714328
61459  -30.308  -7.536  -30.147 0.4285714328
115268  -29.887  -7.357  -31.185 0.5714285970
61476  -30.696  -7.153  -30.730 0.4285714328
62306  -31.636  -6.961  -29.984 0.2857142985
62323  -30.373  -6.832  -31.545 0.7142857313
63190  -31.650  -5.625  -30.735 0.7142857313
63189  -30.929  -6.055  -31.399 0.7142857313
64891  -32.610  -3.914  -31.853 0.5714285970
63205  -30.929  -5.551  -31.499 0.5714285970
64059  -31.974  -4.362  -31.971 0.5714285970
64058  -31.490  -4.641  -31.632 0.5714285970
64892  -33.449  -3.514  -31.426 0.4285714328
112985  -32.696  -3.073  -33.302 0.5714285970
65659  -33.192  -2.670  -33.364 0.5714285970
125945  -31.962  -3.521  -32.709 0.7142857313
65674  -33.610  -1.789  -33.660 0.7142857313
65657  -30.602  -2.869  -31.758 0.5714285970
65672  -32.820  -2.607  -33.916 0.8571428657
66471  -34.604  -1.398  -32.125 0.5714285970
114592  -32.551  -2.393  -33.853 0.7142857313
66485  -31.987  -2.313  -33.125 0.5714285970
67329  -34.382  -0.100  -34.179 0.7142857313
67312  -35.158  -0.594  -31.988 0.5714285970
65673  -33.134  -2.231  -34.212 0.7142857313
66495  -33.682  -0.857  -34.204 0.7142857313
68207  -35.235  0.877  -33.204 0.5714285970
66494  -33.155  -1.492  -34.355 0.7142857313
127250  -36.054  0.962  -32.388 0.5714285970
66486  -32.867  -1.881  -34.364 0.5714285970
67339  -33.250  -0.700  -34.370 0.7142857313
68219  -35.583  1.195  -34.526 0.7142857313
68208  -36.311  1.174  -33.223 0.7142857313
68217  -34.064  -0.192  -34.531 0.7142857313
68218  -34.889  0.427  -35.104 0.7142857313
69084  -36.821  1.756  -34.225 0.7142857313
69083  -36.203  1.513  -34.573 0.5714285970
111895  -34.441  0.385  -34.896 0.7142857313
68215  -32.971  -0.487  -34.352 0.5714285970
69978  -37.834  2.478  -33.538 0.5714285970
105985  -38.293  3.748  -33.295 0.5714285970
118528  -34.956  0.722  -35.515 0.8571428657
119716  -37.441  3.220  -33.850 0.7142857313
70885  -36.510  3.594  -34.210 0.7142857313
69090  -35.160  1.505  -35.636 0.8571428657
104631  -36.017  2.182  -35.230 0.7142857313
111011  -36.491  4.513  -35.373 0.8571428657
71683  -38.119  4.624  -34.571 0.5714285970
103718  -36.003  3.657  -34.397 0.8571428657
104351  -35.504  2.107  -35.519 0.8571428657
103714  -35.857  2.778  -35.039 0.8571428657
103733  -36.057  2.938  -37.710 0.8571428657
105535  -36.278  3.339  -38.277 0.8571428657
103730  -35.389  5.380  -37.656 0.8571428657
103725  -36.269  3.957  -34.589 0.8571428657
103719  -35.577  3.370  -38.033 0.8571428657
103731  -34.006  5.393  -35.425 1.0000000000
103722  -34.695  4.558  -37.328 1.0000000000
103715  -35.494  3.916  -35.763 0.8571428657
106397  -34.030  5.766  -36.946 1.0000000000
104874  -34.529  4.753  -36.175 1.0000000000
75045  -34.142  7.092  -35.816 1.0000000000
75020  -34.909  8.130  -32.872 0.7142857313
104621  -34.157  6.261  -36.341 1.0000000000
104666  -33.963  6.433  -35.150 1.0000000000
75037  -34.735  7.751  -35.264 1.0000000000
76714  -34.728  10.772  -31.960 1.0000000000
76698  -33.530  10.647  -30.957 0.8571428657
78335  -33.715  12.157  -30.356 0.8571428657
77503  -33.901  11.361  -31.034 1.0000000000
79965  -33.158  14.525  -29.330 0.8571428657
79138  -33.022  13.581  -29.302 0.8571428657
110602  -33.332  12.853  -29.531 1.0000000000
81579  -32.371  16.065  -29.477 0.8571428657
80819  -32.867  15.429  -29.257 0.8571428657
81578  -31.758  16.609  -29.782 0.7142857313
119965  -30.708  15.894  -30.775 0.5714285970
82283  -31.326  17.296  -30.333 0.7142857313
82271  -31.859  17.601  -29.904 0.5714285970
82969  -29.299  18.587  -31.441 0.5714285970
81600  -29.901  17.106  -32.662 0.5714285970
82956  -28.189  19.255  -31.507 0.4285714328
104835  -29.878  19.859  -30.353 0.4285714328
83597  -30.583  20.161  -30.182 0.4285714328
82943  -29.421  19.133  -29.809 0.2857142985
82933  -29.848  18.795  -28.428 0.2857142985
82934  -30.282  19.531  -28.444 0.2857142985
58750  -29.375  -10.689  -27.746 0.2857142985
64911  -32.315  -3.596  -32.674 0.5714285970
67311  -34.279  -0.821  -33.301 0.5714285970
70878  -37.680  4.212  -33.954 0.5714285970
69092  -36.065  1.703  -35.161 0.7142857313
69985  -36.707  2.314  -34.470 0.7142857313
103740  -37.070  4.643  -34.562 0.8571428657
103739  -37.233  4.267  -36.939 0.8571428657
116915  -35.756  4.061  -38.119 0.8571428657
109404  -34.858  8.646  -33.272 0.8571428657
84173  -31.361  20.055  -26.580 0.1428571492
58766  -29.418  -9.938  -28.429 0.2857142985
59655  -30.112  -9.584  -28.485 0.2857142985
59656  -30.933  -9.258  -28.522 0.4285714328
60563  -31.337  -8.630  -28.785 0.4285714328
59654  -29.412  -9.388  -29.083 0.2857142985
60587  -30.879  -8.091  -29.443 0.4285714328
61458  -29.470  -7.574  -30.127 0.5714285970
62324  -31.129  -6.504  -30.809 0.4285714328
62336  -30.039  -6.650  -31.784 0.2857142985
63188  -30.506  -6.293  -31.582 0.7142857313
64042  -31.421  -5.102  -31.382 0.4285714328
64057  -30.830  -4.893  -31.571 0.5714285970
64913  -33.710  -2.840  -31.869 0.4285714328
108136  -31.392  -4.248  -31.788 0.7142857313
65658  -31.436  -3.629  -32.130 0.7142857313
64912  -32.922  -3.301  -32.570 0.7142857313
66470  -31.630  -2.964  -32.582 0.5714285970
114499  -32.407  -1.731  -33.732 0.5714285970
67331  -35.852  0.170  -32.169 0.5714285970
69069  -37.155  1.266  -33.709 0.5714285970
67338  -32.998  -1.075  -34.456 0.8571428657
69082  -35.491  1.271  -35.459 0.7142857313
104935  -37.737  4.783  -36.001 0.5714285970
103743  -34.904  6.545  -37.342 1.0000000000
72520  -34.454  5.052  -33.575 1.0000000000
74174  -35.080  7.791  -33.434 0.8571428657
121837  -34.537  9.293  -31.641 0.7142857313
75892  -34.716  9.536  -32.909 1.0000000000
75902  -34.520  9.298  -33.870 1.0000000000
75862  -34.325  9.997  -31.346 0.7142857313
76734  -34.393  10.050  -33.608 1.0000000000
75875  -33.690  9.163  -31.240 0.7142857313
77504  -34.440  11.322  -31.570 0.8571428657
79973  -32.367  13.942  -29.340 0.8571428657
78336  -34.312  11.972  -31.318 1.0000000000
81589  -31.196  16.158  -30.067 0.7142857313
118902  -29.137  19.174  -30.532 0.7142857313
81601  -30.289  16.832  -32.144 0.5714285970
82282  -30.510  18.105  -31.081 0.7142857313
82945  -31.133  18.457  -30.469 0.7142857313
103858  -27.492  19.325  -32.729 0.4285714328
83578  -29.848  19.650  -29.498 0.2857142985
83590  -29.954  20.139  -30.076 0.4285714328
82946  -31.634  18.540  -30.155 0.4285714328
63204  -30.388  -5.848  -31.616 0.4285714328
126037  -30.300  -4.503  -31.482 0.4285714328
82957  -30.070  19.156  -30.808 0.7142857313
82944  -29.483  19.667  -30.183 0.2857142985
57841  -30.077  -11.735  -26.765 0.4285714328
126012  -28.868  -11.265  -27.503 0.2857142985
58725  -30.866  -11.386  -26.708 0.4285714328
58751  -30.233  -10.472  -27.591 0.4285714328
58765  -28.707  -10.202  -28.407 0.2857142985
60585  -29.219  -8.483  -29.604 0.2857142985
114153  -30.678  -8.619  -29.080 0.4285714328
124183  -29.179  -7.378  -30.655 0.4285714328
119550  -29.802  -7.090  -31.689 0.2857142985
64910  -31.864  -4.013  -32.217 0.5714285970
65660  -34.095  -2.171  -32.185 0.5714285970
65671  -32.336  -2.995  -33.305 0.7142857313
67330  -34.858  0.045  -32.797 0.5714285970
126775  -33.147  -0.658  -34.399 0.8571428657
68216  -33.561  -0.180  -34.533 0.8571428657
103732  -36.365  3.770  -36.991 0.8571428657
103716  -35.078  2.264  -35.405 0.8571428657
103741  -34.335  7.017  -34.965 1.0000000000
75005  -34.758  8.880  -32.365 0.8571428657
79964  -32.289  14.891  -29.321 0.8571428657
80817  -31.564  15.388  -29.647 0.8571428657
81588  -30.755  16.858  -31.132 0.7142857313
82292  -29.180  17.799  -32.464 0.5714285970
117051  -28.969  19.082  -30.624 0.2857142985
82929  -30.261  19.098  -27.606 0.2857142985
114050  -30.606  19.066  -26.696 0.1428571492
63203  -29.614  -5.948  -31.591 0.2857142985
75876  -34.878  9.909  -31.998 1.0000000000
126111  -30.717  22.326  -29.487 0.2857142985
85540  -28.388  22.347  -29.296 0.1428571492
84196  -31.126  21.197  -29.710 0.2857142985
85552  -31.346  22.103  -29.806 0.2857142985
126161  -29.315  22.244  -29.291 0.1428571492
86193  -27.966  22.729  -29.194 0.1428571492
84184  -30.385  20.610  -29.161 0.1428571492
84195  -30.582  20.495  -29.657 0.2857142985
84826  -30.423  21.101  -29.331 0.1428571492
84834  -32.104  21.777  -30.648 0.2857142985
82978  -34.578  19.064  -31.929 0.2857142985
83601  -34.008  19.667  -30.858 0.2857142985
86194  -28.253  22.138  -28.890 0.1428571492
116758  -33.231  17.878  -30.095 0.2857142985
84205  -32.482  20.411  -30.693 0.2857142985
84203  -31.154  20.589  -29.994 0.2857142985
81612  -34.933  17.292  -33.092 0.1428571492
82960  -33.676  18.755  -30.516 0.2857142985
83600  -33.161  19.602  -30.502 0.2857142985
111018  -30.241  21.753  -29.297 0.1428571492
83599  -32.103  19.676  -30.435 0.2857142985
83598  -31.549  20.246  -30.365 0.2857142985
81633  -33.800  16.935  -36.292 0.1428571492
81626  -34.737  17.462  -34.928 0.1428571492
82294  -34.407  18.003  -31.626 0.4285714328
82947  -32.238  18.210  -29.858 0.2857142985
117716  -34.195  14.611  -34.407 0.2857142985
81591  -34.259  16.299  -30.947 0.4285714328
82273  -33.244  16.925  -29.866 0.2857142985
115186  -30.858  19.426  -30.409 0.2857142985
80004  -32.661  13.669  -36.216 0.1428571492
80855  -34.676  15.589  -33.689 0.2857142985
116927  -33.789  17.051  -30.528 0.4285714328
80835  -34.447  15.399  -31.348 0.5714285970
81590  -33.790  16.210  -30.082 0.7142857313
79201  -32.778  12.801  -36.362 0.1428571492
80005  -33.435  13.799  -34.950 0.1428571492
126621  -32.572  17.459  -29.778 0.4285714328
79989  -34.560  14.330  -32.834 0.4285714328
78378  -33.323  12.027  -36.794 0.2857142985
78371  -33.211  12.155  -35.882 0.7142857313
79974  -33.808  14.596  -30.052 0.7142857313
77518  -34.670  11.629  -32.003 0.8571428657
116946  -34.202  12.765  -33.740 0.8571428657
79166  -34.458  13.816  -31.381 0.5714285970
107460  -34.602  10.686  -37.706 0.2857142985
77544  -33.929  11.399  -37.083 0.2857142985
79176  -34.792  13.747  -32.277 0.7142857313
79150  -31.184  13.439  -29.728 0.5714285970
111249  -34.232  12.926  -31.053 0.8571428657
77538  -33.441  11.548  -35.619 0.7142857313
110687  -35.404  10.369  -37.440 0.1428571492
122949  -32.362  5.337  -32.276 0.5714285970
73350  -34.703  6.080  -33.228 0.8571428657
73351  -34.835  6.592  -34.083 0.8571428657
73342  -33.606  6.544  -32.425 0.4285714328
106250  -35.134  7.002  -33.344 0.5714285970
75877  -34.583  10.355  -32.685 0.8571428657
75912  -33.850  9.353  -36.342 0.8571428657
113157  -34.389  11.147  -32.731 0.8571428657
75921  -35.707  9.477  -38.336 0.2857142985
76742  -33.660  10.089  -35.508 0.8571428657
77539  -34.019  11.376  -34.835 0.8571428657
116678  -34.778  13.200  -31.837 0.8571428657
75919  -37.294  9.261  -37.358 0.4285714328
75915  -33.761  9.986  -37.836 0.7142857313
76737  -33.647  10.870  -35.470 0.7142857313
72507  -31.622  4.942  -32.294 0.2857142985
72514  -34.505  5.052  -32.949 0.5714285970
118076  -33.715  5.811  -32.543 0.5714285970
75036  -34.403  8.564  -35.719 0.8571428657
75908  -34.263  9.327  -35.012 0.8571428657
107683  -34.179  9.882  -34.499 0.8571428657
75051  -36.486  8.960  -38.335 0.4285714328
75047  -34.098  8.787  -38.046 0.8571428657
75911  -33.611  10.035  -36.877 0.8571428657
75052  -37.801  8.821  -37.953 0.4285714328
122592  -31.359  1.057  -32.758 0.7142857313
110942  -30.463  1.793  -33.152 0.4285714328
69067  -32.481  0.339  -33.261 0.7142857313
69976  -33.934  1.650  -33.964 0.8571428657
69968  -33.292  2.104  -32.845 0.5714285970
111106  -31.959  3.994  -32.501 0.5714285970
121891  -30.999  3.774  -32.524 0.4285714328
70876  -34.641  2.610  -33.225 0.8571428657
111716  -33.335  3.723  -32.350 0.5714285970
113219  -32.747  4.657  -32.372 0.5714285970
104632  -35.753  4.209  -33.871 0.8571428657
106064  -34.986  4.449  -33.274 0.7142857313
71675  -33.869  4.445  -32.420 0.5714285970
103727  -36.443  5.150  -37.732 0.7142857313
103737  -36.134  6.665  -37.785 0.7142857313
103738  -34.716  7.763  -37.500 0.7142857313
126297  -39.244  7.736  -36.327 0.2857142985
113869  -39.136  8.111  -37.754 0.4285714328
74201  -38.362  8.210  -38.058 0.5714285970
66484  -31.586  -1.219  -32.504 0.4285714328
107062  -31.457  -0.381  -32.473 0.4285714328
69066  -30.209  1.168  -33.027 0.4285714328
69081  -34.411  1.041  -35.318 0.7142857313
69977  -34.679  2.038  -35.053 0.7142857313
104787  -35.451  3.821  -33.564 0.8571428657
103734  -38.086  5.281  -36.770 0.7142857313
73368  -39.714  6.212  -37.148 0.2857142985
104337  -38.341  6.016  -37.166 0.5714285970
104623  -37.094  4.480  -37.443 0.5714285970
67310  -30.559  -1.096  -31.970 0.5714285970
68206  -32.543  -0.456  -33.526 0.5714285970
68205  -31.874  0.034  -32.762 0.5714285970
69080  -33.643  0.716  -34.609 0.7142857313
71691  -39.095  4.783  -34.670 0.4285714328
71698  -39.383  4.396  -36.807 0.4285714328
72530  -39.908  5.417  -36.782 0.4285714328
71701  -39.543  5.485  -37.439 0.4285714328
106268  -29.936  -3.341  -31.354 0.5714285970
67313  -36.423  -1.064  -32.072 0.4285714328
122402  -36.890  0.149  -32.812 0.4285714328
69979  -39.253  2.802  -33.300 0.4285714328
70880  -39.877  3.587  -33.523 0.4285714328
106030  -38.605  4.305  -33.827 0.4285714328
112360  -31.943  -7.527  -29.497 0.1428571492
69070  -38.081  1.281  -33.120 0.4285714328
69086  -39.747  1.967  -33.347 0.4285714328
110871  -32.800  -6.266  -29.858 0.1428571492
64044  -33.252  -4.159  -30.922 0.2857142985
66473  -36.706  -1.783  -31.837 0.2857142985
67315  -38.734  -0.798  -31.432 0.2857142985
118615  -37.228  -1.438  -31.927 0.2857142985
65661  -35.560  -2.355  -31.567 0.4285714328
67333  -38.603  0.033  -31.994 0.2857142985
123658  -37.007  -0.678  -32.455 0.2857142985
68211  -39.490  0.919  -32.178 0.2857142985
68210  -38.425  0.731  -32.613 0.4285714328
61461  -32.590  -7.222  -29.526 0.1428571492
62307  -32.476  -6.734  -29.789 0.1428571492
61460  -31.172  -7.554  -29.861 0.1428571492
62326  -33.534  -6.032  -29.840 0.2857142985
122267  -33.217  -4.798  -30.534 0.2857142985
64894  -35.378  -3.561  -30.884 0.2857142985
105612  -36.558  -2.888  -31.471 0.2857142985
64914  -36.067  -3.189  -31.382 0.2857142985
114512  -34.840  -2.809  -31.396 0.2857142985
65662  -36.564  -2.366  -31.644 0.2857142985
62308  -33.310  -6.777  -29.626 0.1428571492
63192  -34.882  -4.919  -30.027 0.2857142985
111763  -33.830  -5.281  -30.167 0.2857142985
63191  -32.724  -5.511  -30.240 0.2857142985
64045  -34.706  -4.014  -30.483 0.2857142985
61439  -32.638  -7.865  -29.020 0.1428571492
107568  -30.141  -13.123  -26.533 0.2857142985
56114  -29.263  -13.192  -26.607 0.2857142985
59635  -31.586  -9.631  -27.846 0.2857142985
107785  -31.035  -13.029  -26.479 0.1428571492
111933  -29.718  -13.965  -26.555 0.2857142985
111934  -28.946  -13.921  -26.603 0.1428571492
62327  -34.421  -5.763  -29.749 0.2857142985
64046  -35.706  -4.373  -30.449 0.2857142985
67332  -37.662  -0.028  -32.458 0.2857142985
106007  -32.222  1.279  -32.988 0.7142857313
110381  -39.137  1.409  -32.972 0.4285714328
103724  -34.684  4.174  -32.796 0.5714285970
71697  -39.070  3.945  -35.938 0.4285714328
72521  -39.580  5.164  -35.673 0.2857142985
74192  -39.321  6.763  -35.842 0.2857142985
73367  -38.880  6.763  -37.129 0.5714285970
78334  -32.810  12.041  -29.748 0.7142857313
74199  -35.582  7.631  -37.946 0.7142857313
80826  -30.850  15.296  -30.154 0.4285714328
79972  -31.406  14.566  -29.647 0.5714285970
79151  -33.511  13.764  -29.780 0.7142857313
74196  -39.224  8.990  -38.051 0.2857142985
77536  -34.360  11.349  -33.841 0.8571428657
79152  -34.013  13.805  -30.502 0.8571428657
114176  -33.644  11.239  -36.834 0.5714285970
82958  -31.764  19.033  -30.142 0.2857142985
79997  -34.499  14.758  -33.416 0.4285714328
104843  -29.004  22.223  -28.580 0.1428571492
81602  -34.607  17.081  -32.102 0.2857142985
112004  -34.862  16.572  -33.586 0.1428571492
56979  -30.520  -12.286  -26.557 0.1428571492
56977  -28.692  -12.499  -26.956 0.2857142985
58726  -31.424  -10.738  -26.892 0.1428571492
60549  -31.622  -9.073  -28.189 0.1428571492
61462  -33.391  -7.403  -29.203 0.1428571492
110912  -34.101  -6.923  -29.245 0.1428571492
64043  -32.309  -4.716  -31.045 0.2857142985
112519  -33.981  -4.448  -30.416 0.2857142985
106737  -37.291  -2.863  -31.420 0.2857142985
115611  -37.301  -2.155  -31.553 0.2857142985
112494  -29.776  0.496  -32.827 0.2857142985
69072  -40.447  1.977  -32.238 0.2857142985
69068  -33.049  1.233  -33.523 0.5714285970
107233  -30.548  3.174  -32.725 0.4285714328
69967  -32.317  2.128  -32.817 0.5714285970
69071  -40.061  1.605  -32.789 0.4285714328
72506  -30.628  5.300  -32.483 0.2857142985
106118  -37.722  1.671  -33.562 0.4285714328
70868  -33.923  2.679  -32.600 0.7142857313
70881  -40.245  3.558  -33.212 0.1428571492
71685  -39.876  4.423  -33.779 0.4285714328
71693  -39.966  5.249  -34.139 0.1428571492
126647  -34.385  7.920  -36.264 0.8571428657
72522  -39.789  5.904  -34.872 0.1428571492
73366  -38.331  7.183  -37.540 0.5714285970
112261  -39.275  8.559  -37.430 0.2857142985
75920  -33.938  9.562  -38.200 0.7142857313
77530  -34.403  12.045  -32.941 0.8571428657
75914  -37.109  9.161  -36.078 0.2857142985
75913  -36.177  9.746  -36.483 0.1428571492
83579  -30.307  20.055  -29.289 0.2857142985
76746  -34.258  10.078  -38.177 0.4285714328
75918  -36.080  9.681  -37.891 0.4285714328
76743  -35.090  11.096  -36.927 0.1428571492
79193  -33.699  13.295  -34.342 0.5714285970
77545  -34.458  11.380  -37.100 0.1428571492
78375  -33.022  12.308  -36.625 0.1428571492
113518  -31.972  13.648  -37.107 0.1428571492
117157  -34.179  14.018  -33.842 0.5714285970
79208  -32.736  12.677  -37.164 0.1428571492
80014  -33.156  14.550  -35.767 0.1428571492
116424  -34.209  17.157  -31.283 0.2857142985
111393  -34.765  16.305  -32.783 0.2857142985
80862  -34.288  15.360  -34.814 0.2857142985
117829  -33.832  15.852  -35.826 0.1428571492
81625  -34.486  17.045  -35.638 0.1428571492
82979  -34.791  19.356  -33.028 0.2857142985
82303  -34.991  18.469  -33.773 0.1428571492
125672  -32.353  -11.222  -26.629 0.1428571492
60565  -33.033  -8.320  -28.330 0.1428571492
66474  -38.080  -1.682  -31.354 0.2857142985
122804  -39.289  7.328  -35.385 0.2857142985
82315  -34.969  18.022  -35.782 0.1428571492
112819  -34.759  20.300  -32.491 0.2857142985
57842  -31.736  -11.362  -26.661 0.1428571492
58752  -31.548  -10.199  -27.373 0.1428571492
62325  -31.996  -6.224  -30.155 0.1428571492
67328  -32.736  -1.143  -34.212 0.4285714328
70879  -39.110  3.979  -33.295 0.4285714328
69079  -33.056  0.344  -34.179 0.7142857313
70877  -34.999  2.858  -34.548 0.7142857313
72529  -34.078  5.013  -34.437 0.8571428657
103728  -34.515  4.647  -34.626 0.8571428657
74189  -34.415  7.549  -36.918 0.8571428657
75027  -34.804  8.373  -34.345 0.8571428657
80827  -33.555  15.394  -29.703 0.7142857313
122698  -31.266  19.736  -30.353 0.2857142985
70889  -38.989  4.059  -36.989 0.4285714328
61438  -31.675  -8.019  -29.137 0.1428571492
64909  -30.631  -3.928  -31.509 0.5714285970
64893  -34.359  -3.384  -31.064 0.2857142985
68209  -37.448  0.631  -33.088 0.4285714328
120263  -34.366  10.690  -33.437 0.8571428657
112713  -34.729  12.460  -31.916 0.8571428657
113450  -30.007  22.728  -29.290 0.1428571492
110467  -30.114  21.747  -29.326 0.2857142985
85541  -29.240  22.316  -29.274 0.1428571492
84204  -31.883  20.918  -30.515 0.2857142985
82970  -34.276  18.849  -31.139 0.2857142985
84206  -33.519  20.470  -30.887 0.2857142985
82284  -34.022  17.929  -30.823 0.2857142985
121620  -34.363  16.672  -31.555 0.2857142985
81619  -34.901  17.391  -34.077 0.1428571492
82959  -32.707  18.853  -30.086 0.2857142985
81618  -34.625  16.450  -34.591 0.1428571492
82316  -35.068  18.331  -34.968 0.1428571492
118203  -34.748  18.175  -32.555 0.1428571492
80828  -34.144  15.425  -30.417 0.5714285970
80013  -31.472  14.526  -36.752 0.1428571492
121729  -33.182  13.177  -35.433 0.1428571492
116614  -34.595  15.303  -32.499 0.4285714328
79981  -34.624  14.547  -31.819 0.5714285970
79975  -34.314  14.600  -30.853 0.7142857313
79192  -33.376  12.561  -35.001 0.4285714328
77541  -33.309  11.784  -36.381 0.5714285970
78372  -33.551  11.913  -35.140 0.7142857313
78370  -34.188  12.008  -34.292 0.7142857313
115033  -34.716  12.974  -32.595 0.7142857313
76745  -33.976  10.623  -37.596 0.5714285970
75917  -35.089  10.112  -38.312 0.4285714328
76738  -34.200  10.591  -34.502 0.8571428657
72513  -34.135  5.115  -32.661 0.5714285970
73349  -34.334  5.961  -32.820 0.5714285970
73343  -34.693  6.740  -32.771 0.4285714328
114264  -32.764  5.928  -32.349 0.4285714328
75044  -34.000  8.573  -37.146 0.8571428657
75916  -33.751  9.388  -37.702 0.8571428657
75049  -34.533  9.539  -38.417 0.4285714328
75922  -37.024  9.217  -37.938 0.5714285970
76744  -33.730  10.524  -37.189 0.8571428657
75050  -35.279  8.706  -38.329 0.7142857313
68204  -30.839  0.370  -32.569 0.5714285970
70866  -31.594  3.057  -32.689 0.4285714328
70867  -32.779  2.942  -32.519 0.5714285970
70865  -29.649  3.405  -32.687 0.2857142985
106147  -34.919  3.329  -33.027 0.7142857313
104579  -37.262  7.007  -37.824 0.5714285970
74200  -36.734  8.078  -38.196 0.7142857313
67327  -32.270  -0.841  -33.092 0.5714285970
67326  -30.388  -0.281  -32.283 0.5714285970
108562  -39.741  6.032  -35.825 0.2857142985
69085  -38.687  1.890  -33.328 0.4285714328
69980  -40.127  2.671  -33.211 0.4285714328
71684  -39.550  4.468  -34.010 0.4285714328
111764  -33.936  -3.819  -30.741 0.2857142985
66472  -35.934  -1.636  -31.798 0.2857142985
67314  -37.867  -0.780  -31.802 0.2857142985
56115  -30.658  -13.919  -26.521 0.1428571492
108877  -31.896  -12.918  -26.282 0.1428571492
71692  -39.691  5.117  -34.586 0.2857142985
85525  -30.263  22.129  -28.485 0.1428571492
56980  -31.395  -12.155  -26.478 0.1428571492
58727  -31.983  -10.610  -26.906 0.1428571492
84815  -30.420  21.101  -28.563 0.1428571492
78332  -30.485  12.629  -30.244 0.5714285970
77517  -30.573  11.194  -30.924 0.4285714328
78349  -30.063  12.036  -30.854 0.4285714328
78333  -31.603  12.252  -29.609 0.5714285970
77502  -31.736  11.054  -30.464 0.4285714328
112918  -32.052  11.494  -29.832 0.5714285970
75874  -32.233  9.047  -31.207 0.4285714328
75861  -33.035  9.881  -31.034 0.4285714328
125735  -30.504  10.003  -31.351 0.4285714328
76697  -32.379  10.451  -30.599 0.5714285970
122071  -32.968  11.281  -30.374 0.5714285970
74168  -34.925  7.454  -32.838 0.5714285970
67316  -39.539  -0.766  -31.152 0.1428571492
67334  -39.440  0.052  -31.551 0.1428571492
106045  -40.211  0.616  -31.675 0.1428571492
62322  -29.275  -7.171  -31.216 0.2857142985
66459  -40.258  -1.984  -30.478 0.1428571492
66477  -40.636  -1.193  -30.530 0.1428571492
110028  -40.336  -0.633  -30.916 0.1428571492
66461  -41.285  -0.823  -30.201 0.1428571492
65663  -38.057  -2.633  -31.373 0.1428571492
65664  -38.775  -2.538  -31.391 0.1428571492
65665  -39.185  -2.508  -31.261 0.1428571492
65648  -40.353  -2.605  -30.159 0.1428571492
66476  -39.757  -1.642  -30.876 0.1428571492
109364  -42.540  -1.811  -28.208 0.1428571492
109168  -41.107  -1.719  -28.979 0.1428571492
66444  -42.353  -1.173  -28.601 0.1428571492
61457  -28.593  -7.739  -29.913 0.2857142985
60594  -27.797  -7.776  -29.912 0.2857142985
64047  -36.687  -4.681  -30.554 0.1428571492
64060  -37.386  -4.281  -31.089 0.1428571492
106668  -37.239  -3.471  -31.219 0.1428571492
64895  -36.482  -3.894  -30.871 0.1428571492
64917  -39.037  -3.121  -31.666 0.1428571492
64916  -38.794  -3.264  -31.718 0.1428571492
65647  -39.665  -2.593  -30.788 0.1428571492
112490  -41.032  -3.345  -28.857 0.1428571492
64871  -41.777  -2.993  -28.389 0.1428571492
64882  -41.162  -2.559  -28.894 0.1428571492
60584  -27.711  -8.455  -29.870 0.2857142985
59669  -27.898  -9.237  -29.616 0.2857142985
63193  -36.049  -5.196  -30.036 0.1428571492
126629  -36.723  -5.202  -30.379 0.1428571492
64061  -38.037  -4.016  -31.808 0.1428571492
112371  -39.085  -3.777  -32.026 0.1428571492
64897  -39.950  -3.483  -30.643 0.1428571492
64881  -40.640  -3.229  -29.599 0.1428571492
65618  -42.910  -2.205  -27.584 0.1428571492
65635  -42.371  -2.407  -28.144 0.1428571492
62328  -35.359  -5.695  -29.532 0.1428571492
63178  -36.143  -5.857  -29.545 0.1428571492
63195  -37.759  -5.406  -31.662 0.1428571492
63194  -37.314  -5.076  -30.817 0.1428571492
64063  -38.973  -4.584  -32.506 0.1428571492
64048  -39.375  -4.510  -32.079 0.1428571492
63207  -38.587  -4.786  -32.489 0.1428571492
64049  -39.466  -3.906  -31.480 0.1428571492
108644  -40.476  -4.039  -30.103 0.1428571492
111148  -34.028  -6.414  -29.613 0.1428571492
62329  -37.576  -6.184  -31.489 0.1428571492
62312  -37.347  -6.361  -30.349 0.1428571492
63179  -36.804  -5.738  -30.158 0.1428571492
63180  -37.435  -5.747  -30.799 0.1428571492
63208  -39.156  -5.231  -32.693 0.1428571492
63215  -38.915  -5.365  -32.874 0.1428571492
63196  -39.674  -5.304  -31.807 0.1428571492
64033  -40.485  -4.637  -29.848 0.1428571492
63197  -39.948  -4.598  -30.856 0.1428571492
61477  -37.400  -7.112  -31.116 0.1428571492
62311  -36.634  -6.470  -29.404 0.1428571492
62345  -38.192  -6.455  -33.200 0.1428571492
61485  -37.493  -6.764  -32.485 0.1428571492
62347  -38.927  -5.972  -33.351 0.1428571492
63214  -38.676  -5.730  -33.064 0.1428571492
122465  -40.005  -5.547  -30.840 0.1428571492
62337  -37.931  -5.907  -32.584 0.1428571492
64062  -38.744  -3.972  -32.105 0.1428571492
110095  -42.480  -3.029  -27.728 0.1428571492
67317  -40.765  0.173  -31.321 0.1428571492
59670  -28.713  -9.287  -29.451 0.2857142985
64869  -40.631  -4.092  -29.127 0.1428571492
64870  -41.294  -3.911  -28.431 0.1428571492
66427  -43.273  -1.555  -27.086 0.1428571492
75003  -33.149  8.478  -31.421 0.4285714328
66426  -42.844  -1.284  -27.842 0.1428571492
65634  -41.960  -2.019  -28.713 0.1428571492
66443  -41.679  -1.165  -29.093 0.1428571492
68195  -40.428  1.355  -32.122 0.1428571492
79149  -30.139  13.616  -30.790 0.4285714328
79971  -30.557  14.441  -30.453 0.4285714328
83612  -35.321  20.320  -33.596 0.1428571492
121246  -28.403  -8.588  -29.737 0.2857142985
62309  -34.787  -6.293  -29.233 0.1428571492
69969  -40.250  2.073  -32.980 0.1428571492
66475  -38.998  -1.679  -31.168 0.1428571492
121844  -40.031  -0.022  -31.159 0.1428571492
66460  -40.816  -1.677  -29.829 0.1428571492
67318  -41.109  -0.318  -30.848 0.1428571492
67299  -41.612  -0.015  -30.688 0.1428571492
66453  -41.275  -1.128  -29.515 0.1428571492
64915  -38.081  -3.361  -31.520 0.1428571492
65643  -40.778  -2.359  -29.408 0.1428571492
64896  -39.310  -3.226  -31.441 0.1428571492
63206  -37.930  -4.714  -31.797 0.1428571492
62310  -35.691  -6.301  -29.080 0.1428571492
124592  -38.203  -5.264  -32.490 0.1428571492
63181  -40.330  -5.426  -29.880 0.1428571492
55257  -28.203  -14.306  -26.694 0.1428571492
114777  -27.356  -14.182  -26.663 0.1428571492
56112  -27.700  -13.501  -26.855 0.1428571492
105709  -28.008  -12.925  -27.077 0.1428571492
57001  -27.854  -12.323  -27.394 0.1428571492
58749  -28.354  -10.915  -27.875 0.1428571492
58748  -27.491  -10.797  -28.002 0.1428571492
58764  -27.852  -10.256  -28.450 0.1428571492
59653  -28.261  -9.782  -29.056 0.1428571492
57859  -26.733  -11.123  -27.689 0.1428571492
58747  -26.885  -10.182  -28.359 0.1428571492
59667  -26.331  -9.121  -29.869 0.1428571492
60583  -26.921  -8.614  -30.052 0.1428571492
61474  -27.985  -7.214  -30.029 0.2857142985
61475  -28.643  -7.209  -30.322 0.1428571492
62321  -28.650  -6.986  -30.926 0.1428571492
62335  -29.282  -6.750  -31.511 0.1428571492
65656  -29.511  -2.650  -31.387 0.4285714328
66469  -31.083  -2.009  -32.168 0.4285714328
74166  -32.784  7.259  -32.049 0.2857142985
75018  -32.036  8.009  -31.544 0.2857142985
74152  -34.405  8.032  -32.335 0.2857142985
78360  -28.830  12.392  -32.396 0.2857142985
78361  -29.327  12.457  -32.277 0.2857142985
110519  -29.681  12.419  -31.908 0.2857142985
115174  -29.787  12.873  -31.191 0.4285714328
61473  -27.223  -7.174  -29.938 0.1428571492
62320  -27.887  -6.687  -30.510 0.2857142985
59651  -26.504  -9.513  -29.262 0.1428571492
61456  -27.048  -8.032  -30.034 0.1428571492
63186  -27.406  -5.993  -31.025 0.2857142985
63187  -28.366  -6.417  -31.163 0.2857142985
63202  -28.732  -5.896  -31.410 0.2857142985
64908  -29.679  -4.136  -31.335 0.4285714328
106694  -29.259  -3.385  -31.276 0.4285714328
107651  -28.789  -2.042  -31.664 0.2857142985
74165  -31.311  7.298  -31.848 0.2857142985
75016  -30.198  8.525  -33.007 0.2857142985
75891  -31.076  8.603  -31.400 0.2857142985
75873  -30.845  9.381  -31.112 0.2857142985
76712  -29.639  10.690  -32.242 0.2857142985
77527  -27.131  11.323  -32.190 0.2857142985
77516  -29.779  11.596  -31.891 0.2857142985
73341  -32.122  6.580  -32.101 0.2857142985
74164  -30.038  7.709  -32.374 0.2857142985
117875  -30.839  6.637  -31.926 0.2857142985
75889  -30.053  9.137  -33.060 0.2857142985
76727  -29.711  9.788  -32.630 0.2857142985
75890  -30.368  8.862  -31.971 0.2857142985
75872  -30.091  9.832  -32.254 0.2857142985
76725  -28.065  10.597  -32.387 0.2857142985
76713  -30.216  10.588  -31.551 0.2857142985
114361  -30.123  8.604  -33.150 0.2857142985
75887  -28.849  9.161  -32.445 0.2857142985
117509  -28.920  -9.764  -28.955 0.1428571492
108137  -30.007  -5.073  -31.533 0.4285714328
57861  -28.456  -11.717  -27.425 0.1428571492
59668  -26.988  -9.202  -29.844 0.1428571492
57860  -27.632  -11.537  -27.696 0.1428571492
59652  -27.355  -9.696  -29.136 0.1428571492
65655  -28.619  -2.962  -31.442 0.4285714328
77529  -29.243  11.628  -32.387 0.2857142985
64907  -28.586  -4.023  -31.214 0.4285714328
110563  -27.898  9.714  -32.390 0.2857142985
67309  -29.530  -0.755  -32.112 0.2857142985
66467  -28.922  -1.268  -31.938 0.2857142985
85561  -34.188  23.440  -31.123 0.1428571492
85562  -34.706  22.552  -30.693 0.1428571492
115667  -33.671  22.549  -31.189 0.1428571492
84207  -34.252  20.778  -31.095 0.1428571492
83607  -34.368  19.959  -31.484 0.1428571492
85553  -34.167  23.646  -30.893 0.1428571492
84836  -34.037  21.575  -30.894 0.1428571492
85559  -32.353  22.727  -30.726 0.1428571492
86846  -31.371  24.877  -30.946 0.1428571492
67325  -29.197  -0.043  -32.569 0.2857142985
84210  -34.886  21.202  -31.885 0.1428571492
85566  -35.753  22.516  -31.060 0.1428571492
84837  -34.829  21.987  -31.246 0.1428571492
84835  -32.897  21.451  -31.072 0.1428571492
85560  -33.421  23.284  -31.242 0.1428571492
86204  -32.026  24.503  -30.646 0.1428571492
86210  -31.484  23.130  -29.983 0.1428571492
66468  -29.883  -1.703  -31.627 0.2857142985
86206  -33.716  24.004  -30.822 0.1428571492
117139  -34.591  22.524  -30.873 0.1428571492
86848  -32.736  24.022  -30.107 0.1428571492
122525  -32.914  22.396  -31.204 0.1428571492
74162  -29.446  7.448  -32.439 0.1428571492
74163  -29.982  7.659  -32.542 0.1428571492
121983  -30.082  8.233  -33.078 0.1428571492
76724  -26.707  10.386  -32.720 0.1428571492
76709  -25.074  10.717  -31.620 0.1428571492
77512  -25.357  11.641  -31.981 0.1428571492
77526  -26.026  11.150  -32.670 0.1428571492
114604  -24.807  12.990  -32.846 0.1428571492
78331  -24.943  13.255  -32.706 0.1428571492
79147  -25.017  13.342  -31.453 0.2857142985
69966  -31.204  2.149  -32.925 0.2857142985
107783  -30.088  2.498  -33.185 0.1428571492
123906  -29.421  5.095  -32.673 0.1428571492
110806  -29.560  6.565  -32.461 0.1428571492
75048  -38.596  9.133  -37.799 0.1428571492
75014  -29.004  8.358  -32.375 0.1428571492
77528  -28.467  11.547  -32.404 0.1428571492
78347  -28.318  12.965  -31.911 0.1428571492
78346  -25.829  13.329  -32.367 0.1428571492
79161  -26.255  13.371  -32.090 0.2857142985
113247  -29.009  14.333  -32.444 0.2857142985
81599  -27.416  17.121  -31.974 0.2857142985
80816  -28.302  16.497  -30.445 0.2857142985
82955  -27.685  19.207  -31.806 0.2857142985
82928  -29.984  18.465  -27.206 0.1428571492
79165  -29.703  13.712  -32.042 0.2857142985
79977  -27.495  14.121  -31.146 0.2857142985
79979  -29.320  14.620  -32.281 0.2857142985
117967  -30.401  15.216  -31.190 0.2857142985
80833  -28.976  16.040  -32.577 0.2857142985
80824  -28.477  16.423  -31.404 0.2857142985
80847  -29.536  16.413  -32.619 0.2857142985
80831  -27.269  16.450  -33.107 0.2857142985
82302  -28.285  18.211  -33.355 0.2857142985
81576  -28.591  16.859  -30.433 0.2857142985
83575  -30.602  19.741  -27.467 0.1428571492
80815  -27.717  15.753  -29.891 0.1428571492
80810  -26.618  15.202  -28.782 0.1428571492
79148  -25.611  13.388  -31.662 0.2857142985
82270  -29.132  18.434  -30.299 0.1428571492
82269  -29.040  17.326  -30.143 0.2857142985
82262  -29.437  18.026  -28.865 0.1428571492
82261  -29.080  17.275  -29.108 0.1428571492
78321  -23.815  12.766  -29.312 0.2857142985
81568  -27.790  16.320  -28.318 0.1428571492
82252  -29.648  17.738  -26.658 0.1428571492
81569  -28.418  16.832  -28.069 0.1428571492
118671  -20.639  12.518  -28.017 0.1428571492
75046  -38.497  9.132  -36.997 0.1428571492
73359  -39.790  6.730  -34.891 0.1428571492
71674  -30.062  4.891  -32.728 0.1428571492
124209  -28.472  5.796  -32.788 0.1428571492
73339  -28.611  6.438  -32.700 0.1428571492
75012  -26.173  8.550  -32.914 0.1428571492
75011  -25.776  8.707  -32.902 0.1428571492
75886  -26.837  9.460  -32.823 0.1428571492
111641  -24.051  12.064  -29.600 0.1428571492
77515  -26.178  12.228  -32.081 0.1428571492
79146  -24.347  13.740  -30.786 0.2857142985
110454  -28.089  14.853  -30.672 0.1428571492
79970  -28.935  15.258  -32.191 0.2857142985
80823  -28.314  15.880  -30.411 0.1428571492
79969  -28.678  15.402  -31.137 0.1428571492
81561  -27.822  16.601  -27.065 0.1428571492
82256  -29.006  17.286  -27.882 0.1428571492
82257  -29.456  17.938  -27.600 0.1428571492
74191  -39.242  8.224  -36.407 0.1428571492
74190  -39.211  8.978  -37.526 0.1428571492
74181  -38.991  8.504  -36.228 0.1428571492
80825  -30.299  16.057  -31.707 0.2857142985
81611  -29.054  17.144  -33.224 0.2857142985
104592  -26.855  19.276  -33.552 0.2857142985
82281  -28.419  18.988  -31.255 0.2857142985
109586  -30.853  4.527  -32.484 0.1428571492
109587  -30.213  4.005  -32.522 0.1428571492
73340  -31.486  5.799  -32.094 0.1428571492
73360  -40.103  6.323  -34.361 0.1428571492
79980  -30.046  14.473  -31.700 0.2857142985
78348  -29.104  13.127  -32.400 0.1428571492
75013  -27.184  8.438  -32.677 0.1428571492
75885  -26.027  9.955  -33.403 0.1428571492
74161  -28.093  7.384  -32.637 0.1428571492
115005  -27.526  6.603  -32.979 0.1428571492
76723  -25.859  10.478  -33.156 0.1428571492
76711  -25.632  11.001  -32.589 0.1428571492
77501  -25.098  12.303  -31.740 0.1428571492
77514  -25.306  12.120  -32.957 0.1428571492
110941  -30.475  5.976  -32.292 0.1428571492
118646  -24.888  13.067  -31.467 0.1428571492
78345  -25.006  12.899  -33.095 0.1428571492
110590  -29.900  5.686  -32.623 0.1428571492
79162  -27.534  13.532  -31.467 0.2857142985
79978  -28.435  14.428  -31.562 0.2857142985
79163  -28.740  13.744  -32.231 0.2857142985
81587  -28.064  17.384  -31.051 0.2857142985
81609  -27.320  17.516  -33.921 0.2857142985
80811  -27.404  15.634  -29.023 0.1428571492
81577  -28.409  18.071  -30.674 0.2857142985
80834  -29.730  15.400  -32.140 0.2857142985
80832  -28.302  16.112  -32.623 0.2857142985
80854  -28.197  16.783  -34.041 0.2857142985
81574  -28.541  16.712  -29.288 0.2857142985
84176  -30.869  20.705  -27.348 0.1428571492
111046  -26.816  14.053  -30.833 0.1428571492
80822  -27.520  14.974  -30.183 0.2857142985
63177  -25.914  -6.056  -30.049 0.1428571492
64041  -26.874  -5.073  -31.236 0.1428571492
63185  -25.720  -5.109  -30.384 0.1428571492
64039  -25.451  -4.345  -30.660 0.1428571492
64890  -25.689  -3.977  -31.331 0.1428571492
64905  -26.148  -3.306  -31.681 0.1428571492
64053  -26.436  -4.206  -31.514 0.1428571492
64055  -28.298  -5.030  -31.335 0.1428571492
106899  -27.717  -3.374  -31.582 0.1428571492
117191  -27.857  -2.456  -31.867 0.1428571492
64904  -25.542  -3.276  -31.243 0.1428571492
65653  -26.247  -2.363  -31.988 0.1428571492
67308  -28.454  -0.693  -32.445 0.1428571492
68203  -28.996  0.538  -32.938 0.1428571492
69065  -29.322  1.188  -33.165 0.1428571492
79137  -23.840  13.883  -30.059 0.1428571492
64056  -29.137  -5.031  -31.334 0.1428571492
62305  -26.473  -6.873  -29.902 0.1428571492
63176  -25.353  -5.378  -29.615 0.1428571492
64040  -25.995  -4.742  -31.125 0.1428571492
81573  -27.976  16.273  -29.606 0.1428571492
105740  -26.463  -5.524  -30.724 0.1428571492
62319  -26.974  -6.386  -30.353 0.1428571492
63201  -27.831  -5.545  -31.264 0.1428571492
64880  -24.946  -3.882  -29.779 0.1428571492
64906  -26.905  -3.630  -31.692 0.1428571492
64054  -27.470  -4.402  -31.425 0.1428571492
65654  -26.954  -2.857  -31.887 0.1428571492
107294  -27.086  -1.978  -32.146 0.1428571492
65646  -25.030  -2.707  -30.623 0.1428571492
62304  -25.769  -6.835  -29.390 0.1428571492
56113  -28.463  -13.375  -26.764 0.1428571492
69091  -35.628  1.654  -35.471 0.8571428657
69988  -38.878  4.264  -37.470 0.4285714328
70869  -34.383  3.467  -32.537 0.7142857313
70888  -38.780  4.329  -37.354 0.4285714328
70890  -39.122  4.504  -37.535 0.4285714328
71700  -39.610  5.044  -37.258 0.4285714328
72508  -33.295  5.257  -32.450 0.5714285970
72535  -39.909  5.815  -37.236 0.4285714328
72536  -39.576  6.052  -37.380 0.5714285970
73358  -34.239  5.739  -34.257 0.8571428657
74160  -26.721  7.281  -32.994 0.1428571492
74167  -34.073  7.323  -32.346 0.2857142985
74197  -39.005  7.089  -36.694 0.2857142985
74198  -39.858  6.121  -36.796 0.4285714328
75004  -34.123  8.558  -31.665 0.4285714328
75015  -29.747  8.193  -33.037 0.1428571492
75017  -30.610  8.034  -31.757 0.2857142985
75019  -33.475  7.861  -31.797 0.2857142985
75028  -35.152  7.398  -34.210 0.8571428657
75860  -31.888  9.779  -30.865 0.4285714328
75888  -29.790  9.082  -33.057 0.2857142985
76696  -31.035  10.257  -30.726 0.2857142985
76699  -34.323  10.755  -31.449 0.8571428657
76710  -25.467  10.667  -32.687 0.1428571492
76722  -25.725  10.235  -33.200 0.1428571492
76726  -29.135  10.725  -32.426 0.2857142985
76741  -33.524  10.661  -36.323 0.8571428657
77513  -25.432  12.015  -32.765 0.1428571492
77525  -24.890  12.456  -32.917 0.1428571492
78322  -24.161  13.158  -30.521 0.2857142985
78350  -31.030  11.717  -30.243 0.5714285970
78359  -27.711  12.170  -31.972 0.1428571492
79164  -29.254  13.748  -32.443 0.2857142985
79186  -34.439  13.527  -33.256 0.5714285970
80818  -32.181  15.514  -29.432 0.8571428657
80843  -27.258  17.044  -33.725 0.2857142985
80844  -27.229  16.752  -33.518 0.2857142985
80845  -28.073  16.367  -33.615 0.2857142985
80846  -28.621  16.565  -33.574 0.2857142985
80853  -27.713  16.821  -33.983 0.2857142985
81580  -33.159  16.145  -29.542 0.7142857313
81598  -26.746  17.302  -33.003 0.2857142985
81610  -26.926  17.492  -33.552 0.2857142985
81617  -27.879  17.514  -34.036 0.2857142985
82272  -32.486  16.791  -29.652 0.5714285970
82280  -27.579  18.530  -31.323 0.2857142985
82291  -26.954  18.531  -32.458 0.2857142985
82293  -30.173  17.494  -31.923 0.5714285970
82300  -26.936  18.321  -34.011 0.2857142985
82301  -26.797  18.316  -33.478 0.2857142985
82310  -27.350  18.244  -34.045 0.2857142985
82967  -27.288  19.357  -32.779 0.2857142985
82968  -28.153  19.038  -32.521 0.5714285970
82976  -26.814  18.983  -34.036 0.2857142985
82977  -27.455  19.326  -33.592 0.2857142985
84813  -27.804  22.773  -29.240 0.1428571492
84814  -27.940  22.543  -29.090 0.1428571492
85539  -27.830  22.704  -29.150 0.1428571492
85551  -28.065  22.578  -29.381 0.1428571492
86191  -27.965  22.738  -29.266 0.1428571492
86192  -27.953  22.862  -29.251 0.1428571492
103717  -35.227  3.994  -37.562 0.8571428657
103720  -34.149  5.155  -37.129 1.0000000000
103721  -35.239  3.947  -37.590 1.0000000000
103723  -35.800  3.195  -38.335 0.8571428657
103726  -36.026  2.918  -38.365 0.8571428657
103729  -34.366  5.436  -37.237 0.8571428657
103735  -39.144  5.073  -37.563 0.4285714328
103736  -39.058  5.597  -37.472 0.4285714328
103742  -36.455  3.132  -37.955 0.8571428657
103744  -39.241  4.827  -37.511 0.4285714328
103853  -28.330  17.355  -33.941 0.2857142985
103854  -27.567  18.568  -33.975 0.2857142985
103855  -27.042  19.469  -34.189 0.2857142985
103856  -27.048  19.700  -33.679 0.2857142985
103857  -27.669  19.313  -32.173 0.4285714328
104186  -37.413  6.002  -37.275 0.7142857313
104427  -39.047  4.549  -37.619 0.4285714328
104515  -34.644  4.873  -37.278 1.0000000000
104840  -26.833  19.374  -34.039 0.2857142985
105047  -35.096  4.034  -37.214 0.8571428657
105138  -34.368  6.743  -36.897 1.0000000000
105838  -33.996  5.291  -36.782 1.0000000000
105997  -26.989  19.001  -34.234 0.2857142985
106612  -35.384  2.803  -34.878 0.7142857313
106652  -30.035  6.690  -32.262 0.1428571492
107282  -27.953  8.992  -32.471 0.2857142985
107796  -29.042  9.841  -32.517 0.2857142985
108457  -25.336  13.451  -33.007 0.1428571492
109044  -26.223  9.285  -33.151 0.1428571492
111598  -29.127  5.663  -32.645 0.1428571492
113474  -29.419  13.088  -32.204 0.4285714328
115587  -32.458  12.849  -29.394 0.8571428657
115657  -33.764  13.093  -30.195 1.0000000000
115733  -28.222  23.079  -28.909 0.1428571492
115820  -31.753  15.934  -29.624 0.7142857313
116788  -33.424  11.218  -36.107 0.7142857313
116830  -39.187  4.396  -37.364 0.4285714328
117093  -34.476  16.169  -31.864 0.2857142985
119257  -38.054  4.572  -36.754 0.4285714328
119318  -38.704  4.978  -37.407 0.7142857313
121630  -25.347  13.022  -33.158 0.1428571492
122677  -25.793  13.917  -30.760 0.1428571492
124082  -27.094  12.817  -31.614 0.1428571492
125217  -34.636  10.353  -31.691 0.7142857313
127213  -32.714  0.793  -33.436 0.7142857313
