#!ascii label  , from subject 001 vox2ras=TkReg
401
64891  -32.610  -3.914  -31.853 0.0000000000
107062  -31.457  -0.381  -32.473 0.0000000000
77502  -31.736  11.054  -30.464 0.0000000000
103741  -34.335  7.017  -34.965 0.0000000000
103725  -36.269  3.957  -34.589 0.0000000000
122402  -36.890  0.149  -32.812 0.0000000000
115174  -29.787  12.873  -31.191 0.0000000000
104874  -34.529  4.753  -36.175 0.0000000000
111716  -33.335  3.723  -32.350 0.0000000000
114592  -32.551  -2.393  -33.853 0.0000000000
68217  -34.064  -0.192  -34.531 0.0000000000
65674  -33.610  -1.789  -33.660 0.0000000000
61458  -29.470  -7.574  -30.127 0.0000000000
64909  -30.631  -3.928  -31.509 0.0000000000
118902  -29.137  19.174  -30.532 0.0000000000
82283  -31.326  17.296  -30.333 0.0000000000
79964  -32.289  14.891  -29.321 0.0000000000
111249  -34.232  12.926  -31.053 0.0000000000
77536  -34.360  11.349  -33.841 0.0000000000
121837  -34.537  9.293  -31.641 0.0000000000
75911  -33.611  10.035  -36.877 0.0000000000
74199  -35.582  7.631  -37.946 0.0000000000
104337  -38.341  6.016  -37.166 0.0000000000
71691  -39.095  4.783  -34.670 0.0000000000
69976  -33.934  1.650  -33.964 0.0000000000
69084  -36.821  1.756  -34.225 0.0000000000
113219  -32.747  4.657  -32.372 0.0000000000
121891  -30.999  3.774  -32.524 0.0000000000
112985  -32.696  -3.073  -33.302 0.0000000000
65673  -33.134  -2.231  -34.212 0.0000000000
64912  -32.922  -3.301  -32.570 0.0000000000
57862  -30.124  -11.094  -27.177 0.0000000000
58767  -29.993  -10.106  -28.010 0.0000000000
59656  -30.933  -9.258  -28.522 0.0000000000
65656  -29.511  -2.650  -31.387 0.0000000000
64907  -28.586  -4.023  -31.214 0.0000000000
81589  -31.196  16.158  -30.067 0.0000000000
78349  -30.063  12.036  -30.854 0.0000000000
78333  -31.603  12.252  -29.609 0.0000000000
78335  -33.715  12.157  -30.356 0.0000000000
112713  -34.729  12.460  -31.916 0.0000000000
77504  -34.440  11.322  -31.570 0.0000000000
75020  -34.909  8.130  -32.872 0.0000000000
75902  -34.520  9.298  -33.870 0.0000000000
75036  -34.403  8.564  -35.719 0.0000000000
75047  -34.098  8.787  -38.046 0.0000000000
74189  -34.415  7.549  -36.918 0.0000000000
103715  -35.494  3.916  -35.763 0.0000000000
105535  -36.278  3.339  -38.277 0.0000000000
103739  -37.233  4.267  -36.939 0.0000000000
71698  -39.383  4.396  -36.807 0.0000000000
71683  -38.119  4.624  -34.571 0.0000000000
69066  -30.209  1.168  -33.027 0.0000000000
106007  -32.222  1.279  -32.988 0.0000000000
69067  -32.481  0.339  -33.261 0.0000000000
68207  -35.235  0.877  -33.204 0.0000000000
68219  -35.583  1.195  -34.526 0.0000000000
69069  -37.155  1.266  -33.709 0.0000000000
69085  -38.687  1.890  -33.328 0.0000000000
69070  -38.081  1.281  -33.120 0.0000000000
61459  -30.308  -7.536  -30.147 0.0000000000
115268  -29.887  -7.357  -31.185 0.0000000000
61476  -30.696  -7.153  -30.730 0.0000000000
63189  -30.929  -6.055  -31.399 0.0000000000
73342  -33.606  6.544  -32.425 0.0000000000
103731  -34.006  5.393  -35.425 0.0000000000
72514  -34.505  5.052  -32.949 0.0000000000
106064  -34.986  4.449  -33.274 0.0000000000
104787  -35.451  3.821  -33.564 0.0000000000
66484  -31.586  -1.219  -32.504 0.0000000000
68215  -32.971  -0.487  -34.352 0.0000000000
66486  -32.867  -1.881  -34.364 0.0000000000
66495  -33.682  -0.857  -34.204 0.0000000000
67312  -35.158  -0.594  -31.988 0.0000000000
114153  -30.678  -8.619  -29.080 0.0000000000
67310  -30.559  -1.096  -31.970 0.0000000000
66469  -31.083  -2.009  -32.168 0.0000000000
66470  -31.630  -2.964  -32.582 0.0000000000
64910  -31.864  -4.013  -32.217 0.0000000000
83597  -30.583  20.161  -30.182 0.0000000000
103858  -27.492  19.325  -32.729 0.0000000000
82969  -29.299  18.587  -31.441 0.0000000000
126621  -32.572  17.459  -29.778 0.0000000000
81590  -33.790  16.210  -30.082 0.0000000000
80828  -34.144  15.425  -30.417 0.0000000000
79150  -31.184  13.439  -29.728 0.0000000000
79151  -33.511  13.764  -29.780 0.0000000000
79981  -34.624  14.547  -31.819 0.0000000000
117157  -34.179  14.018  -33.842 0.0000000000
79193  -33.699  13.295  -34.342 0.0000000000
78371  -33.211  12.155  -35.882 0.0000000000
75861  -33.035  9.881  -31.034 0.0000000000
75877  -34.583  10.355  -32.685 0.0000000000
76738  -34.200  10.591  -34.502 0.0000000000
114176  -33.644  11.239  -36.834 0.0000000000
76746  -34.258  10.078  -38.177 0.0000000000
75052  -37.801  8.821  -37.953 0.0000000000
103730  -35.389  5.380  -37.656 0.0000000000
104579  -37.262  7.007  -37.824 0.0000000000
70866  -31.594  3.057  -32.689 0.0000000000
70868  -33.923  2.679  -32.600 0.0000000000
103716  -35.078  2.264  -35.405 0.0000000000
111895  -34.441  0.385  -34.896 0.0000000000
69090  -35.160  1.505  -35.636 0.0000000000
70885  -36.510  3.594  -34.210 0.0000000000
105985  -38.293  3.748  -33.295 0.0000000000
70880  -39.877  3.587  -33.523 0.0000000000
63204  -30.388  -5.848  -31.616 0.0000000000
63205  -30.929  -5.551  -31.499 0.0000000000
64043  -32.309  -4.716  -31.045 0.0000000000
64911  -32.315  -3.596  -32.674 0.0000000000
64913  -33.710  -2.840  -31.869 0.0000000000
64892  -33.449  -3.514  -31.426 0.0000000000
58725  -30.866  -11.386  -26.708 0.0000000000
58751  -30.233  -10.472  -27.591 0.0000000000
115218  -30.852  -10.567  -27.183 0.0000000000
77517  -30.573  11.194  -30.924 0.0000000000
112918  -32.052  11.494  -29.832 0.0000000000
122071  -32.968  11.281  -30.374 0.0000000000
77503  -33.901  11.361  -31.034 0.0000000000
76698  -33.530  10.647  -30.957 0.0000000000
106250  -35.134  7.002  -33.344 0.0000000000
74168  -34.925  7.454  -32.838 0.0000000000
74174  -35.080  7.791  -33.434 0.0000000000
75027  -34.804  8.373  -34.345 0.0000000000
75037  -34.735  7.751  -35.264 0.0000000000
126647  -34.385  7.920  -36.264 0.0000000000
75045  -34.142  7.092  -35.816 0.0000000000
103732  -36.365  3.770  -36.991 0.0000000000
111011  -36.491  4.513  -35.373 0.0000000000
104935  -37.737  4.783  -36.001 0.0000000000
103740  -37.070  4.643  -34.562 0.0000000000
68204  -30.839  0.370  -32.569 0.0000000000
122592  -31.359  1.057  -32.758 0.0000000000
68205  -31.874  0.034  -32.762 0.0000000000
127250  -36.054  0.962  -32.388 0.0000000000
68208  -36.311  1.174  -33.223 0.0000000000
68209  -37.448  0.631  -33.088 0.0000000000
68210  -38.425  0.731  -32.613 0.0000000000
67332  -37.662  -0.028  -32.458 0.0000000000
114264  -32.764  5.928  -32.349 0.0000000000
73349  -34.334  5.961  -32.820 0.0000000000
118076  -33.715  5.811  -32.543 0.0000000000
71675  -33.869  4.445  -32.420 0.0000000000
103724  -34.684  4.174  -32.796 0.0000000000
106147  -34.919  3.329  -33.027 0.0000000000
114499  -32.407  -1.731  -33.732 0.0000000000
67311  -34.279  -0.821  -33.301 0.0000000000
66471  -34.604  -1.398  -32.125 0.0000000000
57840  -29.296  -11.616  -27.096 0.0000000000
56978  -29.646  -12.392  -26.666 0.0000000000
60562  -30.069  -8.929  -29.084 0.0000000000
60563  -31.337  -8.630  -28.785 0.0000000000
106268  -29.936  -3.341  -31.354 0.0000000000
65657  -30.602  -2.869  -31.758 0.0000000000
65658  -31.436  -3.629  -32.130 0.0000000000
108136  -31.392  -4.248  -31.788 0.0000000000
83590  -29.954  20.139  -30.076 0.0000000000
104835  -29.878  19.859  -30.353 0.0000000000
82957  -30.070  19.156  -30.808 0.0000000000
81600  -29.901  17.106  -32.662 0.0000000000
82292  -29.180  17.799  -32.464 0.0000000000
82282  -30.510  18.105  -31.081 0.0000000000
82945  -31.133  18.457  -30.469 0.0000000000
82271  -31.859  17.601  -29.904 0.0000000000
80817  -31.564  15.388  -29.647 0.0000000000
81579  -32.371  16.065  -29.477 0.0000000000
80819  -32.867  15.429  -29.257 0.0000000000
80827  -33.555  15.394  -29.703 0.0000000000
79149  -30.139  13.616  -30.790 0.0000000000
110602  -33.332  12.853  -29.531 0.0000000000
79138  -33.022  13.581  -29.302 0.0000000000
79152  -34.013  13.805  -30.502 0.0000000000
79975  -34.314  14.600  -30.853 0.0000000000
79166  -34.458  13.816  -31.381 0.0000000000
79989  -34.560  14.330  -32.834 0.0000000000
79176  -34.792  13.747  -32.277 0.0000000000
77530  -34.403  12.045  -32.941 0.0000000000
116946  -34.202  12.765  -33.740 0.0000000000
78370  -34.188  12.008  -34.292 0.0000000000
79192  -33.376  12.561  -35.001 0.0000000000
78372  -33.551  11.913  -35.140 0.0000000000
75003  -33.149  8.478  -31.421 0.0000000000
75874  -32.233  9.047  -31.207 0.0000000000
75875  -33.690  9.163  -31.240 0.0000000000
75862  -34.325  9.997  -31.346 0.0000000000
75876  -34.878  9.909  -31.998 0.0000000000
75908  -34.263  9.327  -35.012 0.0000000000
107683  -34.179  9.882  -34.499 0.0000000000
76742  -33.660  10.089  -35.508 0.0000000000
76737  -33.647  10.870  -35.470 0.0000000000
76744  -33.730  10.524  -37.189 0.0000000000
76745  -33.976  10.623  -37.596 0.0000000000
75915  -33.761  9.986  -37.836 0.0000000000
75050  -35.279  8.706  -38.329 0.0000000000
75049  -34.533  9.539  -38.417 0.0000000000
75051  -36.486  8.960  -38.335 0.0000000000
75922  -37.024  9.217  -37.938 0.0000000000
106397  -34.030  5.766  -36.946 0.0000000000
103722  -34.695  4.558  -37.328 0.0000000000
104623  -37.094  4.480  -37.443 0.0000000000
103727  -36.443  5.150  -37.732 0.0000000000
73366  -38.331  7.183  -37.540 0.0000000000
113869  -39.136  8.111  -37.754 0.0000000000
73367  -38.880  6.763  -37.129 0.0000000000
72521  -39.580  5.164  -35.673 0.0000000000
71685  -39.876  4.423  -33.779 0.0000000000
107233  -30.548  3.174  -32.725 0.0000000000
69068  -33.049  1.233  -33.523 0.0000000000
69968  -33.292  2.104  -32.845 0.0000000000
70876  -34.641  2.610  -33.225 0.0000000000
69977  -34.679  2.038  -35.053 0.0000000000
126775  -33.147  -0.658  -34.399 0.0000000000
68216  -33.561  -0.180  -34.533 0.0000000000
69083  -36.203  1.513  -34.573 0.0000000000
69082  -35.491  1.271  -35.459 0.0000000000
69092  -36.065  1.703  -35.161 0.0000000000
104631  -36.017  2.182  -35.230 0.0000000000
69985  -36.707  2.314  -34.470 0.0000000000
119716  -37.441  3.220  -33.850 0.0000000000
69978  -37.834  2.478  -33.538 0.0000000000
69086  -39.747  1.967  -33.347 0.0000000000
69979  -39.253  2.802  -33.300 0.0000000000
69980  -40.127  2.671  -33.211 0.0000000000
63190  -31.650  -5.625  -30.735 0.0000000000
64042  -31.421  -5.102  -31.382 0.0000000000
122949  -32.362  5.337  -32.276 0.0000000000
111106  -31.959  3.994  -32.501 0.0000000000
65671  -32.336  -2.995  -33.305 0.0000000000
65672  -32.820  -2.607  -33.916 0.0000000000
65659  -33.192  -2.670  -33.364 0.0000000000
65660  -34.095  -2.171  -32.185 0.0000000000
57841  -30.077  -11.735  -26.765 0.0000000000
59655  -30.112  -9.584  -28.485 0.0000000000
59634  -30.782  -9.938  -27.833 0.0000000000
65655  -28.619  -2.962  -31.442 0.0000000000
106694  -29.259  -3.385  -31.276 0.0000000000
64908  -29.679  -4.136  -31.335 0.0000000000
81601  -30.289  16.832  -32.144 0.0000000000
81588  -30.755  16.858  -31.132 0.0000000000
119965  -30.708  15.894  -30.775 0.0000000000
80826  -30.850  15.296  -30.154 0.0000000000
79972  -31.406  14.566  -29.647 0.0000000000
78332  -30.485  12.629  -30.244 0.0000000000
78334  -32.810  12.041  -29.748 0.0000000000
116678  -34.778  13.200  -31.837 0.0000000000
78336  -34.312  11.972  -31.318 0.0000000000
77518  -34.670  11.629  -32.003 0.0000000000
75005  -34.758  8.880  -32.365 0.0000000000
75892  -34.716  9.536  -32.909 0.0000000000
109404  -34.858  8.646  -33.272 0.0000000000
75912  -33.850  9.353  -36.342 0.0000000000
75916  -33.751  9.388  -37.702 0.0000000000
75044  -34.000  8.573  -37.146 0.0000000000
103738  -34.716  7.763  -37.500 0.0000000000
103719  -35.577  3.370  -38.033 0.0000000000
103733  -36.057  2.938  -37.710 0.0000000000
103734  -38.086  5.281  -36.770 0.0000000000
71701  -39.543  5.485  -37.439 0.0000000000
70889  -38.989  4.059  -36.989 0.0000000000
71697  -39.070  3.945  -35.938 0.0000000000
110942  -30.463  1.793  -33.152 0.0000000000
67329  -34.382  -0.100  -34.179 0.0000000000
68218  -34.889  0.427  -35.104 0.0000000000
106118  -37.722  1.671  -33.562 0.0000000000
110381  -39.137  1.409  -32.972 0.0000000000
69071  -40.061  1.605  -32.789 0.0000000000
124183  -29.179  -7.378  -30.655 0.0000000000
62323  -30.373  -6.832  -31.545 0.0000000000
63188  -30.506  -6.293  -31.582 0.0000000000
62324  -31.129  -6.504  -30.809 0.0000000000
73343  -34.693  6.740  -32.771 0.0000000000
73351  -34.835  6.592  -34.083 0.0000000000
104666  -33.963  6.433  -35.150 0.0000000000
73350  -34.703  6.080  -33.228 0.0000000000
72529  -34.078  5.013  -34.437 0.0000000000
72520  -34.454  5.052  -33.575 0.0000000000
72513  -34.135  5.115  -32.661 0.0000000000
103728  -34.515  4.647  -34.626 0.0000000000
104632  -35.753  4.209  -33.871 0.0000000000
103718  -36.003  3.657  -34.397 0.0000000000
67327  -32.270  -0.841  -33.092 0.0000000000
68206  -32.543  -0.456  -33.526 0.0000000000
67328  -32.736  -1.143  -34.212 0.0000000000
67338  -32.998  -1.075  -34.456 0.0000000000
67339  -33.250  -0.700  -34.370 0.0000000000
66494  -33.155  -1.492  -34.355 0.0000000000
67330  -34.858  0.045  -32.797 0.0000000000
67331  -35.852  0.170  -32.169 0.0000000000
123658  -37.007  -0.678  -32.455 0.0000000000
67313  -36.423  -1.064  -32.072 0.0000000000
65661  -35.560  -2.355  -31.567 0.0000000000
60586  -30.045  -8.048  -29.464 0.0000000000
60587  -30.879  -8.091  -29.443 0.0000000000
67326  -30.388  -0.281  -32.283 0.0000000000
66485  -31.987  -2.313  -33.125 0.0000000000
125945  -31.962  -3.521  -32.709 0.0000000000
64059  -31.974  -4.362  -31.971 0.0000000000
82956  -28.189  19.255  -31.507 0.0000000000
82946  -31.634  18.540  -30.155 0.0000000000
81578  -31.758  16.609  -29.782 0.0000000000
82273  -33.244  16.925  -29.866 0.0000000000
116927  -33.789  17.051  -30.528 0.0000000000
81591  -34.259  16.299  -30.947 0.0000000000
80835  -34.447  15.399  -31.348 0.0000000000
79971  -30.557  14.441  -30.453 0.0000000000
79973  -32.367  13.942  -29.340 0.0000000000
79965  -33.158  14.525  -29.330 0.0000000000
79974  -33.808  14.596  -30.052 0.0000000000
116614  -34.595  15.303  -32.499 0.0000000000
79997  -34.499  14.758  -33.416 0.0000000000
80005  -33.435  13.799  -34.950 0.0000000000
115033  -34.716  12.974  -32.595 0.0000000000
125735  -30.504  10.003  -31.351 0.0000000000
76697  -32.379  10.451  -30.599 0.0000000000
76714  -34.728  10.772  -31.960 0.0000000000
113157  -34.389  11.147  -32.731 0.0000000000
76734  -34.393  10.050  -33.608 0.0000000000
120263  -34.366  10.690  -33.437 0.0000000000
77539  -34.019  11.376  -34.835 0.0000000000
77538  -33.441  11.548  -35.619 0.0000000000
77541  -33.309  11.784  -36.381 0.0000000000
75920  -33.938  9.562  -38.200 0.0000000000
75917  -35.089  10.112  -38.312 0.0000000000
75918  -36.080  9.681  -37.891 0.0000000000
75919  -37.294  9.261  -37.358 0.0000000000
104621  -34.157  6.261  -36.341 0.0000000000
103743  -34.904  6.545  -37.342 0.0000000000
103737  -36.134  6.665  -37.785 0.0000000000
116915  -35.756  4.061  -38.119 0.0000000000
74200  -36.734  8.078  -38.196 0.0000000000
74201  -38.362  8.210  -38.058 0.0000000000
72530  -39.908  5.417  -36.782 0.0000000000
70867  -32.779  2.942  -32.519 0.0000000000
69967  -32.317  2.128  -32.817 0.0000000000
70877  -34.999  2.858  -34.548 0.0000000000
69079  -33.056  0.344  -34.179 0.0000000000
69080  -33.643  0.716  -34.609 0.0000000000
118528  -34.956  0.722  -35.515 0.0000000000
69081  -34.411  1.041  -35.318 0.0000000000
104351  -35.504  2.107  -35.519 0.0000000000
103714  -35.857  2.778  -35.039 0.0000000000
70878  -37.680  4.212  -33.954 0.0000000000
106030  -38.605  4.305  -33.827 0.0000000000
70879  -39.110  3.979  -33.295 0.0000000000
71684  -39.550  4.468  -34.010 0.0000000000
108137  -30.007  -5.073  -31.533 0.0000000000
126037  -30.300  -4.503  -31.482 0.0000000000
64057  -30.830  -4.893  -31.571 0.0000000000
64058  -31.490  -4.641  -31.632 0.0000000000
69091  -35.628  1.654  -35.471 0.0000000000
69988  -38.878  4.264  -37.470 0.0000000000
70869  -34.383  3.467  -32.537 0.0000000000
70888  -38.780  4.329  -37.354 0.0000000000
70890  -39.122  4.504  -37.535 0.0000000000
71700  -39.610  5.044  -37.258 0.0000000000
72508  -33.295  5.257  -32.450 0.0000000000
72535  -39.909  5.815  -37.236 0.0000000000
72536  -39.576  6.052  -37.380 0.0000000000
73358  -34.239  5.739  -34.257 0.0000000000
74198  -39.858  6.121  -36.796 0.0000000000
75004  -34.123  8.558  -31.665 0.0000000000
75028  -35.152  7.398  -34.210 0.0000000000
75860  -31.888  9.779  -30.865 0.0000000000
76699  -34.323  10.755  -31.449 0.0000000000
76741  -33.524  10.661  -36.323 0.0000000000
78350  -31.030  11.717  -30.243 0.0000000000
79186  -34.439  13.527  -33.256 0.0000000000
80818  -32.181  15.514  -29.432 0.0000000000
81580  -33.159  16.145  -29.542 0.0000000000
82272  -32.486  16.791  -29.652 0.0000000000
82293  -30.173  17.494  -31.923 0.0000000000
82968  -28.153  19.038  -32.521 0.0000000000
103717  -35.227  3.994  -37.562 0.0000000000
103720  -34.149  5.155  -37.129 0.0000000000
103721  -35.239  3.947  -37.590 0.0000000000
103723  -35.800  3.195  -38.335 0.0000000000
103726  -36.026  2.918  -38.365 0.0000000000
103729  -34.366  5.436  -37.237 0.0000000000
103735  -39.144  5.073  -37.563 0.0000000000
103736  -39.058  5.597  -37.472 0.0000000000
103742  -36.455  3.132  -37.955 0.0000000000
103744  -39.241  4.827  -37.511 0.0000000000
103857  -27.669  19.313  -32.173 0.0000000000
104186  -37.413  6.002  -37.275 0.0000000000
104427  -39.047  4.549  -37.619 0.0000000000
104515  -34.644  4.873  -37.278 0.0000000000
105047  -35.096  4.034  -37.214 0.0000000000
105138  -34.368  6.743  -36.897 0.0000000000
105838  -33.996  5.291  -36.782 0.0000000000
106612  -35.384  2.803  -34.878 0.0000000000
113474  -29.419  13.088  -32.204 0.0000000000
115587  -32.458  12.849  -29.394 0.0000000000
115657  -33.764  13.093  -30.195 0.0000000000
115820  -31.753  15.934  -29.624 0.0000000000
116788  -33.424  11.218  -36.107 0.0000000000
116830  -39.187  4.396  -37.364 0.0000000000
119257  -38.054  4.572  -36.754 0.0000000000
119318  -38.704  4.978  -37.407 0.0000000000
125217  -34.636  10.353  -31.691 0.0000000000
127213  -32.714  0.793  -33.436 0.0000000000
