#!ascii label  , from subject 001 vox2ras=TkReg
1048
27771  17.374  -44.391  42.889 0.0000000000
28801  11.622  -44.449  34.140 0.0000000000
21375  10.340  -51.731  43.810 0.0000000000
27764  8.158  -44.168  44.850 0.0000000000
35679  8.029  -34.953  42.133 0.0000000000
23237  14.059  -48.508  44.531 0.0000000000
25846  13.304  -46.027  48.091 0.0000000000
26846  20.600  -44.656  40.201 0.0000000000
22302  18.387  -50.185  40.850 0.0000000000
19427  13.237  -52.467  40.118 0.0000000000
115882  8.972  -37.756  47.521 0.0000000000
112936  5.961  -39.962  42.611 0.0000000000
38079  8.329  -33.165  45.098 0.0000000000
23260  6.021  -49.982  40.731 0.0000000000
25888  9.336  -47.057  41.078 0.0000000000
24989  9.850  -47.549  45.813 0.0000000000
29623  10.266  -41.432  48.340 0.0000000000
28756  11.467  -44.036  40.114 0.0000000000
31449  10.588  -40.633  39.284 0.0000000000
34879  12.462  -36.252  39.083 0.0000000000
37375  4.137  -33.146  38.922 0.0000000000
25871  15.680  -46.554  43.041 0.0000000000
112179  14.430  -46.092  45.165 0.0000000000
27778  19.205  -44.752  41.563 0.0000000000
24155  19.554  -47.004  40.481 0.0000000000
24997  18.403  -47.136  42.114 0.0000000000
23250  15.981  -49.449  42.430 0.0000000000
35636  8.009  -35.708  47.236 0.0000000000
22295  8.515  -50.730  42.862 0.0000000000
24148  8.510  -48.957  43.358 0.0000000000
23241  9.995  -49.275  45.010 0.0000000000
29624  12.936  -41.903  48.192 0.0000000000
110258  10.900  -43.775  48.009 0.0000000000
19414  12.217  -52.541  42.041 0.0000000000
19428  11.181  -52.988  39.731 0.0000000000
105989  9.432  -52.782  41.520 0.0000000000
21393  7.098  -51.682  40.272 0.0000000000
116173  9.948  -46.371  43.248 0.0000000000
25885  11.495  -46.330  40.508 0.0000000000
28747  9.969  -43.542  42.716 0.0000000000
34109  6.767  -37.453  42.714 0.0000000000
31437  8.277  -39.982  40.618 0.0000000000
33325  8.356  -38.233  40.375 0.0000000000
33341  11.606  -38.540  39.387 0.0000000000
34863  9.269  -36.238  40.375 0.0000000000
22283  13.168  -50.556  44.395 0.0000000000
23234  12.329  -48.883  45.971 0.0000000000
24985  13.798  -47.351  45.593 0.0000000000
28710  13.628  -43.819  46.923 0.0000000000
26853  22.394  -45.128  40.232 0.0000000000
111521  22.123  -46.284  36.864 0.0000000000
25014  20.942  -46.839  39.194 0.0000000000
23266  19.720  -49.661  38.524 0.0000000000
21392  15.716  -51.991  40.841 0.0000000000
21380  14.095  -51.213  42.066 0.0000000000
30523  7.956  -41.234  46.828 0.0000000000
29671  6.916  -42.545  43.702 0.0000000000
32374  6.098  -39.219  46.147 0.0000000000
34838  4.958  -36.229  45.053 0.0000000000
37332  6.277  -34.002  43.758 0.0000000000
29658  18.731  -42.255  43.712 0.0000000000
30560  24.090  -41.205  39.920 0.0000000000
30545  25.949  -41.270  43.269 0.0000000000
27765  22.070  -42.937  41.882 0.0000000000
27754  19.855  -41.330  43.169 0.0000000000
24166  5.124  -48.852  39.650 0.0000000000
107286  6.047  -46.734  39.725 0.0000000000
25009  6.960  -47.830  41.384 0.0000000000
112003  9.668  -47.425  43.156 0.0000000000
117768  8.900  -45.684  45.199 0.0000000000
108519  11.320  -47.198  46.987 0.0000000000
119257  9.197  -45.474  47.413 0.0000000000
28711  8.673  -43.338  47.398 0.0000000000
116325  9.644  -39.803  48.010 0.0000000000
26858  8.292  -46.468  38.888 0.0000000000
26879  10.351  -45.120  38.050 0.0000000000
27810  11.915  -44.853  37.618 0.0000000000
29679  8.482  -42.068  42.058 0.0000000000
29697  10.257  -41.882  39.319 0.0000000000
29715  12.515  -42.881  36.960 0.0000000000
30593  11.572  -40.515  36.706 0.0000000000
33360  12.553  -38.840  36.516 0.0000000000
117380  8.837  -32.230  42.684 0.0000000000
116806  6.836  -32.086  41.940 0.0000000000
39689  6.412  -31.542  40.461 0.0000000000
37360  6.428  -33.396  40.623 0.0000000000
105513  8.199  -33.783  39.094 0.0000000000
26832  16.031  -45.654  43.272 0.0000000000
120012  16.028  -44.549  43.864 0.0000000000
28740  16.722  -43.177  43.408 0.0000000000
27779  18.871  -44.464  42.121 0.0000000000
25877  18.533  -46.199  41.961 0.0000000000
26841  17.855  -45.753  42.337 0.0000000000
24992  16.516  -47.064  42.568 0.0000000000
29740  10.916  -44.076  32.003 0.0000000000
28815  12.280  -43.863  33.493 0.0000000000
21376  9.538  -51.580  43.439 0.0000000000
22287  9.220  -50.092  44.030 0.0000000000
22286  10.555  -50.397  44.659 0.0000000000
123217  22.393  -44.210  37.026 0.0000000000
20435  11.615  -52.260  43.366 0.0000000000
19416  10.899  -53.108  42.167 0.0000000000
20437  9.977  -52.375  43.156 0.0000000000
20442  8.861  -52.383  41.998 0.0000000000
27763  8.630  -44.616  44.325 0.0000000000
27783  9.483  -44.245  43.282 0.0000000000
27773  8.802  -44.089  43.723 0.0000000000
118637  8.093  -37.139  42.101 0.0000000000
33320  7.258  -37.786  40.594 0.0000000000
34117  8.387  -36.883  41.577 0.0000000000
34122  8.611  -37.569  40.675 0.0000000000
35684  8.294  -35.290  40.899 0.0000000000
22282  13.655  -50.156  44.279 0.0000000000
24142  13.660  -48.426  45.365 0.0000000000
24141  13.844  -48.075  45.061 0.0000000000
26817  13.452  -45.136  46.093 0.0000000000
30511  14.296  -41.721  48.010 0.0000000000
25881  20.950  -44.934  39.998 0.0000000000
25013  21.940  -46.645  39.012 0.0000000000
25892  20.569  -45.568  39.842 0.0000000000
23252  19.225  -48.860  40.978 0.0000000000
24165  20.083  -48.660  39.811 0.0000000000
22307  19.113  -49.960  39.843 0.0000000000
21385  17.011  -51.078  40.943 0.0000000000
23246  14.985  -49.354  42.959 0.0000000000
110827  15.010  -50.722  42.174 0.0000000000
22289  14.088  -50.370  43.226 0.0000000000
21372  12.988  -50.897  42.986 0.0000000000
32365  7.966  -39.740  47.704 0.0000000000
31407  6.951  -39.995  46.031 0.0000000000
33287  7.335  -38.358  47.123 0.0000000000
37305  8.060  -33.653  46.960 0.0000000000
35638  6.235  -35.651  46.815 0.0000000000
37317  5.960  -33.892  45.744 0.0000000000
36494  5.241  -34.734  44.605 0.0000000000
37325  6.560  -33.145  45.001 0.0000000000
27775  22.764  -42.850  41.543 0.0000000000
23261  5.526  -49.485  40.215 0.0000000000
25012  5.869  -47.678  40.559 0.0000000000
24159  7.064  -48.639  41.535 0.0000000000
118869  9.149  -48.705  44.157 0.0000000000
24152  8.985  -48.327  43.217 0.0000000000
24995  9.662  -48.060  43.904 0.0000000000
25869  9.494  -46.353  44.817 0.0000000000
25865  9.469  -46.817  45.606 0.0000000000
119616  12.865  -47.404  46.608 0.0000000000
24137  11.888  -48.217  46.054 0.0000000000
25855  11.897  -46.524  47.634 0.0000000000
28701  10.129  -43.006  48.116 0.0000000000
27744  10.305  -44.747  48.261 0.0000000000
27740  10.133  -43.266  47.952 0.0000000000
27749  8.663  -44.226  47.348 0.0000000000
28707  9.174  -42.794  47.863 0.0000000000
30513  8.916  -41.678  48.140 0.0000000000
30502  10.111  -41.034  47.989 0.0000000000
25031  21.088  -48.005  36.169 0.0000000000
25043  20.755  -46.729  34.820 0.0000000000
20455  13.985  -52.663  39.631 0.0000000000
20468  13.417  -52.414  37.732 0.0000000000
120965  13.110  -52.709  39.018 0.0000000000
108827  10.315  -52.984  39.527 0.0000000000
19434  10.422  -53.030  38.618 0.0000000000
22304  7.310  -51.229  40.921 0.0000000000
22306  5.605  -50.254  40.014 0.0000000000
25897  7.349  -46.969  40.357 0.0000000000
26859  7.338  -46.859  38.727 0.0000000000
25902  8.742  -46.904  39.368 0.0000000000
26847  11.595  -45.398  40.870 0.0000000000
26855  11.079  -45.947  39.234 0.0000000000
26866  11.216  -45.200  39.051 0.0000000000
27811  11.050  -45.115  37.234 0.0000000000
27801  11.532  -44.546  38.588 0.0000000000
30547  6.002  -41.102  43.854 0.0000000000
115277  7.593  -42.223  42.376 0.0000000000
30554  6.896  -41.064  41.852 0.0000000000
31441  9.069  -40.336  39.755 0.0000000000
30563  9.258  -40.746  39.983 0.0000000000
30571  10.396  -41.160  39.310 0.0000000000
29706  11.261  -42.353  37.964 0.0000000000
30581  11.256  -41.379  37.792 0.0000000000
108569  11.692  -41.163  36.998 0.0000000000
31461  11.521  -40.760  38.049 0.0000000000
34880  12.056  -36.868  39.879 0.0000000000
33351  12.237  -38.670  38.051 0.0000000000
34153  12.982  -37.749  38.038 0.0000000000
39673  9.275  -30.764  42.493 0.0000000000
38869  7.992  -31.958  42.410 0.0000000000
39683  8.116  -30.785  41.793 0.0000000000
39706  4.314  -30.566  38.779 0.0000000000
38130  3.784  -31.714  40.359 0.0000000000
38124  5.516  -32.029  40.055 0.0000000000
37367  5.654  -33.276  39.951 0.0000000000
36534  7.123  -34.102  39.911 0.0000000000
36543  6.045  -33.521  38.115 0.0000000000
24994  14.701  -47.946  43.432 0.0000000000
24988  14.057  -47.205  44.928 0.0000000000
25863  14.599  -45.939  44.783 0.0000000000
26838  19.725  -44.592  40.767 0.0000000000
25883  19.771  -45.617  40.216 0.0000000000
25884  19.383  -45.935  40.578 0.0000000000
25005  18.811  -47.384  41.384 0.0000000000
24158  17.969  -49.061  42.053 0.0000000000
22292  17.062  -50.183  41.914 0.0000000000
24150  17.258  -48.535  42.385 0.0000000000
24146  15.447  -48.334  42.749 0.0000000000
34815  10.016  -36.729  48.092 0.0000000000
34819  8.691  -36.955  47.090 0.0000000000
36461  9.592  -35.824  47.363 0.0000000000
37303  9.685  -34.240  47.072 0.0000000000
37313  9.411  -33.466  46.374 0.0000000000
22300  7.499  -50.696  41.411 0.0000000000
23251  7.490  -49.327  41.750 0.0000000000
22291  8.080  -49.940  42.809 0.0000000000
23244  8.790  -49.408  43.829 0.0000000000
24145  9.848  -48.710  44.822 0.0000000000
27736  12.859  -44.051  47.772 0.0000000000
26808  12.324  -44.579  48.139 0.0000000000
28699  12.495  -42.488  47.989 0.0000000000
29626  11.126  -41.316  48.364 0.0000000000
29622  10.737  -40.936  48.327 0.0000000000
31384  10.554  -40.050  48.263 0.0000000000
122841  12.695  -51.886  41.264 0.0000000000
118953  12.567  -52.452  40.184 0.0000000000
119298  11.530  -52.995  41.066 0.0000000000
19419  9.984  -53.079  41.067 0.0000000000
19426  9.149  -52.947  40.159 0.0000000000
20457  8.143  -52.509  39.524 0.0000000000
20446  8.810  -52.417  41.132 0.0000000000
21389  7.840  -51.720  41.098 0.0000000000
25880  10.139  -46.746  42.412 0.0000000000
25895  10.208  -47.107  40.334 0.0000000000
25879  10.855  -46.400  41.904 0.0000000000
27781  10.892  -44.361  42.448 0.0000000000
28751  11.311  -43.867  41.686 0.0000000000
32395  6.185  -39.044  42.332 0.0000000000
31433  6.825  -40.090  41.521 0.0000000000
32399  6.924  -39.184  40.794 0.0000000000
32398  7.915  -39.260  40.524 0.0000000000
32410  9.528  -39.304  39.726 0.0000000000
32420  10.547  -39.402  39.411 0.0000000000
108977  10.064  -38.171  40.287 0.0000000000
34129  10.111  -37.597  40.409 0.0000000000
34869  10.872  -36.466  40.135 0.0000000000
112556  3.131  -31.998  37.747 0.0000000000
36549  5.154  -34.206  37.164 0.0000000000
36550  4.432  -34.147  36.241 0.0000000000
21367  11.683  -51.261  44.330 0.0000000000
22285  11.383  -50.610  44.769 0.0000000000
22277  12.925  -50.088  45.078 0.0000000000
24135  13.521  -48.033  45.926 0.0000000000
24980  13.339  -47.040  46.472 0.0000000000
25859  14.098  -46.484  45.336 0.0000000000
117428  13.418  -46.072  46.421 0.0000000000
26811  13.670  -45.168  48.071 0.0000000000
115038  13.371  -42.980  47.564 0.0000000000
27799  22.781  -44.744  39.061 0.0000000000
27821  22.366  -44.906  37.307 0.0000000000
25910  22.312  -46.127  38.586 0.0000000000
24164  20.285  -47.847  39.999 0.0000000000
24168  20.676  -48.553  38.461 0.0000000000
23268  20.104  -49.080  37.195 0.0000000000
20454  15.457  -52.315  39.445 0.0000000000
20443  14.847  -52.059  40.628 0.0000000000
22299  16.639  -50.739  41.603 0.0000000000
21387  15.433  -51.601  41.535 0.0000000000
20438  13.975  -51.379  41.703 0.0000000000
20433  12.846  -51.505  42.556 0.0000000000
21373  12.595  -51.679  43.417 0.0000000000
28725  7.124  -42.777  45.876 0.0000000000
28743  7.344  -43.024  44.387 0.0000000000
120054  6.729  -41.862  45.575 0.0000000000
30544  6.064  -41.019  44.716 0.0000000000
32386  5.595  -39.497  44.344 0.0000000000
34083  6.393  -37.040  46.906 0.0000000000
107300  5.570  -37.520  45.680 0.0000000000
124531  5.005  -38.037  44.017 0.0000000000
34106  5.168  -37.140  43.512 0.0000000000
35667  5.396  -35.701  43.704 0.0000000000
106188  6.481  -34.890  43.727 0.0000000000
29667  17.886  -42.635  43.162 0.0000000000
29694  23.237  -42.573  38.920 0.0000000000
32390  26.201  -39.203  42.961 0.0000000000
32388  26.804  -40.000  43.483 0.0000000000
31432  25.511  -40.386  41.737 0.0000000000
30555  24.425  -41.366  41.271 0.0000000000
28754  23.741  -42.271  40.954 0.0000000000
28760  23.273  -43.365  39.716 0.0000000000
26844  22.120  -43.974  40.706 0.0000000000
26836  21.055  -43.919  40.562 0.0000000000
28737  20.971  -42.378  42.259 0.0000000000
27767  20.319  -42.964  41.651 0.0000000000
27768  19.518  -43.314  41.811 0.0000000000
27760  19.231  -42.824  42.472 0.0000000000
25011  6.381  -46.975  40.493 0.0000000000
25008  7.818  -47.665  41.377 0.0000000000
24154  7.790  -48.715  41.973 0.0000000000
25001  8.285  -48.088  42.027 0.0000000000
25006  9.594  -47.251  42.073 0.0000000000
25873  9.781  -46.620  43.873 0.0000000000
26827  9.019  -45.409  44.501 0.0000000000
26824  8.460  -45.041  45.034 0.0000000000
23236  10.808  -49.001  45.272 0.0000000000
122695  10.511  -48.310  45.334 0.0000000000
24987  9.940  -47.317  46.454 0.0000000000
25848  11.392  -45.862  48.034 0.0000000000
106136  9.826  -45.942  47.473 0.0000000000
25861  9.412  -46.676  46.307 0.0000000000
25862  8.835  -45.972  46.413 0.0000000000
27752  8.333  -44.573  46.724 0.0000000000
27753  7.815  -44.132  46.198 0.0000000000
29639  8.175  -41.987  46.763 0.0000000000
31393  8.130  -40.435  47.885 0.0000000000
33274  9.820  -38.484  48.521 0.0000000000
32348  10.519  -38.814  48.670 0.0000000000
33270  10.543  -38.169  48.896 0.0000000000
34071  10.490  -37.098  48.757 0.0000000000
20477  12.917  -52.022  36.889 0.0000000000
107937  11.582  -53.030  39.027 0.0000000000
25901  10.046  -46.903  39.485 0.0000000000
26869  8.744  -45.503  38.571 0.0000000000
27836  11.676  -44.671  35.736 0.0000000000
28749  7.936  -43.290  43.040 0.0000000000
108806  9.158  -42.724  42.293 0.0000000000
29678  10.116  -42.198  41.715 0.0000000000
30558  8.373  -40.534  41.168 0.0000000000
29683  9.980  -41.641  41.023 0.0000000000
28762  11.204  -43.417  39.453 0.0000000000
29695  11.596  -43.194  38.186 0.0000000000
28779  12.396  -43.778  37.273 0.0000000000
121739  12.626  -43.814  35.641 0.0000000000
29731  12.884  -43.101  35.048 0.0000000000
32429  11.871  -39.262  38.317 0.0000000000
32438  12.169  -39.472  36.706 0.0000000000
38088  9.970  -33.332  44.603 0.0000000000
38852  10.026  -31.910  43.553 0.0000000000
38090  8.794  -33.857  43.991 0.0000000000
38105  7.546  -33.278  43.232 0.0000000000
37339  7.062  -33.492  42.994 0.0000000000
123648  6.929  -33.444  42.177 0.0000000000
38885  6.744  -31.669  41.150 0.0000000000
37353  6.393  -32.805  40.751 0.0000000000
36522  7.627  -34.091  41.067 0.0000000000
36528  8.009  -34.273  40.636 0.0000000000
36533  8.649  -34.430  39.871 0.0000000000
35687  10.072  -34.818  39.574 0.0000000000
37372  9.103  -33.814  38.299 0.0000000000
26831  17.167  -45.306  42.927 0.0000000000
111173  16.709  -44.019  43.375 0.0000000000
27770  18.270  -43.987  42.510 0.0000000000
27780  18.038  -44.847  42.353 0.0000000000
28802  10.555  -44.622  33.624 0.0000000000
28816  11.295  -44.115  33.054 0.0000000000
21369  9.888  -50.857  44.097 0.0000000000
21368  10.801  -51.170  44.332 0.0000000000
28777  22.856  -43.435  37.992 0.0000000000
28778  22.516  -43.562  37.225 0.0000000000
122282  10.754  -52.212  43.505 0.0000000000
21382  9.128  -52.151  42.829 0.0000000000
27774  8.343  -43.995  44.158 0.0000000000
34855  8.206  -36.277  42.228 0.0000000000
34859  8.532  -36.517  41.035 0.0000000000
34854  8.361  -35.777  41.522 0.0000000000
122763  14.093  -49.155  44.140 0.0000000000
22275  13.859  -49.129  44.699 0.0000000000
25882  20.232  -45.300  39.989 0.0000000000
23259  18.930  -49.757  40.616 0.0000000000
107462  18.454  -50.307  40.214 0.0000000000
22308  18.489  -50.334  39.413 0.0000000000
22309  17.956  -50.830  39.816 0.0000000000
21390  17.312  -51.280  40.168 0.0000000000
22303  17.819  -50.666  40.676 0.0000000000
112001  14.363  -48.897  43.786 0.0000000000
23242  14.330  -49.623  43.504 0.0000000000
22281  13.999  -49.918  44.033 0.0000000000
33278  8.719  -38.456  47.671 0.0000000000
33286  8.126  -38.830  47.430 0.0000000000
115843  8.112  -38.004  47.368 0.0000000000
117228  7.928  -33.039  46.108 0.0000000000
36481  6.666  -34.266  46.651 0.0000000000
37316  6.664  -33.450  45.949 0.0000000000
38080  7.420  -32.988  45.309 0.0000000000
23257  5.941  -49.200  40.818 0.0000000000
23256  6.657  -49.428  41.249 0.0000000000
24991  9.957  -48.026  44.792 0.0000000000
103550  9.767  -47.211  45.113 0.0000000000
25854  12.798  -46.472  47.718 0.0000000000
115561  12.390  -46.948  47.016 0.0000000000
29627  10.058  -42.222  48.625 0.0000000000
28702  9.913  -42.722  48.467 0.0000000000
28706  9.901  -43.068  47.874 0.0000000000
29628  9.743  -41.993  48.594 0.0000000000
30507  9.432  -41.512  48.205 0.0000000000
124872  13.411  -52.734  39.502 0.0000000000
19429  9.443  -52.856  39.643 0.0000000000
19435  9.701  -52.755  38.886 0.0000000000
22301  6.798  -50.382  41.105 0.0000000000
22305  6.456  -50.827  40.322 0.0000000000
25889  8.181  -47.215  40.807 0.0000000000
108959  8.258  -47.208  39.869 0.0000000000
25896  9.123  -47.204  40.001 0.0000000000
27789  11.522  -44.937  40.231 0.0000000000
26854  11.394  -45.491  39.662 0.0000000000
27792  11.431  -44.700  39.522 0.0000000000
28761  11.495  -44.093  39.289 0.0000000000
31427  5.837  -40.343  43.315 0.0000000000
30549  6.645  -41.366  42.632 0.0000000000
31430  6.401  -40.544  42.366 0.0000000000
31450  9.855  -40.110  39.527 0.0000000000
30572  9.706  -40.699  39.697 0.0000000000
30582  10.989  -41.000  38.669 0.0000000000
31462  11.265  -40.530  38.734 0.0000000000
34140  12.720  -37.295  38.998 0.0000000000
39682  9.651  -30.559  42.314 0.0000000000
40499  8.941  -30.349  41.787 0.0000000000
39674  8.696  -30.691  41.963 0.0000000000
40500  8.431  -29.526  41.590 0.0000000000
38137  3.427  -31.808  40.011 0.0000000000
38899  3.782  -31.255  39.789 0.0000000000
38129  3.995  -32.177  40.479 0.0000000000
37368  4.740  -32.890  39.863 0.0000000000
37374  5.334  -33.330  39.044 0.0000000000
25872  14.721  -47.056  43.619 0.0000000000
25868  14.266  -46.753  44.647 0.0000000000
25867  14.903  -46.119  43.801 0.0000000000
27761  16.023  -43.801  43.984 0.0000000000
26839  19.375  -44.907  41.026 0.0000000000
25875  19.549  -45.310  40.580 0.0000000000
25876  19.039  -45.526  41.225 0.0000000000
24996  18.859  -46.447  41.148 0.0000000000
24157  18.704  -48.476  41.539 0.0000000000
24149  18.216  -48.086  42.170 0.0000000000
24998  17.457  -47.604  42.428 0.0000000000
24999  16.313  -47.951  42.445 0.0000000000
24993  15.473  -47.470  42.804 0.0000000000
35626  10.092  -36.360  47.999 0.0000000000
36468  10.522  -34.992  46.967 0.0000000000
36479  11.205  -35.280  46.142 0.0000000000
37312  10.308  -34.262  46.192 0.0000000000
36492  11.049  -34.759  45.633 0.0000000000
22296  7.905  -50.587  42.119 0.0000000000
23243  9.438  -49.359  44.420 0.0000000000
28698  12.927  -42.884  47.730 0.0000000000
27737  12.580  -43.423  47.874 0.0000000000
30506  11.792  -40.866  48.612 0.0000000000
29621  11.289  -40.500  48.585 0.0000000000
30500  10.995  -40.133  48.511 0.0000000000
19417  12.247  -52.482  41.352 0.0000000000
19415  11.730  -53.006  41.814 0.0000000000
20445  10.103  -53.094  41.892 0.0000000000
19418  10.706  -53.141  41.424 0.0000000000
19425  9.799  -52.997  40.273 0.0000000000
20450  9.287  -52.850  40.742 0.0000000000
20451  8.607  -52.577  40.334 0.0000000000
21383  8.467  -51.564  42.293 0.0000000000
20447  8.288  -51.991  41.515 0.0000000000
21384  7.902  -51.309  41.540 0.0000000000
26843  10.482  -46.005  42.684 0.0000000000
27782  10.162  -44.503  42.912 0.0000000000
114144  10.526  -45.158  42.736 0.0000000000
33313  6.405  -38.029  42.431 0.0000000000
32394  6.613  -39.085  41.503 0.0000000000
33317  6.717  -38.059  41.655 0.0000000000
33326  7.860  -37.880  40.344 0.0000000000
32403  7.239  -38.423  40.343 0.0000000000
32402  7.883  -38.457  40.279 0.0000000000
32411  8.648  -39.041  40.176 0.0000000000
33332  9.306  -38.573  40.196 0.0000000000
34864  8.843  -36.644  40.635 0.0000000000
34121  9.220  -37.128  40.498 0.0000000000
34870  10.012  -36.821  40.335 0.0000000000
34862  9.913  -35.962  40.189 0.0000000000
38913  3.262  -30.969  38.031 0.0000000000
124867  3.065  -31.350  37.309 0.0000000000
37385  3.340  -32.932  37.068 0.0000000000
37392  3.634  -32.733  36.060 0.0000000000
21366  12.541  -51.225  44.122 0.0000000000
22284  12.304  -50.659  44.665 0.0000000000
24134  13.744  -47.752  45.517 0.0000000000
24986  13.573  -47.574  46.194 0.0000000000
24130  13.288  -47.507  46.336 0.0000000000
24979  13.668  -47.169  46.038 0.0000000000
25864  14.155  -46.620  45.202 0.0000000000
27748  13.042  -44.654  46.978 0.0000000000
26818  13.084  -45.571  46.810 0.0000000000
27741  13.560  -44.421  47.793 0.0000000000
28704  13.514  -43.437  47.336 0.0000000000
26864  23.006  -45.074  39.953 0.0000000000
26865  22.518  -45.406  39.369 0.0000000000
25018  21.576  -47.409  38.488 0.0000000000
25003  19.633  -46.243  40.300 0.0000000000
24161  19.890  -46.845  40.022 0.0000000000
23263  19.638  -49.444  39.389 0.0000000000
23262  20.204  -49.013  38.951 0.0000000000
23265  20.235  -49.176  38.059 0.0000000000
23269  19.656  -49.714  37.627 0.0000000000
22323  19.056  -50.178  37.198 0.0000000000
22318  17.763  -50.711  37.647 0.0000000000
21391  16.554  -51.659  40.491 0.0000000000
20448  16.080  -52.103  39.982 0.0000000000
20449  15.390  -52.221  40.165 0.0000000000
23249  17.021  -49.486  42.275 0.0000000000
22293  16.345  -50.170  42.080 0.0000000000
21370  14.381  -50.795  42.437 0.0000000000
21379  14.952  -51.307  41.906 0.0000000000
21388  14.759  -51.485  41.650 0.0000000000
20439  13.325  -51.361  41.972 0.0000000000
21381  13.337  -51.064  42.369 0.0000000000
111268  13.086  -50.968  43.734 0.0000000000
113664  12.008  -51.950  44.072 0.0000000000
29640  7.354  -41.741  46.339 0.0000000000
29648  6.901  -42.150  45.937 0.0000000000
116864  7.205  -40.878  46.378 0.0000000000
31414  6.477  -40.740  45.576 0.0000000000
31408  6.150  -39.934  45.627 0.0000000000
31415  5.842  -40.210  44.998 0.0000000000
32382  5.745  -39.350  45.259 0.0000000000
35629  8.031  -36.347  47.116 0.0000000000
34820  7.478  -36.770  47.112 0.0000000000
35637  7.182  -35.868  47.084 0.0000000000
34830  5.436  -36.226  45.841 0.0000000000
34086  5.715  -36.900  46.247 0.0000000000
122154  5.366  -36.773  45.516 0.0000000000
34101  5.330  -37.785  44.709 0.0000000000
34095  4.991  -36.951  44.799 0.0000000000
33308  5.149  -37.872  43.613 0.0000000000
34839  4.826  -36.330  44.227 0.0000000000
36500  5.321  -34.773  44.069 0.0000000000
35661  4.988  -35.601  43.838 0.0000000000
124513  5.544  -35.077  43.890 0.0000000000
35674  6.646  -35.657  43.490 0.0000000000
36506  6.344  -34.381  43.730 0.0000000000
28729  18.783  -42.390  43.140 0.0000000000
29659  18.220  -42.140  43.681 0.0000000000
29652  18.448  -41.905  44.526 0.0000000000
31448  23.350  -40.673  38.513 0.0000000000
30561  23.531  -41.604  39.093 0.0000000000
29685  23.750  -42.019  40.210 0.0000000000
31425  26.512  -40.606  43.787 0.0000000000
31428  26.222  -40.277  42.998 0.0000000000
31429  25.794  -40.873  42.377 0.0000000000
112314  25.145  -41.323  41.761 0.0000000000
29681  23.513  -42.700  40.386 0.0000000000
28755  23.291  -43.190  40.868 0.0000000000
28745  22.623  -42.633  41.748 0.0000000000
27785  22.534  -43.431  41.209 0.0000000000
27776  22.473  -43.162  41.434 0.0000000000
26835  21.899  -43.695  40.918 0.0000000000
27777  21.666  -43.428  41.235 0.0000000000
28727  20.685  -41.474  43.094 0.0000000000
27758  20.112  -42.183  42.322 0.0000000000
124191  19.817  -42.821  41.821 0.0000000000
119647  19.219  -42.250  44.110 0.0000000000
28728  19.097  -42.090  43.059 0.0000000000
24167  4.828  -48.089  39.048 0.0000000000
105010  5.294  -47.914  39.788 0.0000000000
24160  6.260  -48.372  41.104 0.0000000000
111722  6.424  -47.497  41.045 0.0000000000
25890  7.082  -47.159  41.070 0.0000000000
23248  7.979  -49.259  42.630 0.0000000000
125232  8.702  -48.266  42.577 0.0000000000
25000  9.066  -47.875  42.434 0.0000000000
106743  8.537  -45.410  45.825 0.0000000000
23240  11.709  -49.350  45.502 0.0000000000
22279  11.103  -49.885  45.098 0.0000000000
125267  11.401  -47.691  46.249 0.0000000000
24138  11.012  -48.084  45.621 0.0000000000
24132  10.620  -47.558  46.357 0.0000000000
24139  10.125  -47.977  45.789 0.0000000000
24982  10.381  -47.151  46.975 0.0000000000
26809  11.461  -44.487  48.185 0.0000000000
26814  11.909  -45.217  48.179 0.0000000000
25850  9.650  -45.155  48.023 0.0000000000
25849  10.473  -45.562  47.969 0.0000000000
24983  9.818  -46.701  47.020 0.0000000000
25857  9.205  -46.165  46.984 0.0000000000
27750  8.111  -43.758  46.896 0.0000000000
28712  8.106  -42.868  47.027 0.0000000000
30508  9.138  -41.076  47.810 0.0000000000
30514  8.556  -41.108  47.764 0.0000000000
31389  8.835  -40.517  47.786 0.0000000000
113500  8.564  -40.021  47.913 0.0000000000
32352  9.607  -39.219  48.327 0.0000000000
32347  10.699  -39.265  48.559 0.0000000000
26878  22.315  -45.741  37.563 0.0000000000
26891  22.221  -45.403  36.554 0.0000000000
25925  21.996  -45.905  35.848 0.0000000000
19423  11.509  -52.746  40.355 0.0000000000
106458  12.000  -52.592  39.799 0.0000000000
23264  4.827  -49.103  38.831 0.0000000000
26871  7.111  -46.423  38.047 0.0000000000
26870  7.880  -45.867  38.361 0.0000000000
25886  10.979  -46.752  40.898 0.0000000000
25894  11.003  -46.929  39.894 0.0000000000
26867  10.698  -45.499  38.750 0.0000000000
26856  10.312  -46.064  39.151 0.0000000000
26868  9.747  -45.437  38.653 0.0000000000
26881  8.351  -45.144  37.870 0.0000000000
27812  9.905  -44.866  37.314 0.0000000000
27823  11.762  -44.873  36.691 0.0000000000
27837  10.850  -44.771  35.488 0.0000000000
29663  6.896  -42.530  44.576 0.0000000000
29670  7.592  -43.140  43.634 0.0000000000
28753  8.078  -42.949  42.456 0.0000000000
28752  10.249  -42.797  42.217 0.0000000000
31438  7.559  -40.009  40.949 0.0000000000
30559  7.456  -40.635  41.449 0.0000000000
30562  9.865  -41.181  39.822 0.0000000000
29689  9.746  -41.082  40.471 0.0000000000
29688  9.967  -41.819  40.102 0.0000000000
29682  10.265  -42.454  40.637 0.0000000000
29687  10.497  -42.590  39.698 0.0000000000
28771  11.566  -43.719  38.687 0.0000000000
29696  10.890  -42.706  38.751 0.0000000000
29716  11.875  -42.094  37.322 0.0000000000
29705  12.022  -43.072  37.639 0.0000000000
28786  12.537  -43.716  36.520 0.0000000000
29724  12.815  -42.875  36.087 0.0000000000
31477  11.811  -40.401  35.704 0.0000000000
124775  10.990  -38.963  39.337 0.0000000000
32419  11.387  -39.281  38.943 0.0000000000
33352  11.940  -38.772  38.679 0.0000000000
33361  12.189  -38.963  37.301 0.0000000000
124541  12.459  -39.384  35.920 0.0000000000
38866  10.369  -31.155  43.492 0.0000000000
38853  9.481  -32.030  43.084 0.0000000000
38101  9.681  -32.767  43.816 0.0000000000
38102  9.135  -33.055  43.408 0.0000000000
38103  8.650  -33.251  43.170 0.0000000000
38870  7.302  -32.369  42.368 0.0000000000
113095  7.734  -33.077  42.963 0.0000000000
38111  7.030  -32.675  42.279 0.0000000000
37340  7.109  -33.591  42.792 0.0000000000
37346  6.831  -32.923  41.648 0.0000000000
39695  6.093  -31.114  39.708 0.0000000000
39694  6.672  -30.629  40.290 0.0000000000
40511  7.504  -30.181  40.655 0.0000000000
39684  7.225  -31.070  41.004 0.0000000000
37361  5.515  -32.508  40.204 0.0000000000
38119  6.306  -32.241  40.656 0.0000000000
37352  6.990  -33.454  41.300 0.0000000000
36529  7.288  -33.971  40.637 0.0000000000
107119  7.690  -33.914  39.535 0.0000000000
36532  9.315  -34.660  39.625 0.0000000000
36540  8.849  -33.976  39.079 0.0000000000
119994  6.072  -34.363  37.144 0.0000000000
26825  15.229  -45.205  43.958 0.0000000000
27772  16.459  -44.888  43.404 0.0000000000
28730  16.194  -42.967  43.800 0.0000000000
26840  18.716  -45.294  41.958 0.0000000000
25878  17.690  -46.701  42.440 0.0000000000
25870  16.917  -46.192  42.869 0.0000000000
29739  12.265  -43.885  32.351 0.0000000000
29738  12.875  -43.109  33.129 0.0000000000
21377  8.912  -51.416  43.027 0.0000000000
108042  9.133  -50.790  43.482 0.0000000000
112873  9.891  -49.974  44.554 0.0000000000
20440  11.651  -52.662  42.495 0.0000000000
20436  10.828  -52.608  42.887 0.0000000000
119353  10.256  -52.803  42.496 0.0000000000
20441  9.588  -52.648  42.329 0.0000000000
26834  9.184  -44.916  43.788 0.0000000000
26833  9.918  -45.290  43.249 0.0000000000
28748  8.787  -43.475  43.019 0.0000000000
34850  7.397  -36.836  42.646 0.0000000000
34113  7.328  -37.459  42.166 0.0000000000
34116  8.204  -37.454  40.963 0.0000000000
34123  8.588  -37.242  40.812 0.0000000000
121602  8.698  -36.615  40.801 0.0000000000
34858  8.655  -35.865  40.781 0.0000000000
22276  13.530  -49.875  44.749 0.0000000000
26821  14.368  -45.619  45.417 0.0000000000
27747  13.821  -44.263  46.439 0.0000000000
28709  14.342  -43.240  46.665 0.0000000000
114157  13.964  -43.084  47.265 0.0000000000
29638  14.300  -42.312  47.192 0.0000000000
26850  21.770  -44.673  40.415 0.0000000000
25898  22.124  -45.864  39.575 0.0000000000
25891  21.450  -45.340  39.960 0.0000000000
25899  21.205  -46.087  39.595 0.0000000000
24156  19.215  -47.679  40.905 0.0000000000
24162  19.853  -48.058  40.505 0.0000000000
23258  19.513  -49.157  40.224 0.0000000000
22312  19.158  -50.072  38.998 0.0000000000
23245  15.551  -48.976  42.794 0.0000000000
22294  15.431  -50.106  42.265 0.0000000000
22288  14.648  -50.129  42.696 0.0000000000
21371  13.680  -50.779  42.741 0.0000000000
21365  13.532  -50.574  43.611 0.0000000000
31401  7.759  -40.299  47.492 0.0000000000
31402  7.440  -40.169  46.807 0.0000000000
116139  7.527  -39.804  47.218 0.0000000000
32373  7.039  -39.497  46.666 0.0000000000
33294  6.662  -38.742  46.744 0.0000000000
115105  8.127  -34.761  47.273 0.0000000000
36472  6.606  -35.100  46.922 0.0000000000
36482  5.992  -34.809  46.453 0.0000000000
35653  5.209  -35.531  45.308 0.0000000000
35654  4.917  -35.518  44.478 0.0000000000
36493  5.607  -34.793  45.559 0.0000000000
114917  5.582  -34.151  44.967 0.0000000000
36499  5.644  -34.096  44.295 0.0000000000
31436  24.429  -40.809  40.622 0.0000000000
30548  25.333  -41.743  42.572 0.0000000000
28744  23.059  -42.170  41.717 0.0000000000
28734  23.152  -41.806  42.094 0.0000000000
28735  22.587  -42.149  42.150 0.0000000000
24163  5.649  -48.587  40.396 0.0000000000
104557  9.829  -47.290  44.271 0.0000000000
25866  8.975  -46.228  45.729 0.0000000000
24136  12.838  -48.098  46.204 0.0000000000
24131  12.167  -47.557  46.464 0.0000000000
120259  11.148  -42.966  48.008 0.0000000000
26810  10.751  -44.423  48.219 0.0000000000
27739  10.290  -43.923  48.029 0.0000000000
27745  9.826  -44.090  47.968 0.0000000000
26816  9.018  -44.747  47.922 0.0000000000
27746  9.226  -43.723  47.740 0.0000000000
28708  8.660  -42.688  47.569 0.0000000000
29629  9.180  -42.177  48.455 0.0000000000
31385  9.989  -40.160  47.958 0.0000000000
108917  21.725  -46.720  36.303 0.0000000000
25035  21.200  -47.174  35.757 0.0000000000
122342  14.687  -52.635  38.942 0.0000000000
105048  14.114  -52.636  38.276 0.0000000000
20461  13.441  -52.674  38.483 0.0000000000
20462  12.778  -52.619  38.353 0.0000000000
123342  10.921  -53.162  39.051 0.0000000000
111363  5.086  -49.717  39.459 0.0000000000
104027  6.862  -46.807  39.674 0.0000000000
25903  7.814  -47.098  39.353 0.0000000000
25893  11.297  -46.339  39.734 0.0000000000
26851  11.551  -45.723  40.190 0.0000000000
27802  11.198  -45.138  38.167 0.0000000000
117181  6.520  -41.664  43.434 0.0000000000
29674  7.394  -42.838  42.920 0.0000000000
29675  6.940  -42.136  42.856 0.0000000000
29680  7.112  -41.684  42.250 0.0000000000
30553  7.824  -41.355  41.831 0.0000000000
30564  8.773  -40.345  40.263 0.0000000000
30570  10.708  -41.737  38.564 0.0000000000
30591  12.602  -41.919  36.580 0.0000000000
111293  11.445  -40.767  37.311 0.0000000000
31471  11.567  -40.342  37.334 0.0000000000
34141  12.049  -37.804  39.751 0.0000000000
34154  12.424  -38.197  38.835 0.0000000000
34164  12.479  -38.281  37.386 0.0000000000
39672  9.970  -30.625  43.000 0.0000000000
111743  9.048  -31.271  42.640 0.0000000000
110744  8.515  -31.269  42.246 0.0000000000
39675  7.912  -31.413  42.108 0.0000000000
38878  7.118  -31.700  41.888 0.0000000000
39696  5.521  -31.245  39.262 0.0000000000
38892  5.630  -31.920  39.893 0.0000000000
113533  4.444  -31.816  40.387 0.0000000000
116865  6.370  -33.820  40.115 0.0000000000
36535  6.229  -33.531  39.234 0.0000000000
36542  6.874  -33.752  38.788 0.0000000000
36541  7.531  -33.654  38.423 0.0000000000
24144  14.238  -48.291  44.126 0.0000000000
24140  13.967  -47.878  44.904 0.0000000000
24990  14.177  -47.594  44.417 0.0000000000
26823  14.830  -45.447  44.904 0.0000000000
27756  14.953  -44.815  45.133 0.0000000000
25874  19.936  -45.024  40.270 0.0000000000
25004  19.232  -46.703  40.700 0.0000000000
23253  18.442  -49.538  41.325 0.0000000000
22297  18.021  -50.237  41.263 0.0000000000
24151  16.333  -48.849  42.543 0.0000000000
24147  14.856  -48.682  43.317 0.0000000000
124804  9.405  -37.294  47.679 0.0000000000
34818  9.461  -36.807  47.516 0.0000000000
35627  9.512  -36.337  47.439 0.0000000000
35635  8.792  -35.680  47.205 0.0000000000
36459  10.816  -35.518  47.692 0.0000000000
36469  9.942  -35.266  47.306 0.0000000000
36470  9.029  -34.803  47.264 0.0000000000
124283  8.486  -34.222  47.233 0.0000000000
37314  8.608  -33.183  46.248 0.0000000000
23255  7.324  -50.039  41.637 0.0000000000
119071  7.746  -49.813  42.172 0.0000000000
23247  8.399  -49.495  43.219 0.0000000000
22290  8.672  -50.065  43.389 0.0000000000
24143  10.248  -48.194  45.330 0.0000000000
27743  13.061  -44.672  48.133 0.0000000000
26813  12.825  -45.332  48.222 0.0000000000
121624  12.608  -44.098  47.976 0.0000000000
124421  12.039  -42.968  48.038 0.0000000000
29625  12.101  -41.582  48.250 0.0000000000
28700  11.585  -42.191  48.098 0.0000000000
111757  10.550  -42.189  48.343 0.0000000000
123471  10.410  -41.587  48.397 0.0000000000
30501  10.598  -40.795  48.220 0.0000000000
19422  12.589  -52.129  40.679 0.0000000000
106890  12.082  -52.528  40.609 0.0000000000
123421  11.181  -53.161  41.670 0.0000000000
19424  10.724  -53.029  40.496 0.0000000000
19430  8.838  -52.797  39.775 0.0000000000
20452  8.137  -52.146  40.839 0.0000000000
109487  7.624  -51.812  40.677 0.0000000000
25887  10.286  -46.889  41.509 0.0000000000
26842  11.009  -45.523  42.188 0.0000000000
26848  11.445  -45.999  41.437 0.0000000000
27787  11.467  -44.915  41.683 0.0000000000
27786  11.500  -44.431  40.942 0.0000000000
122919  11.286  -43.710  40.901 0.0000000000
32391  5.739  -39.517  43.062 0.0000000000
31434  6.382  -39.756  42.072 0.0000000000
33316  6.703  -38.344  40.818 0.0000000000
31442  8.600  -39.811  40.096 0.0000000000
31451  9.014  -39.770  39.719 0.0000000000
31463  10.893  -40.032  39.054 0.0000000000
33331  10.464  -38.726  39.788 0.0000000000
34142  11.090  -38.095  40.223 0.0000000000
34130  9.199  -37.901  40.561 0.0000000000
34128  11.126  -37.350  40.255 0.0000000000
34868  11.537  -35.932  39.710 0.0000000000
38906  3.605  -31.154  39.151 0.0000000000
37376  3.503  -32.611  38.397 0.0000000000
37383  4.864  -33.586  38.120 0.0000000000
120499  3.954  -33.244  37.922 0.0000000000
37400  4.211  -33.607  35.760 0.0000000000
21374  11.193  -51.912  44.039 0.0000000000
22278  12.008  -50.037  45.156 0.0000000000
23239  12.621  -49.448  45.542 0.0000000000
23238  13.425  -49.324  45.261 0.0000000000
23233  13.194  -48.820  45.894 0.0000000000
24981  12.789  -46.978  46.835 0.0000000000
25853  12.944  -46.250  47.176 0.0000000000
24133  13.848  -47.521  45.311 0.0000000000
25851  13.698  -46.027  45.947 0.0000000000
25860  13.773  -46.851  45.900 0.0000000000
25852  13.301  -46.592  46.526 0.0000000000
26819  13.414  -45.851  47.704 0.0000000000
26812  13.661  -45.345  48.129 0.0000000000
27742  13.806  -44.605  48.052 0.0000000000
28705  13.240  -43.826  47.447 0.0000000000
29631  13.494  -42.247  48.102 0.0000000000
29630  13.991  -42.551  47.832 0.0000000000
27807  22.975  -43.957  38.819 0.0000000000
27808  22.592  -44.305  37.965 0.0000000000
27800  22.519  -45.229  38.304 0.0000000000
25920  22.258  -46.502  37.700 0.0000000000
25017  22.177  -47.014  38.150 0.0000000000
25921  22.097  -47.046  37.237 0.0000000000
25926  21.537  -47.470  36.730 0.0000000000
24181  20.648  -48.579  36.691 0.0000000000
25002  20.041  -45.934  39.897 0.0000000000
25010  20.364  -46.328  39.735 0.0000000000
25015  20.424  -47.254  39.554 0.0000000000
120911  20.461  -48.202  39.289 0.0000000000
109707  20.901  -47.764  38.849 0.0000000000
24174  20.810  -48.717  37.600 0.0000000000
23275  19.985  -49.018  36.282 0.0000000000
22317  18.475  -50.459  37.758 0.0000000000
20460  15.546  -52.226  38.567 0.0000000000
103634  14.729  -52.445  39.863 0.0000000000
19420  13.977  -52.086  40.351 0.0000000000
22298  17.374  -50.468  41.367 0.0000000000
21386  16.223  -51.435  41.283 0.0000000000
21378  15.753  -51.012  41.880 0.0000000000
118997  15.062  -51.777  41.252 0.0000000000
20444  14.132  -51.568  41.109 0.0000000000
19421  13.264  -51.753  40.778 0.0000000000
123261  13.270  -51.521  41.482 0.0000000000
120869  12.704  -51.964  41.923 0.0000000000
20434  12.365  -52.181  42.685 0.0000000000
28724  7.540  -43.392  45.774 0.0000000000
28732  7.834  -43.380  45.038 0.0000000000
28733  7.244  -42.867  45.192 0.0000000000
29654  6.806  -42.238  45.261 0.0000000000
30536  6.533  -41.547  45.218 0.0000000000
30543  6.519  -41.828  44.384 0.0000000000
31423  5.775  -40.369  44.189 0.0000000000
116774  5.654  -39.821  43.692 0.0000000000
34075  8.138  -37.366  47.216 0.0000000000
34082  7.312  -37.546  47.165 0.0000000000
33288  6.491  -37.921  46.891 0.0000000000
34825  6.589  -36.332  46.963 0.0000000000
119729  5.925  -37.539  46.521 0.0000000000
33295  5.929  -38.266  46.364 0.0000000000
33303  5.684  -38.460  45.509 0.0000000000
33307  5.490  -38.623  44.607 0.0000000000
32389  5.558  -39.248  43.590 0.0000000000
33310  5.632  -38.619  43.142 0.0000000000
34105  5.767  -37.783  43.137 0.0000000000
34844  4.969  -36.386  43.656 0.0000000000
34848  5.586  -36.397  43.532 0.0000000000
34110  6.322  -37.051  43.255 0.0000000000
34851  6.786  -36.364  43.243 0.0000000000
35680  7.590  -35.819  42.915 0.0000000000
112643  7.444  -34.817  43.071 0.0000000000
28739  17.602  -43.375  43.013 0.0000000000
30540  17.720  -41.545  44.268 0.0000000000
28770  23.083  -43.218  38.685 0.0000000000
31435  25.074  -40.396  41.073 0.0000000000
30556  24.083  -41.634  40.847 0.0000000000
30551  24.270  -41.789  41.547 0.0000000000
29686  23.449  -42.461  39.669 0.0000000000
27791  23.143  -44.370  39.824 0.0000000000
26845  21.425  -44.300  40.376 0.0000000000
29666  22.569  -41.371  42.926 0.0000000000
123626  22.490  -41.888  42.424 0.0000000000
29657  21.731  -41.854  42.748 0.0000000000
28736  21.982  -42.531  42.228 0.0000000000
27766  21.296  -43.020  41.685 0.0000000000
26828  20.656  -43.587  41.099 0.0000000000
26837  20.235  -44.268  40.597 0.0000000000
26829  19.891  -43.699  41.215 0.0000000000
26830  19.504  -44.246  41.391 0.0000000000
27759  19.464  -42.235  42.502 0.0000000000
27769  19.306  -43.925  41.954 0.0000000000
121331  18.910  -43.756  42.362 0.0000000000
108309  5.606  -47.146  39.852 0.0000000000
119812  7.571  -48.186  41.632 0.0000000000
24153  8.327  -48.633  42.652 0.0000000000
25007  8.786  -47.567  41.616 0.0000000000
26826  9.571  -45.812  43.912 0.0000000000
22280  10.422  -49.735  44.954 0.0000000000
23235  11.572  -48.769  45.725 0.0000000000
114486  10.281  -48.551  45.172 0.0000000000
25847  12.434  -46.045  48.148 0.0000000000
25856  10.714  -46.451  47.470 0.0000000000
26815  11.016  -45.091  48.291 0.0000000000
26820  8.703  -45.048  47.217 0.0000000000
26822  8.564  -45.275  46.545 0.0000000000
120295  8.166  -44.861  46.189 0.0000000000
27757  8.070  -44.654  45.622 0.0000000000
122126  7.807  -43.991  45.513 0.0000000000
28718  7.632  -43.259  46.384 0.0000000000
29647  7.481  -42.507  46.370 0.0000000000
114083  8.667  -41.744  47.850 0.0000000000
30522  8.421  -41.486  47.392 0.0000000000
115726  8.098  -40.791  47.500 0.0000000000
32356  8.855  -39.267  47.837 0.0000000000
33277  9.315  -38.517  48.108 0.0000000000
114291  10.332  -39.537  48.398 0.0000000000
32349  10.016  -39.398  48.412 0.0000000000
33271  10.141  -38.703  48.629 0.0000000000
34072  9.681  -37.839  48.299 0.0000000000
109125  9.883  -37.215  48.209 0.0000000000
29668  17.291  -42.656  43.291 0.0000000000
120508  22.241  -44.578  36.316 0.0000000000
26899  22.037  -45.047  35.503 0.0000000000
25932  21.374  -46.378  35.298 0.0000000000
19431  12.817  -52.705  39.659 0.0000000000
19432  12.365  -52.705  39.024 0.0000000000
19437  11.845  -52.778  38.219 0.0000000000
25911  6.516  -46.812  38.398 0.0000000000
26857  9.229  -45.975  39.232 0.0000000000
25900  10.866  -46.603  39.407 0.0000000000
123264  10.333  -44.892  36.680 0.0000000000
27849  11.960  -44.489  34.994 0.0000000000
28742  7.961  -43.506  44.293 0.0000000000
28741  8.275  -43.526  43.665 0.0000000000
28758  10.672  -43.084  41.368 0.0000000000
29684  8.970  -41.001  41.838 0.0000000000
30557  9.234  -40.658  40.881 0.0000000000
123221  9.755  -40.986  41.387 0.0000000000
105022  9.515  -41.676  41.945 0.0000000000
28757  10.978  -43.223  40.336 0.0000000000
28780  12.105  -44.016  37.981 0.0000000000
27809  12.296  -44.423  36.958 0.0000000000
27822  12.283  -44.405  36.165 0.0000000000
27835  12.244  -44.357  35.419 0.0000000000
28800  12.475  -44.060  34.622 0.0000000000
119417  12.780  -43.339  34.071 0.0000000000
108741  12.958  -42.455  34.174 0.0000000000
31472  11.680  -40.030  38.335 0.0000000000
32428  11.972  -39.575  37.582 0.0000000000
31478  11.579  -39.981  36.635 0.0000000000
32437  11.839  -39.769  35.774 0.0000000000
37323  10.488  -33.933  45.224 0.0000000000
37324  9.792  -33.494  45.464 0.0000000000
38078  9.114  -33.593  45.056 0.0000000000
38100  10.377  -32.535  44.175 0.0000000000
38089  9.349  -33.601  44.193 0.0000000000
38091  8.199  -33.589  43.981 0.0000000000
38092  7.516  -33.219  44.066 0.0000000000
37331  6.422  -33.603  43.877 0.0000000000
38855  7.998  -32.858  42.684 0.0000000000
119094  7.014  -33.312  43.366 0.0000000000
36515  7.126  -34.028  42.816 0.0000000000
36523  7.410  -34.059  42.059 0.0000000000
122503  7.136  -31.410  41.481 0.0000000000
38879  6.647  -31.926  41.256 0.0000000000
38886  6.238  -31.946  40.573 0.0000000000
38880  6.357  -32.028  40.724 0.0000000000
38118  6.695  -32.316  41.511 0.0000000000
104483  7.055  -33.405  41.760 0.0000000000
35678  8.004  -34.632  41.185 0.0000000000
35690  8.839  -35.497  40.415 0.0000000000
35683  8.308  -34.614  40.430 0.0000000000
35689  9.262  -35.302  40.150 0.0000000000
35695  10.516  -35.578  39.939 0.0000000000
35694  10.999  -34.965  39.495 0.0000000000
36548  6.905  -33.692  37.715 0.0000000000
36539  9.537  -34.238  38.996 0.0000000000
35701  11.764  -35.273  38.959 0.0000000000
20456  13.832  -52.868  38.964 0.0000000000
23254  17.706  -49.880  41.787 0.0000000000
24984  13.899  -47.076  45.364 0.0000000000
25858  8.837  -45.657  46.936 0.0000000000
27738  11.920  -43.764  48.076 0.0000000000
28703  9.596  -42.553  48.391 0.0000000000
28738  18.614  -43.111  42.805 0.0000000000
28746  10.749  -43.385  42.209 0.0000000000
29632  8.785  -42.248  48.037 0.0000000000
29633  8.532  -42.206  47.480 0.0000000000
30530  6.798  -41.501  45.869 0.0000000000
30550  6.132  -40.963  43.059 0.0000000000
31383  11.455  -39.419  48.744 0.0000000000
31388  9.436  -40.403  47.792 0.0000000000
32353  9.211  -39.903  47.857 0.0000000000
32366  7.476  -39.153  47.109 0.0000000000
33321  7.655  -37.525  41.446 0.0000000000
34102  4.863  -37.223  43.909 0.0000000000
34826  5.917  -36.290  46.600 0.0000000000
35628  8.798  -36.325  47.047 0.0000000000
35645  5.708  -35.574  46.149 0.0000000000
35688  9.783  -35.233  39.991 0.0000000000
36471  7.312  -34.975  47.156 0.0000000000
36480  7.430  -34.171  47.057 0.0000000000
37304  8.861  -33.701  47.061 0.0000000000
37315  7.317  -33.551  46.417 0.0000000000
37326  5.971  -33.519  44.657 0.0000000000
37345  6.931  -33.021  42.149 0.0000000000
37371  9.745  -33.933  38.404 0.0000000000
37391  3.824  -33.502  36.327 0.0000000000
38104  8.223  -33.309  43.134 0.0000000000
38136  3.595  -32.405  39.569 0.0000000000
38141  3.228  -31.867  38.975 0.0000000000
38143  3.197  -31.747  36.691 0.0000000000
38854  8.369  -32.610  42.663 0.0000000000
38868  8.331  -31.901  42.399 0.0000000000
38887  5.829  -32.008  40.112 0.0000000000
38893  4.778  -31.654  39.719 0.0000000000
107761  5.371  -38.660  43.864 0.0000000000
111435  6.923  -37.744  41.065 0.0000000000
113727  9.662  -40.866  47.826 0.0000000000
118200  10.196  -37.585  48.637 0.0000000000
120569  11.490  -39.937  48.761 0.0000000000
121539  7.749  -40.629  47.013 0.0000000000
121882  7.640  -31.115  41.619 0.0000000000
124000  6.756  -33.278  43.988 0.0000000000
124043  5.999  -40.475  42.821 0.0000000000
124764  9.487  -33.650  44.794 0.0000000000
125148  13.438  -50.617  44.020 0.0000000000
125266  12.251  -44.331  37.480 0.0000000000
