#!ascii label  , from subject 001 vox2ras=TkReg
1057
33390  22.574  -37.706  31.219 0.0000000000
39690  33.616  -29.909  40.623 0.0000000000
114628  41.735  -13.379  20.739 0.0000000000
43982  33.567  -25.217  26.603 0.0000000000
113784  39.692  -29.128  33.275 0.0000000000
59687  52.603  -7.646  12.757 0.0000000000
50956  43.491  -17.281  22.597 0.0000000000
48376  37.167  -19.423  22.394 0.0000000000
28862  20.200  -42.945  28.801 0.0000000000
36572  29.543  -34.661  35.916 0.0000000000
39771  30.796  -29.502  34.841 0.0000000000
34986  23.935  -34.938  29.336 0.0000000000
107633  47.468  -7.745  17.072 0.0000000000
34150  26.265  -37.245  36.515 0.0000000000
32427  21.475  -38.896  35.956 0.0000000000
56161  47.363  -10.768  21.015 0.0000000000
25951  19.042  -45.060  33.162 0.0000000000
25063  15.551  -47.264  32.222 0.0000000000
47423  37.267  -20.895  26.515 0.0000000000
43033  36.394  -26.828  30.078 0.0000000000
38218  36.350  -32.215  28.127 0.0000000000
38968  34.132  -31.076  31.495 0.0000000000
50101  43.398  -19.065  23.737 0.0000000000
49279  40.053  -18.351  23.230 0.0000000000
48355  39.850  -19.960  23.670 0.0000000000
51762  45.061  -15.327  24.475 0.0000000000
31554  21.804  -39.529  27.910 0.0000000000
106591  21.562  -42.842  26.888 0.0000000000
31532  21.276  -40.041  29.873 0.0000000000
34916  25.949  -35.916  33.188 0.0000000000
35763  26.524  -35.045  32.510 0.0000000000
34214  23.275  -36.969  29.498 0.0000000000
33417  22.811  -37.899  27.262 0.0000000000
54294  41.711  -12.297  19.426 0.0000000000
53419  45.093  -13.459  21.667 0.0000000000
54286  45.541  -12.640  21.169 0.0000000000
56167  44.515  -11.004  19.304 0.0000000000
29713  22.365  -41.609  36.854 0.0000000000
28799  19.125  -42.921  34.747 0.0000000000
26908  20.976  -44.634  34.736 0.0000000000
23285  17.822  -49.544  35.662 0.0000000000
24203  18.137  -47.457  34.217 0.0000000000
23304  15.615  -48.922  33.715 0.0000000000
22360  12.933  -48.984  33.897 0.0000000000
21428  13.401  -50.770  35.756 0.0000000000
43931  35.730  -26.140  32.702 0.0000000000
41377  37.842  -28.422  31.810 0.0000000000
40618  38.099  -29.473  28.622 0.0000000000
39810  37.757  -30.630  30.648 0.0000000000
38174  28.220  -30.781  31.631 0.0000000000
39780  32.614  -29.124  33.265 0.0000000000
39002  30.624  -30.488  29.838 0.0000000000
39000  32.236  -31.396  28.992 0.0000000000
45721  34.018  -22.410  26.456 0.0000000000
46599  34.209  -22.116  24.301 0.0000000000
44018  32.035  -24.907  23.342 0.0000000000
62209  50.913  -4.041  11.992 0.0000000000
106326  50.492  -7.349  11.489 0.0000000000
51780  42.616  -14.743  23.125 0.0000000000
50975  40.348  -16.611  22.132 0.0000000000
52569  45.121  -14.661  23.376 0.0000000000
38138  31.359  -32.524  38.734 0.0000000000
39725  31.861  -29.514  37.866 0.0000000000
37408  29.869  -32.622  34.953 0.0000000000
37436  27.267  -32.464  31.921 0.0000000000
36661  25.125  -34.058  28.156 0.0000000000
58761  51.336  -7.938  19.066 0.0000000000
59660  51.008  -7.262  16.842 0.0000000000
58811  50.846  -7.726  14.634 0.0000000000
57930  50.456  -8.929  13.358 0.0000000000
34171  23.643  -35.861  34.163 0.0000000000
32450  21.577  -38.040  33.782 0.0000000000
33349  23.222  -37.776  36.774 0.0000000000
107504  28.289  -36.457  36.034 0.0000000000
57902  47.174  -9.361  19.277 0.0000000000
121032  19.866  -41.478  31.955 0.0000000000
27880  18.813  -43.583  31.189 0.0000000000
26939  18.228  -44.877  30.357 0.0000000000
25051  19.295  -46.136  34.243 0.0000000000
25067  17.975  -45.672  32.357 0.0000000000
20470  10.071  -52.487  37.449 0.0000000000
47437  40.228  -20.456  26.073 0.0000000000
45701  35.262  -23.659  28.735 0.0000000000
124232  34.796  -24.187  31.302 0.0000000000
43969  35.793  -25.782  28.161 0.0000000000
42209  37.215  -28.239  27.110 0.0000000000
39036  36.392  -30.996  27.024 0.0000000000
106263  34.869  -32.344  26.322 0.0000000000
110247  34.091  -29.562  36.128 0.0000000000
38922  36.300  -30.562  34.747 0.0000000000
38952  37.251  -31.079  32.369 0.0000000000
38182  35.200  -30.591  29.368 0.0000000000
38221  33.675  -32.098  27.501 0.0000000000
47462  37.179  -20.849  23.371 0.0000000000
47481  34.463  -21.538  20.769 0.0000000000
50098  43.324  -19.052  24.864 0.0000000000
110167  42.535  -19.388  23.977 0.0000000000
48344  42.364  -19.611  25.012 0.0000000000
50945  43.715  -16.481  25.141 0.0000000000
32493  22.278  -38.706  29.100 0.0000000000
31555  21.457  -40.365  28.662 0.0000000000
32481  21.754  -39.322  30.352 0.0000000000
110500  23.709  -35.940  31.933 0.0000000000
34198  24.416  -35.828  31.594 0.0000000000
33395  23.539  -37.702  29.933 0.0000000000
32492  22.615  -38.057  28.597 0.0000000000
54290  41.285  -12.842  20.080 0.0000000000
53420  43.849  -13.887  21.358 0.0000000000
54282  44.947  -13.446  21.493 0.0000000000
54288  43.551  -12.785  20.782 0.0000000000
54293  42.708  -12.078  20.034 0.0000000000
22336  16.334  -49.413  36.417 0.0000000000
107647  16.538  -48.918  34.976 0.0000000000
22349  15.149  -49.403  35.240 0.0000000000
22359  13.920  -48.931  34.208 0.0000000000
22350  14.278  -49.491  34.954 0.0000000000
21443  12.866  -50.170  35.112 0.0000000000
43011  38.169  -27.530  33.045 0.0000000000
41376  38.862  -28.527  32.127 0.0000000000
121009  37.848  -29.593  30.580 0.0000000000
39798  38.682  -30.036  32.105 0.0000000000
124255  33.837  -29.010  39.678 0.0000000000
38199  27.770  -31.395  29.597 0.0000000000
38990  29.197  -31.084  30.557 0.0000000000
39003  28.343  -31.061  29.008 0.0000000000
110010  28.973  -30.537  27.763 0.0000000000
44857  32.975  -24.306  26.580 0.0000000000
44858  32.898  -24.098  25.712 0.0000000000
58822  53.238  -8.317  12.825 0.0000000000
59686  53.532  -7.620  12.623 0.0000000000
59689  52.840  -7.016  12.486 0.0000000000
61379  52.190  -5.882  11.870 0.0000000000
58826  51.468  -7.937  12.279 0.0000000000
50965  42.866  -16.084  22.912 0.0000000000
117536  41.000  -16.002  22.750 0.0000000000
50122  41.387  -16.763  23.406 0.0000000000
48375  37.709  -19.360  22.816 0.0000000000
49281  38.420  -19.174  22.233 0.0000000000
48382  37.243  -19.568  21.275 0.0000000000
50951  45.006  -16.636  23.419 0.0000000000
51770  44.906  -16.075  23.272 0.0000000000
119794  44.326  -14.754  23.251 0.0000000000
28871  20.603  -42.273  28.417 0.0000000000
105305  19.794  -43.845  29.004 0.0000000000
37387  30.496  -33.384  36.621 0.0000000000
38144  31.102  -32.048  36.886 0.0000000000
36571  29.490  -33.939  35.229 0.0000000000
35792  25.630  -34.903  30.567 0.0000000000
104753  26.954  -33.432  32.463 0.0000000000
35805  26.045  -34.338  30.344 0.0000000000
116672  26.311  -33.572  30.251 0.0000000000
35823  24.270  -34.276  28.745 0.0000000000
34996  22.955  -35.835  27.468 0.0000000000
105275  35.988  -29.115  25.118 0.0000000000
59650  48.902  -7.288  18.026 0.0000000000
59648  50.734  -7.049  18.066 0.0000000000
120572  49.379  -7.012  16.830 0.0000000000
111122  48.963  -7.782  14.099 0.0000000000
121870  49.609  -8.266  13.843 0.0000000000
106000  51.241  -8.679  13.955 0.0000000000
34161  25.051  -36.814  35.052 0.0000000000
34162  24.077  -37.070  34.690 0.0000000000
33347  25.782  -38.028  36.994 0.0000000000
34889  27.593  -36.628  36.483 0.0000000000
34169  25.444  -36.222  34.659 0.0000000000
111023  49.929  -9.692  19.727 0.0000000000
57107  47.629  -10.087  20.446 0.0000000000
57112  44.818  -10.305  18.652 0.0000000000
32444  20.947  -38.451  34.198 0.0000000000
31494  21.121  -40.074  32.863 0.0000000000
111224  20.711  -40.739  34.413 0.0000000000
27863  19.137  -44.317  33.745 0.0000000000
27871  19.041  -43.876  32.699 0.0000000000
26929  19.006  -44.288  31.831 0.0000000000
26937  18.734  -44.282  30.719 0.0000000000
26931  18.966  -45.288  31.348 0.0000000000
24194  20.078  -48.014  34.791 0.0000000000
24211  16.839  -47.341  33.283 0.0000000000
25054  17.649  -46.706  33.607 0.0000000000
25068  16.966  -45.997  32.239 0.0000000000
25965  16.720  -45.934  31.363 0.0000000000
46550  35.990  -22.096  28.927 0.0000000000
43027  35.783  -27.161  31.069 0.0000000000
44817  35.177  -25.080  31.950 0.0000000000
43948  35.933  -26.262  30.397 0.0000000000
43958  35.838  -25.404  29.004 0.0000000000
43042  36.406  -26.191  28.797 0.0000000000
42199  36.081  -26.896  27.092 0.0000000000
108979  37.144  -27.802  27.894 0.0000000000
106455  37.395  -31.006  28.277 0.0000000000
39837  37.176  -30.459  27.138 0.0000000000
38234  36.662  -32.022  27.636 0.0000000000
38251  35.876  -32.179  25.896 0.0000000000
38236  35.429  -32.240  26.984 0.0000000000
39741  31.456  -29.557  36.300 0.0000000000
39739  33.690  -29.225  36.938 0.0000000000
40563  32.296  -28.677  35.519 0.0000000000
38943  34.278  -29.714  32.574 0.0000000000
39778  34.635  -29.501  33.451 0.0000000000
38942  35.110  -30.094  32.784 0.0000000000
107128  36.408  -31.165  33.581 0.0000000000
124054  35.830  -31.293  32.365 0.0000000000
38966  36.270  -30.464  30.962 0.0000000000
111642  34.868  -30.542  30.525 0.0000000000
39023  31.459  -30.685  26.932 0.0000000000
38209  32.934  -31.989  28.147 0.0000000000
115908  38.602  -20.532  26.271 0.0000000000
47439  38.720  -21.023  25.235 0.0000000000
110477  36.930  -21.341  24.950 0.0000000000
46615  32.818  -22.323  22.790 0.0000000000
46613  33.911  -21.394  22.484 0.0000000000
63054  50.077  -3.275  11.443 0.0000000000
50106  43.263  -18.791  22.922 0.0000000000
50114  42.004  -17.930  23.604 0.0000000000
49254  42.410  -19.079  23.514 0.0000000000
49267  39.686  -19.235  23.299 0.0000000000
109307  38.056  -19.603  23.373 0.0000000000
51763  43.832  -14.632  25.667 0.0000000000
50949  44.552  -17.265  23.954 0.0000000000
110292  21.386  -41.123  27.682 0.0000000000
29801  20.982  -41.526  28.253 0.0000000000
29774  21.010  -41.223  29.392 0.0000000000
120392  28.036  -36.077  34.392 0.0000000000
35748  27.933  -35.017  33.188 0.0000000000
34928  26.487  -35.701  32.697 0.0000000000
34942  25.718  -35.325  31.678 0.0000000000
34973  23.900  -35.675  29.669 0.0000000000
34220  22.933  -36.489  28.069 0.0000000000
34221  22.863  -37.107  28.596 0.0000000000
32515  22.755  -38.341  27.647 0.0000000000
58803  45.627  -8.564  15.798 0.0000000000
34127  26.743  -37.865  38.404 0.0000000000
53417  46.647  -12.608  21.535 0.0000000000
55187  46.931  -12.251  21.031 0.0000000000
55192  46.573  -11.983  20.745 0.0000000000
56165  46.433  -10.777  19.886 0.0000000000
55197  45.044  -11.370  19.966 0.0000000000
55199  43.065  -11.700  19.305 0.0000000000
30600  21.301  -40.689  36.115 0.0000000000
30609  20.195  -41.605  35.096 0.0000000000
29723  20.726  -42.307  35.764 0.0000000000
27848  19.352  -43.812  34.777 0.0000000000
26917  19.349  -44.923  33.888 0.0000000000
24195  19.323  -48.162  34.632 0.0000000000
23293  18.267  -49.078  34.923 0.0000000000
24205  16.428  -48.388  33.592 0.0000000000
24206  15.726  -48.590  33.064 0.0000000000
23313  14.323  -48.804  32.657 0.0000000000
42164  37.121  -27.167  32.256 0.0000000000
42179  36.195  -27.748  30.767 0.0000000000
42186  37.099  -28.463  29.392 0.0000000000
41390  37.692  -29.007  29.895 0.0000000000
39822  38.028  -29.934  29.041 0.0000000000
121509  36.795  -30.412  29.313 0.0000000000
38958  29.430  -30.739  33.008 0.0000000000
124655  31.767  -29.140  33.802 0.0000000000
39792  31.347  -29.219  32.013 0.0000000000
39800  32.266  -29.423  31.246 0.0000000000
111558  32.531  -30.532  30.947 0.0000000000
38986  33.020  -31.254  30.501 0.0000000000
39001  31.367  -30.776  29.464 0.0000000000
39024  29.946  -30.280  27.743 0.0000000000
46572  35.481  -21.437  27.253 0.0000000000
46597  35.783  -21.178  25.189 0.0000000000
45728  33.955  -22.354  25.391 0.0000000000
114998  32.807  -23.151  24.140 0.0000000000
62207  52.391  -4.725  12.029 0.0000000000
61380  51.180  -5.948  11.679 0.0000000000
52580  42.222  -14.221  21.938 0.0000000000
52590  40.587  -14.176  20.981 0.0000000000
114582  40.564  -14.967  21.373 0.0000000000
50123  39.948  -17.780  22.691 0.0000000000
50131  38.679  -18.531  21.368 0.0000000000
53400  45.980  -13.958  24.502 0.0000000000
53399  46.926  -13.862  24.098 0.0000000000
53409  46.213  -13.256  23.159 0.0000000000
109247  44.920  -13.882  22.959 0.0000000000
52579  43.523  -13.603  22.582 0.0000000000
38895  31.733  -30.981  40.143 0.0000000000
38900  32.301  -29.816  39.619 0.0000000000
118209  31.408  -30.256  38.651 0.0000000000
38914  31.206  -31.079  37.001 0.0000000000
38924  30.524  -31.027  35.669 0.0000000000
121228  29.056  -33.677  33.863 0.0000000000
37419  29.120  -32.898  33.607 0.0000000000
38162  29.086  -31.867  33.352 0.0000000000
117940  27.373  -31.385  31.509 0.0000000000
37446  27.258  -31.894  30.488 0.0000000000
36672  25.902  -33.444  27.744 0.0000000000
58785  52.393  -7.909  15.925 0.0000000000
59671  49.258  -6.937  15.856 0.0000000000
58787  50.955  -7.380  15.604 0.0000000000
58797  51.841  -7.901  15.039 0.0000000000
57921  52.046  -9.234  14.146 0.0000000000
119687  52.225  -9.005  13.554 0.0000000000
57937  51.667  -8.359  13.096 0.0000000000
58824  51.370  -8.192  12.404 0.0000000000
33374  23.083  -36.780  32.849 0.0000000000
33383  22.550  -37.605  32.308 0.0000000000
33365  23.304  -36.955  33.768 0.0000000000
33359  21.957  -37.376  35.450 0.0000000000
32435  21.362  -37.875  35.864 0.0000000000
33340  25.075  -38.356  37.723 0.0000000000
121426  22.099  -38.379  37.219 0.0000000000
31460  22.850  -40.211  37.850 0.0000000000
38889  33.395  -31.141  41.372 0.0000000000
38131  31.642  -32.003  40.158 0.0000000000
37370  31.345  -33.358  38.952 0.0000000000
36556  30.200  -34.354  36.813 0.0000000000
108498  29.452  -35.867  37.041 0.0000000000
35718  28.800  -36.050  35.711 0.0000000000
109933  27.421  -36.420  34.737 0.0000000000
34181  24.028  -34.958  33.626 0.0000000000
58750  51.377  -8.825  19.333 0.0000000000
58764  48.577  -8.294  19.054 0.0000000000
57904  47.032  -8.710  18.347 0.0000000000
57111  45.945  -10.140  19.238 0.0000000000
57905  46.340  -9.293  18.722 0.0000000000
58776  46.247  -8.454  17.742 0.0000000000
32470  21.726  -39.267  31.285 0.0000000000
30638  20.526  -40.434  31.022 0.0000000000
28848  20.060  -41.858  29.829 0.0000000000
29737  19.522  -42.750  32.932 0.0000000000
121779  18.904  -42.415  31.272 0.0000000000
27893  19.402  -43.406  29.057 0.0000000000
26946  18.661  -43.747  29.762 0.0000000000
26947  18.493  -43.994  29.601 0.0000000000
109112  20.775  -45.993  34.483 0.0000000000
25943  19.151  -45.561  33.802 0.0000000000
25059  18.640  -45.415  33.245 0.0000000000
25953  19.482  -45.828  32.282 0.0000000000
25963  18.721  -45.893  31.588 0.0000000000
20478  12.014  -51.872  36.910 0.0000000000
109209  41.355  -19.780  26.331 0.0000000000
47410  37.197  -21.144  27.462 0.0000000000
46563  35.648  -21.703  28.077 0.0000000000
106380  34.883  -23.246  27.948 0.0000000000
44841  34.351  -24.753  27.804 0.0000000000
44825  34.945  -24.143  29.738 0.0000000000
43959  35.179  -24.931  28.440 0.0000000000
112341  35.049  -25.838  27.044 0.0000000000
43074  35.785  -27.206  26.361 0.0000000000
105141  36.170  -27.878  26.149 0.0000000000
41425  36.747  -29.090  25.715 0.0000000000
41405  37.600  -29.023  27.475 0.0000000000
40634  37.206  -29.871  26.591 0.0000000000
39846  35.891  -30.260  25.677 0.0000000000
39051  36.043  -31.804  25.459 0.0000000000
38252  35.184  -32.250  25.264 0.0000000000
118227  39.630  -29.707  34.116 0.0000000000
39713  33.400  -28.931  38.618 0.0000000000
122737  34.678  -30.062  37.350 0.0000000000
39737  35.522  -30.033  36.285 0.0000000000
39757  34.019  -29.327  35.247 0.0000000000
39756  34.854  -30.042  35.583 0.0000000000
39754  36.678  -30.280  35.318 0.0000000000
39753  37.459  -30.611  35.250 0.0000000000
110899  38.279  -31.031  33.915 0.0000000000
39788  39.109  -30.175  32.866 0.0000000000
38965  37.906  -30.925  31.670 0.0000000000
38982  36.882  -30.445  30.482 0.0000000000
38194  35.603  -30.910  28.825 0.0000000000
38196  33.705  -31.397  29.726 0.0000000000
118402  34.647  -31.852  28.737 0.0000000000
38207  35.201  -32.224  28.221 0.0000000000
104800  34.311  -32.225  26.940 0.0000000000
47450  40.178  -20.471  25.140 0.0000000000
47461  38.640  -20.631  23.499 0.0000000000
47470  36.978  -19.877  23.153 0.0000000000
47455  35.617  -21.441  24.069 0.0000000000
47471  35.661  -20.360  22.800 0.0000000000
47479  36.103  -20.357  21.944 0.0000000000
58827  50.693  -8.791  11.770 0.0000000000
50089  43.314  -18.822  26.100 0.0000000000
49233  43.015  -19.586  25.485 0.0000000000
50097  43.553  -17.608  25.548 0.0000000000
33396  23.083  -38.133  30.342 0.0000000000
108022  22.631  -38.850  30.011 0.0000000000
111324  22.249  -38.576  30.811 0.0000000000
33382  23.026  -36.668  31.723 0.0000000000
34199  23.765  -36.437  31.108 0.0000000000
33389  23.090  -37.111  30.640 0.0000000000
33402  23.071  -38.240  29.556 0.0000000000
54291  40.635  -13.226  19.700 0.0000000000
53427  40.872  -13.500  20.533 0.0000000000
53426  42.691  -13.649  21.365 0.0000000000
53425  43.462  -13.616  21.090 0.0000000000
54289  42.400  -12.809  20.594 0.0000000000
22337  15.387  -49.575  36.235 0.0000000000
22348  15.984  -49.114  35.617 0.0000000000
22338  14.590  -49.883  35.790 0.0000000000
22339  13.765  -50.057  35.400 0.0000000000
41366  39.554  -28.440  33.581 0.0000000000
111366  39.151  -27.963  32.742 0.0000000000
41371  39.318  -28.799  32.714 0.0000000000
116922  38.920  -29.298  32.047 0.0000000000
40591  39.259  -29.528  32.740 0.0000000000
39702  33.166  -29.275  39.719 0.0000000000
38211  27.018  -32.285  28.258 0.0000000000
38210  27.851  -31.829  28.720 0.0000000000
39016  28.390  -31.069  28.191 0.0000000000
43994  32.801  -25.251  25.884 0.0000000000
58823  52.231  -8.062  12.881 0.0000000000
119317  52.039  -7.281  12.445 0.0000000000
50966  41.906  -16.129  23.210 0.0000000000
50957  42.430  -16.992  23.163 0.0000000000
49282  37.588  -19.262  21.741 0.0000000000
124507  36.997  -19.706  21.588 0.0000000000
48384  36.703  -20.230  21.051 0.0000000000
50952  44.418  -17.316  22.990 0.0000000000
51771  44.627  -16.774  22.947 0.0000000000
50955  44.193  -17.113  22.626 0.0000000000
50964  43.809  -16.521  22.632 0.0000000000
28872  20.657  -43.404  28.277 0.0000000000
121864  21.100  -44.056  28.356 0.0000000000
27900  20.860  -44.070  28.860 0.0000000000
104628  20.783  -44.250  28.474 0.0000000000
108994  30.018  -33.768  35.905 0.0000000000
105904  29.194  -34.587  35.147 0.0000000000
34972  24.701  -35.163  30.198 0.0000000000
35806  24.998  -34.444  29.781 0.0000000000
34995  23.396  -34.917  28.139 0.0000000000
34987  23.331  -35.703  28.670 0.0000000000
114566  35.599  -30.168  24.963 0.0000000000
59651  48.064  -7.666  17.363 0.0000000000
57931  49.669  -8.919  13.497 0.0000000000
34151  25.430  -37.499  36.057 0.0000000000
34139  26.507  -37.496  37.458 0.0000000000
34149  26.925  -36.772  37.017 0.0000000000
34160  25.924  -36.653  35.606 0.0000000000
55190  47.933  -11.446  21.448 0.0000000000
56160  48.327  -10.619  20.912 0.0000000000
118909  48.914  -10.318  20.379 0.0000000000
32436  21.351  -38.792  35.092 0.0000000000
31484  20.998  -39.516  34.328 0.0000000000
26923  18.992  -44.539  33.010 0.0000000000
121728  19.005  -44.570  32.514 0.0000000000
26930  18.992  -44.755  31.588 0.0000000000
25961  19.031  -45.799  32.148 0.0000000000
25062  16.447  -46.870  32.589 0.0000000000
25069  16.041  -46.367  31.926 0.0000000000
43034  36.466  -26.130  29.620 0.0000000000
43041  36.647  -26.848  29.249 0.0000000000
43049  36.651  -27.101  28.391 0.0000000000
38217  36.999  -31.678  28.339 0.0000000000
39021  37.167  -31.262  27.843 0.0000000000
38235  36.039  -32.141  27.051 0.0000000000
39758  30.916  -29.941  35.604 0.0000000000
40552  32.063  -28.812  36.301 0.0000000000
40564  31.489  -28.974  35.434 0.0000000000
38956  33.664  -30.524  31.856 0.0000000000
38955  34.472  -30.548  32.091 0.0000000000
38954  35.143  -31.042  32.304 0.0000000000
107534  34.890  -30.447  31.475 0.0000000000
109650  37.732  -20.351  25.869 0.0000000000
107375  37.127  -21.086  25.776 0.0000000000
50107  42.888  -18.943  22.911 0.0000000000
49253  42.941  -19.219  23.409 0.0000000000
48354  40.789  -19.553  24.129 0.0000000000
49255  41.490  -19.167  23.990 0.0000000000
48365  38.874  -19.734  23.312 0.0000000000
52561  44.593  -14.522  26.599 0.0000000000
50100  43.734  -17.913  24.552 0.0000000000
50105  43.902  -18.176  23.320 0.0000000000
31541  21.450  -40.326  29.280 0.0000000000
30678  21.338  -40.966  28.570 0.0000000000
121501  21.348  -40.920  29.213 0.0000000000
29789  20.851  -41.414  28.861 0.0000000000
30649  21.255  -40.874  29.626 0.0000000000
34915  26.913  -36.220  33.339 0.0000000000
34929  25.707  -35.328  32.486 0.0000000000
111254  24.369  -36.221  30.732 0.0000000000
34943  25.068  -35.759  31.206 0.0000000000
34959  24.623  -35.791  30.486 0.0000000000
34206  23.810  -36.278  29.945 0.0000000000
34213  23.286  -36.346  29.082 0.0000000000
32504  22.270  -38.801  28.164 0.0000000000
32516  22.760  -39.125  27.369 0.0000000000
53412  45.936  -12.901  22.105 0.0000000000
53418  45.810  -12.837  21.673 0.0000000000
54281  45.747  -12.881  21.566 0.0000000000
54285  46.372  -12.510  21.052 0.0000000000
108629  46.023  -12.113  20.581 0.0000000000
111954  45.712  -11.636  20.129 0.0000000000
55193  45.052  -11.961  20.548 0.0000000000
110501  41.878  -11.705  18.849 0.0000000000
106352  21.598  -41.446  36.070 0.0000000000
114955  20.723  -41.512  35.593 0.0000000000
28793  20.903  -43.279  35.638 0.0000000000
27847  20.185  -43.767  35.385 0.0000000000
112425  19.605  -44.750  34.409 0.0000000000
23295  15.756  -49.053  34.677 0.0000000000
23303  16.288  -48.823  34.209 0.0000000000
23312  15.147  -48.800  33.065 0.0000000000
23306  13.751  -49.098  33.183 0.0000000000
21429  12.517  -50.980  35.515 0.0000000000
122566  37.658  -27.508  32.530 0.0000000000
42171  37.453  -27.696  32.034 0.0000000000
43026  36.644  -27.423  31.614 0.0000000000
110915  36.994  -28.119  31.363 0.0000000000
42178  36.799  -28.454  30.394 0.0000000000
41385  37.405  -28.949  31.039 0.0000000000
40596  38.012  -30.373  30.732 0.0000000000
39817  37.600  -29.891  30.057 0.0000000000
38996  37.405  -30.167  29.395 0.0000000000
124027  37.415  -30.112  30.116 0.0000000000
38959  29.798  -31.222  31.972 0.0000000000
39793  30.391  -30.321  31.971 0.0000000000
38973  29.593  -31.162  31.268 0.0000000000
38989  30.332  -30.722  30.536 0.0000000000
39801  31.332  -29.757  31.172 0.0000000000
38971  31.068  -30.306  30.741 0.0000000000
38970  31.826  -30.125  30.757 0.0000000000
38988  31.317  -30.688  30.213 0.0000000000
38987  32.136  -31.073  30.413 0.0000000000
46573  34.682  -21.755  26.866 0.0000000000
46582  34.941  -21.945  25.832 0.0000000000
44871  32.675  -24.679  24.906 0.0000000000
45741  32.864  -23.671  24.798 0.0000000000
44881  32.261  -24.074  24.014 0.0000000000
60533  51.107  -6.815  11.665 0.0000000000
60534  50.323  -6.588  11.434 0.0000000000
51789  42.628  -13.981  22.828 0.0000000000
112629  41.218  -14.516  21.776 0.0000000000
51790  41.938  -14.805  22.389 0.0000000000
113162  40.568  -15.750  21.827 0.0000000000
51791  40.181  -16.615  20.968 0.0000000000
114153  38.755  -17.900  20.696 0.0000000000
50115  40.711  -17.601  23.469 0.0000000000
49291  38.012  -19.174  21.330 0.0000000000
49292  37.519  -19.195  20.792 0.0000000000
50132  37.915  -18.401  20.456 0.0000000000
52563  45.174  -14.379  24.975 0.0000000000
53396  45.887  -13.825  25.415 0.0000000000
51769  45.389  -15.843  23.771 0.0000000000
53404  46.100  -13.816  23.900 0.0000000000
52566  45.482  -14.198  23.626 0.0000000000
53403  47.020  -13.681  23.247 0.0000000000
52568  45.531  -13.434  22.763 0.0000000000
51779  43.612  -15.043  23.244 0.0000000000
52573  44.035  -13.957  23.207 0.0000000000
52574  43.229  -14.110  23.274 0.0000000000
110392  31.502  -31.871  39.397 0.0000000000
38901  31.560  -30.637  39.311 0.0000000000
38907  31.282  -31.479  38.533 0.0000000000
38145  30.577  -31.995  36.112 0.0000000000
38915  30.899  -31.379  36.400 0.0000000000
38153  30.182  -31.933  35.337 0.0000000000
36603  28.596  -34.399  33.726 0.0000000000
35762  26.897  -34.394  32.802 0.0000000000
36602  28.634  -33.464  33.098 0.0000000000
36614  27.941  -32.929  32.500 0.0000000000
112228  28.677  -32.426  32.859 0.0000000000
38168  29.026  -31.666  32.551 0.0000000000
37428  27.922  -31.420  32.477 0.0000000000
37459  25.993  -32.960  29.575 0.0000000000
36636  26.575  -32.679  30.279 0.0000000000
37469  26.253  -32.824  28.638 0.0000000000
36660  25.574  -33.456  28.840 0.0000000000
34228  22.815  -37.223  27.629 0.0000000000
33416  22.929  -37.196  26.565 0.0000000000
33424  22.882  -37.910  26.235 0.0000000000
58760  51.965  -7.665  18.749 0.0000000000
59647  51.670  -7.104  17.634 0.0000000000
59659  52.024  -7.211  16.696 0.0000000000
58786  51.651  -7.575  15.999 0.0000000000
59673  47.778  -7.767  15.581 0.0000000000
59672  48.443  -7.358  15.663 0.0000000000
58812  49.838  -7.763  14.424 0.0000000000
58798  50.047  -7.244  15.217 0.0000000000
57914  52.108  -9.026  14.837 0.0000000000
121970  51.491  -8.512  14.411 0.0000000000
57929  51.413  -8.763  13.618 0.0000000000
116970  50.894  -8.644  13.072 0.0000000000
34182  23.495  -35.642  33.288 0.0000000000
33358  22.948  -37.494  35.721 0.0000000000
33350  22.014  -37.607  36.622 0.0000000000
33339  25.993  -38.210  38.013 0.0000000000
32408  24.455  -38.684  38.329 0.0000000000
32418  22.756  -39.096  37.602 0.0000000000
31469  22.061  -39.535  37.215 0.0000000000
38125  32.274  -31.166  40.900 0.0000000000
36544  31.055  -33.999  38.365 0.0000000000
34876  29.013  -36.220  37.477 0.0000000000
34887  28.861  -36.277  36.611 0.0000000000
107343  29.245  -35.606  36.240 0.0000000000
34896  28.193  -36.248  35.220 0.0000000000
34170  24.465  -35.715  34.340 0.0000000000
52591  39.957  -14.683  20.469 0.0000000000
57901  48.368  -9.082  19.793 0.0000000000
57900  49.230  -8.925  19.627 0.0000000000
58765  47.763  -8.782  18.921 0.0000000000
56166  45.630  -11.051  19.547 0.0000000000
57907  44.526  -9.366  17.738 0.0000000000
57114  45.438  -9.593  18.462 0.0000000000
57906  45.497  -8.974  17.836 0.0000000000
57910  44.956  -8.931  17.120 0.0000000000
32460  22.085  -38.408  32.831 0.0000000000
32469  22.166  -38.493  31.822 0.0000000000
32461  21.786  -39.353  32.355 0.0000000000
30626  20.607  -40.927  32.220 0.0000000000
31506  21.418  -40.141  31.847 0.0000000000
29747  19.787  -41.107  31.282 0.0000000000
29760  20.626  -41.110  30.180 0.0000000000
29729  19.355  -42.208  35.042 0.0000000000
30610  19.909  -41.712  34.357 0.0000000000
29730  19.343  -42.506  34.160 0.0000000000
28839  18.873  -43.239  31.523 0.0000000000
28828  19.121  -43.067  32.269 0.0000000000
107330  18.724  -42.891  30.566 0.0000000000
107814  18.821  -42.308  30.447 0.0000000000
27887  18.727  -43.124  30.143 0.0000000000
26945  18.683  -43.656  29.781 0.0000000000
26938  18.675  -44.564  30.636 0.0000000000
25979  17.430  -45.342  29.653 0.0000000000
25043  20.755  -46.729  34.820 0.0000000000
25937  19.814  -46.115  34.424 0.0000000000
25942  19.556  -45.524  34.181 0.0000000000
24196  18.555  -48.183  34.641 0.0000000000
25060  18.029  -45.551  33.245 0.0000000000
25954  18.913  -45.880  32.265 0.0000000000
20477  12.917  -52.022  36.889 0.0000000000
107792  12.429  -52.332  37.611 0.0000000000
20469  10.821  -52.265  37.501 0.0000000000
20479  11.162  -51.731  36.891 0.0000000000
120667  39.489  -20.473  27.647 0.0000000000
47396  37.345  -21.062  28.590 0.0000000000
47411  36.213  -21.322  27.571 0.0000000000
46562  36.484  -21.455  28.320 0.0000000000
45692  35.570  -23.027  29.396 0.0000000000
46551  35.425  -22.621  28.440 0.0000000000
120657  34.163  -23.905  27.619 0.0000000000
105138  34.722  -24.224  28.264 0.0000000000
109056  34.694  -24.725  30.432 0.0000000000
44831  34.937  -24.931  29.518 0.0000000000
43970  35.080  -25.436  27.641 0.0000000000
43063  35.338  -26.502  26.736 0.0000000000
43051  35.644  -26.183  27.404 0.0000000000
42198  36.568  -27.648  26.812 0.0000000000
41416  36.789  -28.370  26.278 0.0000000000
41397  38.037  -28.918  28.975 0.0000000000
41398  37.450  -28.416  28.518 0.0000000000
41404  38.059  -28.962  28.181 0.0000000000
40624  37.556  -29.773  27.239 0.0000000000
39845  36.794  -30.286  26.270 0.0000000000
39050  36.091  -30.939  26.124 0.0000000000
116148  35.568  -32.272  26.302 0.0000000000
38253  34.407  -32.270  25.155 0.0000000000
39714  32.183  -29.521  38.781 0.0000000000
39724  33.064  -28.988  37.883 0.0000000000
114416  34.161  -29.702  37.594 0.0000000000
39738  34.578  -29.964  36.720 0.0000000000
106886  35.277  -30.116  37.179 0.0000000000
40585  32.290  -28.832  34.222 0.0000000000
39770  33.152  -28.873  33.949 0.0000000000
38933  35.336  -30.166  33.732 0.0000000000
39768  34.775  -29.730  34.514 0.0000000000
39767  35.534  -30.225  34.692 0.0000000000
39755  35.879  -30.014  35.397 0.0000000000
38921  36.888  -31.010  34.881 0.0000000000
38939  37.269  -31.194  33.483 0.0000000000
38951  38.010  -30.921  32.831 0.0000000000
39777  38.559  -30.541  33.167 0.0000000000
39789  38.352  -30.448  32.317 0.0000000000
38984  35.482  -30.428  30.306 0.0000000000
38983  36.070  -30.440  29.925 0.0000000000
38193  36.017  -30.719  29.083 0.0000000000
38998  35.620  -30.603  29.400 0.0000000000
38999  32.689  -31.418  29.774 0.0000000000
38197  33.285  -31.704  29.014 0.0000000000
38222  32.925  -31.786  27.053 0.0000000000
38208  33.832  -32.034  28.381 0.0000000000
38220  34.436  -32.194  27.852 0.0000000000
105108  35.007  -32.283  27.423 0.0000000000
38237  33.618  -32.073  26.393 0.0000000000
48337  40.768  -19.961  25.853 0.0000000000
47453  37.639  -21.319  24.099 0.0000000000
47452  38.459  -21.122  24.303 0.0000000000
111651  38.105  -21.122  23.644 0.0000000000
47469  37.813  -20.119  23.322 0.0000000000
112655  36.377  -20.153  22.784 0.0000000000
46598  34.918  -21.668  24.857 0.0000000000
111143  34.959  -21.696  23.961 0.0000000000
46614  33.641  -21.705  21.479 0.0000000000
47472  34.749  -20.849  22.779 0.0000000000
47473  34.584  -21.258  21.863 0.0000000000
108574  35.295  -20.743  22.354 0.0000000000
47480  35.364  -21.107  21.222 0.0000000000
63909  50.557  -2.539  11.755 0.0000000000
63911  50.028  -2.560  11.116 0.0000000000
64769  50.539  -1.734  11.354 0.0000000000
49244  43.028  -19.454  24.291 0.0000000000
120286  41.698  -19.381  24.380 0.0000000000
48345  41.188  -19.584  24.747 0.0000000000
31540  21.726  -39.516  28.749 0.0000000000
31531  21.789  -39.441  29.520 0.0000000000
34189  24.848  -34.808  33.000 0.0000000000
34930  24.944  -35.118  32.101 0.0000000000
34207  23.596  -36.757  30.268 0.0000000000
33401  22.939  -37.643  29.135 0.0000000000
107768  44.409  -13.792  21.506 0.0000000000
53424  44.166  -13.805  21.208 0.0000000000
54287  44.575  -12.781  21.058 0.0000000000
55194  43.869  -12.044  20.394 0.0000000000
29704  22.616  -42.674  37.255 0.0000000000
29714  22.135  -42.291  36.207 0.0000000000
118972  22.303  -43.032  36.559 0.0000000000
23305  14.645  -48.977  33.551 0.0000000000
23296  14.909  -49.187  34.368 0.0000000000
22351  13.320  -49.442  34.697 0.0000000000
42163  38.193  -28.002  32.434 0.0000000000
40604  38.277  -29.139  31.518 0.0000000000
40595  38.268  -29.944  31.416 0.0000000000
38184  27.946  -31.018  30.713 0.0000000000
38198  28.900  -31.017  29.673 0.0000000000
104207  29.834  -30.604  29.820 0.0000000000
123403  29.554  -30.576  29.307 0.0000000000
39015  29.168  -30.612  28.703 0.0000000000
39026  28.337  -30.813  27.074 0.0000000000
45722  33.705  -23.515  26.890 0.0000000000
45729  33.344  -23.252  26.148 0.0000000000
58818  53.770  -9.135  13.154 0.0000000000
59683  54.129  -8.322  12.826 0.0000000000
61377  52.752  -5.394  12.024 0.0000000000
60532  51.974  -6.641  12.086 0.0000000000
59690  51.258  -7.428  11.881 0.0000000000
51781  41.837  -15.467  22.823 0.0000000000
50967  40.560  -16.892  22.872 0.0000000000
49280  39.341  -18.763  22.736 0.0000000000
51766  45.370  -16.197  24.026 0.0000000000
51774  44.688  -14.865  23.280 0.0000000000
51775  44.442  -16.056  22.902 0.0000000000
28881  20.848  -42.469  27.725 0.0000000000
26955  20.041  -44.340  28.304 0.0000000000
37386  31.107  -32.920  37.145 0.0000000000
38142  31.221  -32.315  37.811 0.0000000000
113699  30.775  -32.652  36.512 0.0000000000
121497  29.767  -33.276  35.308 0.0000000000
35776  26.090  -34.946  31.793 0.0000000000
36626  26.134  -34.059  32.181 0.0000000000
35791  26.201  -34.645  31.075 0.0000000000
36637  26.534  -33.979  30.960 0.0000000000
36625  26.768  -33.269  31.611 0.0000000000
122617  26.639  -33.223  30.818 0.0000000000
36649  25.725  -33.855  29.641 0.0000000000
36650  25.113  -34.022  29.066 0.0000000000
35840  24.071  -34.300  27.464 0.0000000000
42225  35.315  -28.625  25.104 0.0000000000
59638  50.600  -7.402  18.914 0.0000000000
59637  51.395  -7.245  18.489 0.0000000000
59649  49.941  -7.101  18.460 0.0000000000
59661  49.997  -7.000  17.434 0.0000000000
58800  48.143  -7.783  14.729 0.0000000000
57922  50.483  -8.342  13.952 0.0000000000
33357  24.280  -37.708  35.721 0.0000000000
33348  24.714  -38.078  36.743 0.0000000000
34897  27.555  -36.588  35.613 0.0000000000
34159  26.802  -36.798  36.065 0.0000000000
57897  49.037  -9.756  19.961 0.0000000000
57109  47.702  -9.403  19.885 0.0000000000
56171  43.876  -10.638  18.576 0.0000000000
32451  21.188  -39.025  33.375 0.0000000000
121149  20.899  -40.025  33.690 0.0000000000
30618  20.613  -40.920  33.468 0.0000000000
28814  19.014  -43.414  33.675 0.0000000000
115145  19.017  -44.045  32.139 0.0000000000
26936  18.793  -43.922  30.902 0.0000000000
25971  18.750  -45.554  31.278 0.0000000000
25044  20.005  -46.967  34.588 0.0000000000
24204  17.267  -47.775  34.022 0.0000000000
25061  17.199  -46.145  33.038 0.0000000000
46549  36.549  -21.365  29.340 0.0000000000
46540  36.600  -21.121  30.399 0.0000000000
46541  35.747  -21.916  30.001 0.0000000000
43939  35.358  -26.391  31.571 0.0000000000
43940  34.948  -25.537  31.002 0.0000000000
43949  35.550  -25.544  29.956 0.0000000000
123359  36.190  -25.769  29.325 0.0000000000
43050  36.191  -26.624  27.915 0.0000000000
107706  36.621  -27.320  27.562 0.0000000000
123243  37.043  -27.680  27.279 0.0000000000
39826  38.081  -29.986  28.353 0.0000000000
40623  38.074  -29.621  27.924 0.0000000000
39827  37.752  -30.438  27.880 0.0000000000
39037  36.234  -31.936  26.533 0.0000000000
39740  31.809  -29.252  37.006 0.0000000000
40544  32.598  -28.936  37.080 0.0000000000
40551  33.134  -28.966  36.042 0.0000000000
39790  33.348  -29.417  32.418 0.0000000000
39779  33.732  -29.147  33.257 0.0000000000
38932  36.002  -30.675  34.029 0.0000000000
38941  35.638  -31.100  33.161 0.0000000000
38940  36.445  -31.313  32.834 0.0000000000
38953  36.418  -31.219  31.874 0.0000000000
38967  35.589  -30.891  31.496 0.0000000000
120305  35.149  -30.217  30.975 0.0000000000
39012  32.085  -31.097  27.759 0.0000000000
39022  32.244  -31.136  26.445 0.0000000000
38238  32.941  -31.563  25.705 0.0000000000
39038  32.136  -31.375  25.244 0.0000000000
47421  39.258  -20.560  26.740 0.0000000000
47438  39.520  -20.764  25.818 0.0000000000
47440  37.844  -21.242  24.943 0.0000000000
110802  33.501  -21.837  22.969 0.0000000000
122971  33.178  -21.766  22.318 0.0000000000
106581  49.984  -4.825  11.364 0.0000000000
63052  50.735  -3.358  11.961 0.0000000000
50953  43.781  -17.919  22.708 0.0000000000
50113  43.148  -18.203  22.798 0.0000000000
49266  40.920  -18.755  23.720 0.0000000000
49268  38.598  -19.353  23.001 0.0000000000
48366  37.513  -19.483  23.083 0.0000000000
52560  44.982  -13.763  26.095 0.0000000000
111685  43.653  -15.220  24.864 0.0000000000
50944  43.484  -15.407  25.235 0.0000000000
50948  43.909  -15.960  24.739 0.0000000000
29812  21.387  -41.947  27.332 0.0000000000
28861  20.381  -42.071  29.061 0.0000000000
110641  28.553  -35.675  34.925 0.0000000000
35732  28.824  -34.921  34.645 0.0000000000
107129  28.301  -35.345  34.099 0.0000000000
35749  27.164  -35.440  32.961 0.0000000000
34958  25.369  -35.406  30.873 0.0000000000
33409  22.712  -37.709  28.143 0.0000000000
58789  46.307  -8.234  16.582 0.0000000000
59663  47.921  -7.611  16.402 0.0000000000
58788  47.153  -8.012  16.180 0.0000000000
34126  27.401  -37.430  38.744 0.0000000000
54272  47.374  -12.571  21.733 0.0000000000
54279  47.108  -12.496  21.431 0.0000000000
54280  46.509  -12.598  21.366 0.0000000000
55186  47.540  -12.053  21.396 0.0000000000
55191  47.129  -11.696  21.118 0.0000000000
56162  46.734  -11.164  20.590 0.0000000000
56163  46.240  -11.502  20.199 0.0000000000
55198  44.192  -11.479  19.857 0.0000000000
56168  43.457  -11.163  18.866 0.0000000000
56169  42.160  -11.081  18.267 0.0000000000
31470  21.552  -39.682  36.415 0.0000000000
119824  21.245  -40.274  35.350 0.0000000000
124457  19.873  -42.140  35.429 0.0000000000
28798  19.592  -42.872  35.431 0.0000000000
120459  18.960  -48.943  34.846 0.0000000000
24197  17.710  -48.303  34.582 0.0000000000
23302  16.990  -48.525  34.469 0.0000000000
24212  16.076  -47.955  32.766 0.0000000000
24214  14.401  -48.286  32.015 0.0000000000
43012  37.383  -27.038  32.786 0.0000000000
120819  36.740  -26.778  32.580 0.0000000000
43019  36.189  -26.976  32.064 0.0000000000
42187  36.540  -27.704  29.773 0.0000000000
40611  37.946  -29.440  29.474 0.0000000000
39010  37.077  -30.761  28.771 0.0000000000
39011  36.514  -30.869  28.854 0.0000000000
39772  30.502  -30.160  34.204 0.0000000000
40576  31.495  -28.971  34.560 0.0000000000
39782  30.442  -29.804  33.148 0.0000000000
112549  31.569  -29.256  33.055 0.0000000000
38972  30.488  -30.661  31.255 0.0000000000
39791  32.393  -28.954  32.143 0.0000000000
109556  32.941  -29.602  31.809 0.0000000000
38957  32.997  -30.494  31.483 0.0000000000
38969  33.324  -31.057  31.252 0.0000000000
113754  31.909  -31.230  29.812 0.0000000000
39013  31.470  -30.690  28.669 0.0000000000
39014  30.358  -30.349  28.970 0.0000000000
104106  31.104  -30.247  27.914 0.0000000000
117779  30.732  -30.336  27.131 0.0000000000
47424  36.507  -21.187  26.646 0.0000000000
121715  36.389  -21.186  25.764 0.0000000000
46581  35.664  -21.461  26.213 0.0000000000
109991  33.309  -23.210  25.302 0.0000000000
45740  33.448  -22.796  24.609 0.0000000000
45750  33.309  -22.321  23.703 0.0000000000
45751  32.519  -23.139  23.367 0.0000000000
62208  51.593  -4.384  11.989 0.0000000000
62211  51.818  -5.194  11.846 0.0000000000
62212  50.753  -4.862  11.778 0.0000000000
60535  49.721  -6.386  11.133 0.0000000000
52589  41.490  -13.885  21.288 0.0000000000
52581  40.995  -15.132  22.322 0.0000000000
50968  40.175  -17.215  22.328 0.0000000000
50124  39.242  -18.428  22.148 0.0000000000
50130  39.689  -17.612  21.533 0.0000000000
120308  45.464  -15.031  24.098 0.0000000000
53408  47.004  -13.165  22.513 0.0000000000
124033  46.346  -12.942  22.423 0.0000000000
52571  45.246  -13.577  21.996 0.0000000000
52572  44.626  -13.837  22.747 0.0000000000
52577  44.662  -13.696  21.721 0.0000000000
52578  44.282  -13.832  21.872 0.0000000000
120964  43.000  -13.798  22.104 0.0000000000
38894  32.739  -30.390  40.439 0.0000000000
111961  31.177  -31.558  37.614 0.0000000000
38908  31.074  -30.570  37.914 0.0000000000
39726  31.352  -29.993  37.140 0.0000000000
39759  30.395  -30.219  35.004 0.0000000000
36588  29.126  -34.145  34.519 0.0000000000
37409  29.387  -33.269  34.540 0.0000000000
36615  28.068  -34.101  32.714 0.0000000000
37418  29.464  -32.333  34.190 0.0000000000
38157  29.926  -31.941  34.604 0.0000000000
117175  29.645  -31.432  33.993 0.0000000000
38944  30.069  -30.645  33.800 0.0000000000
109618  29.064  -31.405  31.967 0.0000000000
107701  26.936  -32.446  31.101 0.0000000000
37458  26.950  -32.336  29.392 0.0000000000
112431  26.535  -32.758  27.776 0.0000000000
34227  22.964  -36.613  26.940 0.0000000000
43993  33.903  -25.979  25.929 0.0000000000
58784  53.370  -8.188  15.992 0.0000000000
59662  48.621  -7.234  16.665 0.0000000000
59670  50.131  -7.050  16.263 0.0000000000
58799  49.085  -7.284  14.925 0.0000000000
58796  52.720  -8.707  15.267 0.0000000000
58810  52.984  -9.306  14.512 0.0000000000
57920  53.020  -9.404  13.668 0.0000000000
57928  52.760  -8.798  13.132 0.0000000000
33375  22.633  -37.657  33.342 0.0000000000
111584  23.280  -37.379  34.650 0.0000000000
33366  22.383  -37.632  34.357 0.0000000000
32443  21.420  -37.862  34.819 0.0000000000
33330  25.284  -38.505  38.630 0.0000000000
32416  23.876  -38.252  37.545 0.0000000000
32426  22.753  -38.060  37.460 0.0000000000
107379  21.661  -38.533  36.612 0.0000000000
30590  22.042  -40.585  36.596 0.0000000000
30589  22.504  -40.842  37.449 0.0000000000
30580  23.082  -41.251  38.169 0.0000000000
29703  22.893  -41.882  37.667 0.0000000000
37369  31.565  -32.761  39.543 0.0000000000
37377  31.181  -33.139  38.066 0.0000000000
37378  30.824  -33.715  37.447 0.0000000000
35698  29.907  -35.135  37.420 0.0000000000
35709  29.698  -35.146  36.707 0.0000000000
35717  29.050  -35.291  35.421 0.0000000000
122413  27.394  -36.318  33.978 0.0000000000
34906  26.432  -36.516  33.989 0.0000000000
34168  26.511  -36.524  35.202 0.0000000000
34180  25.027  -35.372  33.890 0.0000000000
34190  23.967  -35.124  32.561 0.0000000000
34191  23.440  -35.916  32.471 0.0000000000
53428  40.168  -13.882  20.174 0.0000000000
58749  52.022  -8.560  19.233 0.0000000000
109047  50.854  -9.391  19.645 0.0000000000
57899  50.091  -8.925  19.515 0.0000000000
58763  49.661  -7.909  19.158 0.0000000000
58774  48.139  -8.127  18.195 0.0000000000
58775  47.543  -8.192  17.895 0.0000000000
56164  46.980  -10.361  20.347 0.0000000000
119759  47.237  -9.777  20.008 0.0000000000
103846  46.902  -8.028  17.377 0.0000000000
31519  21.149  -39.827  30.708 0.0000000000
123195  21.036  -40.547  30.147 0.0000000000
30619  20.156  -41.913  32.980 0.0000000000
29748  19.383  -41.981  31.784 0.0000000000
29761  19.244  -41.605  30.718 0.0000000000
28849  19.313  -42.607  29.496 0.0000000000
116619  19.281  -43.721  29.134 0.0000000000
26956  18.850  -44.131  28.489 0.0000000000
26900  21.442  -45.549  34.941 0.0000000000
26909  20.156  -45.298  34.488 0.0000000000
25952  19.363  -45.697  32.561 0.0000000000
25045  19.412  -47.107  34.470 0.0000000000
25052  18.918  -46.097  34.036 0.0000000000
25053  18.409  -46.302  33.802 0.0000000000
25944  18.991  -45.363  33.411 0.0000000000
25962  19.223  -45.934  31.789 0.0000000000
25964  17.753  -45.779  31.520 0.0000000000
25972  17.985  -45.588  30.848 0.0000000000
21411  13.186  -51.453  36.280 0.0000000000
21412  12.355  -51.504  36.236 0.0000000000
21413  11.579  -51.415  36.195 0.0000000000
108050  11.583  -52.247  37.552 0.0000000000
49216  42.671  -19.917  26.184 0.0000000000
106587  38.590  -20.235  27.302 0.0000000000
47422  37.757  -20.186  26.835 0.0000000000
46564  34.946  -22.068  27.686 0.0000000000
45712  34.367  -22.770  27.245 0.0000000000
44850  33.685  -24.524  27.179 0.0000000000
105371  35.173  -23.225  30.509 0.0000000000
44832  35.208  -24.414  28.916 0.0000000000
44849  34.302  -25.260  27.147 0.0000000000
43981  34.543  -25.932  26.529 0.0000000000
43075  34.781  -26.797  26.004 0.0000000000
41426  36.141  -28.475  25.670 0.0000000000
40644  36.050  -29.665  25.354 0.0000000000
42192  36.842  -27.756  28.858 0.0000000000
41415  37.227  -29.119  26.554 0.0000000000
40643  36.983  -29.726  25.825 0.0000000000
113156  36.072  -31.012  25.313 0.0000000000
38270  35.610  -31.955  24.746 0.0000000000
38271  34.924  -32.233  24.027 0.0000000000
40584  39.521  -29.648  33.445 0.0000000000
39712  34.213  -29.236  38.882 0.0000000000
39723  34.706  -30.083  38.013 0.0000000000
39736  36.255  -30.012  36.867 0.0000000000
120745  32.002  -28.521  34.926 0.0000000000
40562  32.954  -28.839  34.881 0.0000000000
39769  33.981  -29.025  34.215 0.0000000000
120364  36.282  -29.921  35.983 0.0000000000
110047  36.968  -30.094  36.081 0.0000000000
38931  36.706  -31.121  34.238 0.0000000000
38930  37.479  -31.128  34.468 0.0000000000
106481  38.663  -30.425  34.620 0.0000000000
39776  39.080  -30.258  33.806 0.0000000000
39799  38.132  -30.713  31.228 0.0000000000
107049  37.793  -30.972  30.762 0.0000000000
105492  37.180  -31.016  31.307 0.0000000000
38981  37.144  -30.279  30.104 0.0000000000
38997  36.463  -30.446  29.589 0.0000000000
38205  36.305  -31.548  28.775 0.0000000000
38985  33.922  -31.165  30.554 0.0000000000
38183  34.607  -30.924  29.535 0.0000000000
106728  34.374  -31.438  28.956 0.0000000000
38195  35.058  -31.071  28.690 0.0000000000
38206  35.740  -32.139  28.554 0.0000000000
38219  35.623  -32.291  27.820 0.0000000000
117748  34.136  -32.263  25.990 0.0000000000
105084  41.868  -19.612  25.983 0.0000000000
103480  40.788  -19.956  25.080 0.0000000000
48346  40.343  -20.163  24.394 0.0000000000
47451  39.389  -20.787  24.761 0.0000000000
122949  39.940  -20.565  24.527 0.0000000000
48347  39.612  -20.524  24.054 0.0000000000
48357  38.132  -19.689  23.431 0.0000000000
48367  37.000  -19.537  22.707 0.0000000000
47454  36.610  -21.378  24.070 0.0000000000
47463  36.098  -20.893  23.360 0.0000000000
46606  34.276  -21.593  23.399 0.0000000000
47464  35.139  -20.948  23.317 0.0000000000
47478  36.621  -19.926  22.643 0.0000000000
48377  36.832  -19.710  22.305 0.0000000000
58828  50.233  -8.259  11.288 0.0000000000
58830  50.349  -9.223  10.792 0.0000000000
26924  19.069  -44.891  32.341 0.0000000000
30663  21.095  -41.076  28.987 0.0000000000
34888  28.209  -36.453  36.731 0.0000000000
34905  27.692  -35.805  33.642 0.0000000000
34941  26.178  -35.293  32.264 0.0000000000
35777  25.887  -35.103  31.148 0.0000000000
37398  30.245  -32.818  35.822 0.0000000000
38223  27.666  -31.600  27.718 0.0000000000
38923  31.073  -30.536  36.334 0.0000000000
38934  30.201  -31.111  34.654 0.0000000000
39009  37.691  -30.391  28.563 0.0000000000
39781  31.070  -29.495  33.929 0.0000000000
47460  39.078  -20.727  24.020 0.0000000000
48336  41.375  -19.663  25.532 0.0000000000
48356  38.792  -20.045  23.620 0.0000000000
49256  40.483  -19.402  23.773 0.0000000000
57106  48.311  -9.911  20.215 0.0000000000
57110  46.734  -9.940  19.668 0.0000000000
58762  50.669  -8.411  19.314 0.0000000000
62213  50.323  -4.054  11.647 0.0000000000
116845  52.353  -4.011  12.310 0.0000000000
121579  37.477  -28.476  27.825 0.0000000000
