#!ascii label  , from subject 001 vox2ras=TkReg
607
105775  27.491  -51.528  35.057 0.0000000000
43946  42.535  -25.893  29.583 0.0000000000
44820  48.072  -24.591  28.763 0.0000000000
34902  43.920  -36.544  34.529 0.0000000000
29720  30.331  -42.326  35.250 0.0000000000
24177  29.365  -48.484  36.314 0.0000000000
44813  46.824  -24.601  30.630 0.0000000000
119057  47.521  -30.149  33.293 0.0000000000
103271  40.281  -35.625  37.006 0.0000000000
31457  34.417  -41.393  36.542 0.0000000000
109060  55.333  -19.112  24.301 0.0000000000
47418  49.346  -21.611  26.421 0.0000000000
119464  43.311  -34.220  32.682 0.0000000000
39750  45.445  -31.088  34.366 0.0000000000
25930  27.669  -46.625  36.381 0.0000000000
23281  28.491  -49.860  36.075 0.0000000000
44815  44.655  -24.902  30.726 0.0000000000
43006  46.704  -26.941  32.747 0.0000000000
43001  45.493  -26.657  32.729 0.0000000000
31464  40.717  -40.179  36.222 0.0000000000
27797  30.981  -44.431  37.454 0.0000000000
30579  32.127  -41.937  36.909 0.0000000000
27794  33.838  -44.142  38.685 0.0000000000
119216  53.517  -19.248  23.473 0.0000000000
49210  53.525  -20.141  26.752 0.0000000000
49229  52.601  -19.575  26.072 0.0000000000
46560  47.765  -22.349  27.990 0.0000000000
47436  48.407  -21.986  25.587 0.0000000000
46546  48.138  -22.803  28.001 0.0000000000
45708  49.684  -22.625  26.869 0.0000000000
43963  48.854  -25.106  27.244 0.0000000000
34883  43.772  -36.059  37.994 0.0000000000
36585  41.778  -34.581  34.751 0.0000000000
36566  43.359  -34.774  35.402 0.0000000000
106639  44.243  -31.950  33.645 0.0000000000
36564  45.145  -34.044  34.320 0.0000000000
108981  47.288  -33.130  34.155 0.0000000000
34910  45.692  -36.635  33.451 0.0000000000
26876  29.267  -45.256  37.087 0.0000000000
45699  46.219  -22.875  28.238 0.0000000000
44811  47.680  -24.528  29.959 0.0000000000
42168  47.162  -27.044  30.663 0.0000000000
40593  47.500  -29.532  31.460 0.0000000000
33337  36.829  -38.517  37.209 0.0000000000
33334  39.366  -38.224  36.576 0.0000000000
33343  41.108  -38.320  36.307 0.0000000000
33353  43.159  -38.420  35.325 0.0000000000
33370  44.579  -39.532  33.117 0.0000000000
33356  34.836  -39.011  35.678 0.0000000000
30565  36.282  -41.080  37.023 0.0000000000
49226  57.205  -20.000  25.096 0.0000000000
49242  50.732  -19.983  24.606 0.0000000000
112173  51.541  -21.067  26.678 0.0000000000
117379  50.643  -23.241  26.268 0.0000000000
42161  43.621  -27.596  32.462 0.0000000000
39763  47.119  -30.176  34.407 0.0000000000
117851  47.672  -33.007  33.082 0.0000000000
21422  28.153  -51.365  35.150 0.0000000000
22332  27.825  -50.475  35.560 0.0000000000
22331  28.653  -50.527  35.560 0.0000000000
43945  43.606  -25.619  29.686 0.0000000000
43928  44.398  -25.166  31.992 0.0000000000
43929  43.840  -25.639  31.383 0.0000000000
107966  32.210  -43.952  37.943 0.0000000000
106404  52.379  -19.499  23.348 0.0000000000
119977  52.752  -19.392  24.581 0.0000000000
113497  51.989  -19.493  24.186 0.0000000000
45697  48.008  -23.142  28.914 0.0000000000
47391  48.133  -22.372  27.767 0.0000000000
45688  47.980  -23.773  28.921 0.0000000000
105556  48.205  -23.925  28.108 0.0000000000
34881  44.643  -36.076  37.020 0.0000000000
36552  43.546  -35.375  36.614 0.0000000000
35713  44.063  -35.547  35.906 0.0000000000
36565  44.206  -34.961  34.199 0.0000000000
35727  44.377  -34.922  34.292 0.0000000000
35726  46.161  -34.921  34.252 0.0000000000
34911  44.587  -36.516  33.893 0.0000000000
26877  28.605  -45.815  36.937 0.0000000000
108953  29.408  -46.823  37.247 0.0000000000
25917  30.130  -46.596  37.087 0.0000000000
44829  45.369  -24.570  28.769 0.0000000000
44839  45.519  -24.537  28.144 0.0000000000
45691  46.004  -23.936  29.485 0.0000000000
113594  46.906  -23.412  29.712 0.0000000000
44812  47.374  -24.578  30.286 0.0000000000
43935  47.455  -25.243  30.156 0.0000000000
43925  46.646  -25.936  30.915 0.0000000000
42151  47.241  -27.991  33.136 0.0000000000
119182  47.230  -27.780  32.638 0.0000000000
117219  47.508  -29.895  32.311 0.0000000000
38979  47.625  -31.334  31.273 0.0000000000
38962  47.439  -31.524  31.939 0.0000000000
33327  37.483  -38.992  37.437 0.0000000000
33335  37.816  -38.553  37.083 0.0000000000
32414  38.569  -39.348  36.977 0.0000000000
32422  40.881  -39.652  36.412 0.0000000000
33354  42.553  -38.737  35.479 0.0000000000
30578  32.985  -42.059  37.229 0.0000000000
31475  33.724  -40.888  35.569 0.0000000000
31466  34.679  -40.260  36.460 0.0000000000
32424  35.416  -39.803  36.911 0.0000000000
31446  35.264  -41.141  36.873 0.0000000000
105528  55.386  -19.273  23.408 0.0000000000
49237  56.904  -19.611  25.032 0.0000000000
48303  52.855  -20.651  26.670 0.0000000000
47435  48.798  -21.764  26.034 0.0000000000
47448  49.012  -21.965  25.226 0.0000000000
48318  49.478  -21.643  25.577 0.0000000000
48342  50.167  -21.394  24.414 0.0000000000
48334  50.396  -20.789  25.752 0.0000000000
48316  50.825  -20.712  26.283 0.0000000000
48306  50.651  -21.557  26.692 0.0000000000
123418  49.249  -23.655  26.688 0.0000000000
124259  50.469  -22.666  26.632 0.0000000000
35707  39.547  -35.680  36.660 0.0000000000
36587  39.881  -35.345  35.163 0.0000000000
36584  42.670  -34.413  34.221 0.0000000000
36612  42.135  -35.128  32.545 0.0000000000
38929  44.734  -31.227  33.807 0.0000000000
115409  43.713  -31.081  32.781 0.0000000000
39775  43.870  -30.282  33.335 0.0000000000
116471  43.626  -28.998  32.204 0.0000000000
41359  44.638  -29.283  33.797 0.0000000000
41358  45.304  -29.018  33.915 0.0000000000
39749  45.937  -31.148  34.500 0.0000000000
35741  47.036  -34.502  32.912 0.0000000000
37414  47.574  -33.162  33.781 0.0000000000
109031  46.922  -34.533  32.543 0.0000000000
104638  46.891  -34.242  31.537 0.0000000000
24179  28.044  -48.474  36.377 0.0000000000
109450  29.019  -48.878  36.449 0.0000000000
23280  29.615  -49.447  35.386 0.0000000000
22322  29.069  -49.896  36.001 0.0000000000
123719  45.261  -24.643  30.629 0.0000000000
43927  46.577  -25.026  31.966 0.0000000000
44798  46.051  -24.837  32.241 0.0000000000
43910  46.278  -26.496  32.585 0.0000000000
41355  47.202  -28.354  33.502 0.0000000000
29712  30.538  -43.016  36.716 0.0000000000
30588  30.849  -41.967  35.649 0.0000000000
111752  31.623  -43.107  37.443 0.0000000000
29701  32.462  -42.686  37.548 0.0000000000
30568  33.096  -43.124  37.694 0.0000000000
29691  34.230  -42.806  36.548 0.0000000000
28774  34.087  -43.940  37.993 0.0000000000
49249  54.425  -19.251  23.695 0.0000000000
49227  54.869  -19.521  25.836 0.0000000000
110272  54.082  -19.269  25.309 0.0000000000
109283  53.419  -19.618  26.324 0.0000000000
48315  52.244  -20.653  26.662 0.0000000000
46571  46.858  -22.588  26.771 0.0000000000
46570  47.669  -22.051  27.170 0.0000000000
117118  48.535  -21.812  26.885 0.0000000000
47405  48.803  -22.058  27.129 0.0000000000
47404  49.709  -21.932  26.997 0.0000000000
46558  49.006  -23.086  27.069 0.0000000000
45709  48.893  -23.451  27.260 0.0000000000
35705  41.902  -35.752  38.090 0.0000000000
36569  41.065  -35.125  36.291 0.0000000000
36553  42.828  -35.561  36.866 0.0000000000
36567  42.567  -34.502  35.365 0.0000000000
37407  43.099  -34.255  34.573 0.0000000000
38166  43.644  -32.602  32.553 0.0000000000
37406  43.902  -33.655  33.810 0.0000000000
38152  44.825  -32.942  33.793 0.0000000000
109560  45.573  -32.164  34.340 0.0000000000
38149  46.509  -32.369  34.469 0.0000000000
37394  46.406  -33.027  34.606 0.0000000000
35725  46.814  -34.431  33.891 0.0000000000
111545  46.720  -35.493  32.817 0.0000000000
27833  28.251  -45.137  34.972 0.0000000000
27832  28.732  -44.172  36.022 0.0000000000
28784  29.193  -43.882  36.635 0.0000000000
27805  30.150  -44.450  37.508 0.0000000000
25906  30.845  -45.516  37.364 0.0000000000
46561  46.973  -22.509  27.721 0.0000000000
46538  47.383  -22.980  29.264 0.0000000000
44821  47.862  -24.304  29.475 0.0000000000
43031  47.824  -25.755  29.755 0.0000000000
108626  47.739  -26.679  29.984 0.0000000000
41382  47.465  -28.366  30.562 0.0000000000
43005  46.667  -26.861  31.837 0.0000000000
113694  47.196  -27.807  31.045 0.0000000000
34886  37.071  -38.061  35.847 0.0000000000
34875  37.676  -37.607  36.333 0.0000000000
34874  38.616  -36.250  36.344 0.0000000000
34873  40.238  -36.827  37.025 0.0000000000
32412  40.344  -39.231  36.608 0.0000000000
33333  40.181  -38.505  36.687 0.0000000000
34145  41.110  -36.415  36.717 0.0000000000
34144  41.741  -36.669  36.309 0.0000000000
34155  43.461  -37.056  35.928 0.0000000000
34165  43.589  -37.796  35.102 0.0000000000
34177  43.874  -37.483  33.844 0.0000000000
33371  43.681  -39.442  33.685 0.0000000000
34147  36.215  -38.479  36.589 0.0000000000
32415  36.653  -39.065  37.391 0.0000000000
31443  37.277  -40.109  37.424 0.0000000000
29690  35.422  -42.124  36.510 0.0000000000
30575  36.613  -41.464  36.710 0.0000000000
103412  57.411  -19.537  24.279 0.0000000000
117059  51.257  -19.735  24.176 0.0000000000
49241  51.397  -19.649  24.898 0.0000000000
49213  51.523  -20.190  26.324 0.0000000000
110780  52.029  -21.405  26.974 0.0000000000
47403  50.851  -22.018  26.904 0.0000000000
108790  51.678  -21.942  27.611 0.0000000000
46556  51.877  -22.266  27.740 0.0000000000
36600  40.986  -34.836  33.948 0.0000000000
42169  42.437  -27.318  31.102 0.0000000000
43017  42.850  -26.785  31.324 0.0000000000
43002  45.029  -27.207  32.733 0.0000000000
42146  46.601  -28.232  33.400 0.0000000000
40569  47.395  -30.071  34.254 0.0000000000
38917  47.368  -32.186  34.328 0.0000000000
38926  47.355  -32.247  34.315 0.0000000000
39774  47.212  -31.137  33.561 0.0000000000
38171  47.394  -32.928  32.294 0.0000000000
34176  45.023  -37.610  33.515 0.0000000000
34186  46.295  -38.560  32.503 0.0000000000
21439  28.396  -52.138  34.985 0.0000000000
21423  27.567  -52.380  35.328 0.0000000000
43936  43.353  -25.740  30.399 0.0000000000
34894  44.042  -36.613  36.190 0.0000000000
34893  44.142  -35.801  35.357 0.0000000000
34901  44.392  -35.626  34.143 0.0000000000
24172  29.169  -48.098  36.710 0.0000000000
118384  29.101  -47.501  37.121 0.0000000000
24171  29.592  -47.802  36.567 0.0000000000
24170  29.754  -47.830  36.346 0.0000000000
45683  45.644  -24.443  30.130 0.0000000000
45682  46.539  -24.158  30.181 0.0000000000
45681  47.265  -23.945  30.139 0.0000000000
44803  47.157  -25.089  30.484 0.0000000000
44804  46.748  -25.041  30.932 0.0000000000
41363  47.448  -28.730  33.399 0.0000000000
106239  47.613  -29.245  33.010 0.0000000000
39786  47.353  -30.852  32.562 0.0000000000
32405  37.721  -39.610  37.345 0.0000000000
32404  38.056  -39.026  37.351 0.0000000000
110205  38.099  -40.097  36.888 0.0000000000
30577  33.611  -42.244  36.893 0.0000000000
31468  33.431  -41.526  36.121 0.0000000000
31467  34.139  -41.092  36.151 0.0000000000
32425  34.174  -40.184  35.849 0.0000000000
31456  35.071  -40.747  36.857 0.0000000000
30576  34.472  -41.728  36.602 0.0000000000
108007  56.321  -19.159  24.170 0.0000000000
108666  55.839  -19.394  25.249 0.0000000000
111572  49.948  -21.379  25.868 0.0000000000
48335  50.120  -21.216  25.166 0.0000000000
48317  50.152  -21.325  26.344 0.0000000000
44847  49.426  -23.927  25.983 0.0000000000
36570  39.669  -35.393  36.027 0.0000000000
36555  40.315  -35.315  36.614 0.0000000000
36611  42.729  -34.652  32.141 0.0000000000
38928  45.298  -31.432  34.205 0.0000000000
39765  44.238  -30.562  33.958 0.0000000000
39764  44.914  -30.618  34.166 0.0000000000
40574  44.169  -29.890  34.135 0.0000000000
40573  44.945  -29.767  34.214 0.0000000000
34923  46.744  -35.313  32.294 0.0000000000
35771  46.613  -35.525  31.542 0.0000000000
24186  27.746  -49.101  36.097 0.0000000000
23274  28.426  -49.189  36.330 0.0000000000
24178  28.697  -48.535  36.556 0.0000000000
117106  28.908  -49.432  36.279 0.0000000000
23273  29.214  -49.223  36.149 0.0000000000
44823  44.453  -25.219  29.606 0.0000000000
44830  44.817  -25.289  28.891 0.0000000000
120291  44.817  -24.761  30.095 0.0000000000
44822  45.177  -24.656  29.484 0.0000000000
44806  45.800  -24.665  31.708 0.0000000000
114200  45.239  -24.724  31.274 0.0000000000
43912  45.223  -25.825  32.635 0.0000000000
43911  45.921  -26.076  32.620 0.0000000000
43000  46.360  -26.994  32.882 0.0000000000
42153  46.846  -27.478  33.232 0.0000000000
28769  30.524  -44.303  37.460 0.0000000000
29702  30.896  -43.587  37.247 0.0000000000
28768  31.364  -43.915  37.441 0.0000000000
27790  33.559  -43.992  38.950 0.0000000000
28766  32.955  -43.861  38.323 0.0000000000
28759  33.594  -43.786  38.858 0.0000000000
30569  33.088  -42.721  37.504 0.0000000000
29692  33.784  -43.723  38.506 0.0000000000
28764  34.126  -44.082  38.469 0.0000000000
104870  53.015  -19.230  22.936 0.0000000000
49262  53.785  -19.335  22.807 0.0000000000
49239  53.634  -19.288  24.417 0.0000000000
49240  52.243  -19.502  25.163 0.0000000000
113663  53.232  -19.361  25.436 0.0000000000
49211  52.831  -19.983  26.725 0.0000000000
49212  52.186  -19.923  26.439 0.0000000000
108854  47.366  -22.212  26.313 0.0000000000
47406  47.889  -21.944  27.479 0.0000000000
46559  48.729  -22.368  27.216 0.0000000000
44828  48.545  -24.412  27.718 0.0000000000
44838  49.106  -24.216  26.875 0.0000000000
34884  42.427  -36.114  38.070 0.0000000000
35704  42.770  -35.773  38.017 0.0000000000
109432  42.911  -34.819  35.951 0.0000000000
37397  43.171  -34.408  34.873 0.0000000000
37416  43.876  -33.591  33.975 0.0000000000
37395  44.874  -33.505  34.010 0.0000000000
38151  45.487  -32.737  34.293 0.0000000000
117178  45.716  -33.140  34.472 0.0000000000
37405  46.057  -33.617  34.536 0.0000000000
34900  45.646  -35.700  33.956 0.0000000000
35743  46.367  -35.709  33.362 0.0000000000
35742  46.903  -34.834  33.286 0.0000000000
34174  46.257  -36.560  32.867 0.0000000000
118210  27.371  -46.139  35.899 0.0000000000
26906  27.419  -45.464  34.733 0.0000000000
104816  27.705  -45.621  35.544 0.0000000000
26889  28.682  -45.315  36.533 0.0000000000
27819  28.944  -44.608  36.601 0.0000000000
28776  29.627  -44.456  37.162 0.0000000000
27806  30.010  -44.907  37.457 0.0000000000
45711  45.757  -23.806  27.749 0.0000000000
45710  46.159  -23.051  27.266 0.0000000000
45680  47.628  -24.020  29.934 0.0000000000
117533  47.533  -23.502  29.636 0.0000000000
45689  47.747  -23.743  29.479 0.0000000000
43944  47.919  -24.905  29.648 0.0000000000
43023  47.152  -26.201  30.352 0.0000000000
42176  47.725  -27.534  30.326 0.0000000000
109633  46.465  -25.665  32.118 0.0000000000
43917  46.542  -26.209  31.917 0.0000000000
108654  47.224  -27.869  31.941 0.0000000000
114718  47.350  -28.601  31.534 0.0000000000
122008  47.345  -29.079  30.827 0.0000000000
39813  47.441  -29.810  30.632 0.0000000000
123995  36.636  -38.309  36.469 0.0000000000
34146  37.201  -38.036  36.521 0.0000000000
34135  37.122  -38.157  36.871 0.0000000000
34133  38.510  -37.832  36.456 0.0000000000
111262  38.082  -37.044  36.329 0.0000000000
113094  39.060  -36.902  36.466 0.0000000000
120542  39.486  -37.391  36.651 0.0000000000
32413  39.599  -39.527  36.580 0.0000000000
32423  40.451  -39.784  36.445 0.0000000000
32421  41.163  -39.436  36.331 0.0000000000
33344  40.806  -38.963  36.658 0.0000000000
34131  40.575  -37.752  36.602 0.0000000000
123132  40.933  -37.263  36.454 0.0000000000
34156  42.941  -37.794  35.740 0.0000000000
33362  43.374  -39.148  34.730 0.0000000000
124786  43.664  -38.460  34.022 0.0000000000
30587  31.716  -41.878  35.958 0.0000000000
30598  31.518  -41.844  35.018 0.0000000000
32433  34.320  -39.497  35.387 0.0000000000
33364  34.690  -38.792  34.780 0.0000000000
34158  35.298  -38.532  35.195 0.0000000000
34157  36.214  -38.460  35.725 0.0000000000
33355  35.657  -38.833  36.015 0.0000000000
31455  35.771  -40.239  37.206 0.0000000000
103678  36.079  -39.386  37.224 0.0000000000
32407  36.442  -39.832  37.459 0.0000000000
31444  36.769  -40.283  37.434 0.0000000000
29698  37.032  -41.927  36.423 0.0000000000
114071  57.433  -19.859  24.879 0.0000000000
104685  54.247  -19.818  26.403 0.0000000000
47449  48.499  -22.304  24.888 0.0000000000
49243  50.387  -20.757  24.690 0.0000000000
49252  50.501  -20.727  24.078 0.0000000000
49251  50.901  -20.061  23.745 0.0000000000
48305  51.593  -21.723  27.148 0.0000000000
105289  49.779  -22.270  26.957 0.0000000000
46557  50.982  -22.189  26.860 0.0000000000
45707  51.557  -22.910  26.923 0.0000000000
36568  41.723  -34.889  35.907 0.0000000000
36586  40.783  -34.885  35.191 0.0000000000
38161  43.905  -32.704  33.520 0.0000000000
39787  43.601  -30.378  32.318 0.0000000000
41369  43.943  -28.448  32.604 0.0000000000
41374  42.824  -28.035  31.318 0.0000000000
42162  42.990  -27.452  31.809 0.0000000000
43018  42.068  -26.749  30.888 0.0000000000
43010  43.411  -26.869  32.245 0.0000000000
42156  44.707  -28.008  32.706 0.0000000000
40571  46.652  -29.453  34.329 0.0000000000
41357  46.180  -28.905  33.794 0.0000000000
40570  47.205  -29.346  34.220 0.0000000000
37393  46.755  -32.709  34.454 0.0000000000
38148  47.025  -32.496  34.237 0.0000000000
37403  47.167  -32.751  34.232 0.0000000000
36596  47.441  -33.558  33.377 0.0000000000
38160  47.573  -32.696  33.850 0.0000000000
38937  47.419  -32.043  33.841 0.0000000000
38165  47.587  -32.494  33.087 0.0000000000
104744  47.436  -32.241  32.310 0.0000000000
121067  46.891  -34.371  30.842 0.0000000000
110931  44.159  -38.496  33.448 0.0000000000
33369  45.342  -38.741  32.926 0.0000000000
23282  27.923  -49.679  36.041 0.0000000000
21421  28.891  -51.305  35.079 0.0000000000
43953  44.102  -25.611  29.112 0.0000000000
44824  44.168  -25.264  30.210 0.0000000000
44807  44.521  -24.983  31.430 0.0000000000
44816  44.123  -25.326  30.812 0.0000000000
43008  44.517  -26.254  32.697 0.0000000000
26861  31.117  -44.946  37.419 0.0000000000
28767  32.017  -43.883  37.644 0.0000000000
112146  32.027  -44.431  37.428 0.0000000000
27795  33.046  -44.176  38.216 0.0000000000
110104  52.850  -19.344  23.789 0.0000000000
46547  47.850  -22.789  28.625 0.0000000000
45696  48.190  -23.290  28.090 0.0000000000
106168  44.192  -35.970  37.655 0.0000000000
35703  43.919  -35.797  37.817 0.0000000000
35702  44.278  -35.714  37.166 0.0000000000
36551  43.841  -35.359  36.043 0.0000000000
37396  43.989  -33.928  34.147 0.0000000000
36583  45.571  -34.459  34.349 0.0000000000
120771  45.186  -35.155  34.283 0.0000000000
26890  27.986  -45.810  36.403 0.0000000000
25919  28.254  -46.432  36.998 0.0000000000
25918  29.080  -46.161  37.279 0.0000000000
25908  29.957  -46.004  37.279 0.0000000000
45700  45.838  -23.700  28.624 0.0000000000
45690  46.519  -23.053  29.073 0.0000000000
42160  47.062  -27.354  32.803 0.0000000000
41368  47.438  -28.433  32.653 0.0000000000
40588  47.486  -29.122  32.201 0.0000000000
39796  47.601  -30.560  31.468 0.0000000000
38963  47.347  -32.184  31.526 0.0000000000
33336  37.237  -38.517  37.198 0.0000000000
104723  38.584  -38.680  36.843 0.0000000000
32430  41.800  -38.971  35.814 0.0000000000
33342  42.080  -37.818  35.729 0.0000000000
119235  42.285  -39.393  35.214 0.0000000000
113450  32.963  -41.767  36.747 0.0000000000
30586  32.609  -41.730  36.077 0.0000000000
31482  33.441  -40.818  34.836 0.0000000000
32434  33.911  -40.224  35.109 0.0000000000
104208  34.529  -39.588  36.018 0.0000000000
33346  35.112  -39.380  36.353 0.0000000000
31445  36.050  -40.650  37.233 0.0000000000
48343  49.608  -21.764  24.763 0.0000000000
49232  50.511  -20.430  25.161 0.0000000000
49231  50.879  -19.982  25.595 0.0000000000
45718  49.658  -23.153  26.488 0.0000000000
35708  38.764  -36.213  36.651 0.0000000000
36599  42.005  -34.839  33.549 0.0000000000
38949  43.822  -31.850  33.118 0.0000000000
38938  44.048  -31.144  33.517 0.0000000000
40590  43.378  -29.661  31.868 0.0000000000
115378  43.033  -28.865  31.582 0.0000000000
40589  43.802  -29.649  32.628 0.0000000000
119992  44.074  -29.090  32.738 0.0000000000
41365  44.741  -29.046  32.747 0.0000000000
41364  45.439  -28.889  32.900 0.0000000000
40572  45.760  -29.626  34.246 0.0000000000
40559  46.296  -30.335  34.431 0.0000000000
35724  47.102  -34.172  33.415 0.0000000000
37415  47.417  -33.369  33.851 0.0000000000
36597  47.277  -33.846  33.406 0.0000000000
36610  47.143  -33.990  32.878 0.0000000000
37426  47.283  -33.574  32.695 0.0000000000
105005  46.931  -34.107  32.296 0.0000000000
25931  26.974  -46.792  35.727 0.0000000000
25030  27.623  -47.545  36.245 0.0000000000
25029  28.517  -47.786  36.796 0.0000000000
23272  29.356  -49.131  35.990 0.0000000000
22321  29.410  -49.671  35.657 0.0000000000
22330  29.273  -50.545  35.220 0.0000000000
44814  46.017  -24.562  30.913 0.0000000000
44805  46.410  -24.778  31.507 0.0000000000
43007  46.438  -26.404  32.431 0.0000000000
44799  45.163  -24.811  32.083 0.0000000000
43918  46.253  -25.543  32.398 0.0000000000
42152  46.982  -27.512  33.278 0.0000000000
31452  38.597  -40.579  36.434 0.0000000000
103485  30.360  -42.505  35.943 0.0000000000
29711  31.097  -42.208  36.520 0.0000000000
29710  31.638  -42.460  37.166 0.0000000000
29693  32.344  -43.517  37.738 0.0000000000
115113  33.720  -42.588  36.821 0.0000000000
104045  33.505  -43.335  37.348 0.0000000000
124267  33.687  -43.584  37.353 0.0000000000
49238  54.691  -19.175  24.819 0.0000000000
49228  53.980  -19.401  25.957 0.0000000000
48304  52.353  -21.324  26.878 0.0000000000
47419  48.024  -21.886  26.291 0.0000000000
124686  49.041  -21.747  26.912 0.0000000000
47417  49.584  -21.702  26.829 0.0000000000
35696  41.496  -36.037  38.012 0.0000000000
35706  41.321  -35.696  36.778 0.0000000000
36554  41.975  -35.625  36.949 0.0000000000
120692  42.306  -35.028  36.235 0.0000000000
37417  43.257  -34.401  33.456 0.0000000000
123985  43.480  -33.473  32.337 0.0000000000
37427  43.738  -33.561  33.136 0.0000000000
114586  44.204  -32.796  33.739 0.0000000000
123323  44.442  -32.813  33.771 0.0000000000
125308  44.873  -32.120  33.799 0.0000000000
38920  45.739  -31.666  34.481 0.0000000000
114749  46.062  -32.134  34.599 0.0000000000
37404  46.867  -33.217  34.379 0.0000000000
36582  46.534  -34.033  34.331 0.0000000000
36581  46.996  -33.771  34.034 0.0000000000
29721  29.731  -42.897  35.307 0.0000000000
28791  28.814  -43.975  35.199 0.0000000000
28790  29.193  -43.584  35.775 0.0000000000
28783  29.822  -43.283  36.266 0.0000000000
27798  30.527  -44.715  37.477 0.0000000000
26863  30.407  -45.297  37.424 0.0000000000
26862  30.747  -45.144  37.444 0.0000000000
46548  47.171  -22.697  28.551 0.0000000000
45698  47.777  -23.206  29.230 0.0000000000
43943  48.230  -25.459  29.042 0.0000000000
43926  46.598  -25.471  31.340 0.0000000000
43015  46.725  -26.814  31.140 0.0000000000
42159  46.933  -27.374  32.055 0.0000000000
119388  46.946  -27.383  31.384 0.0000000000
105801  37.168  -37.318  34.971 0.0000000000
118403  38.123  -36.533  35.887 0.0000000000
34134  37.600  -38.002  36.610 0.0000000000
34885  38.259  -36.645  36.258 0.0000000000
35697  39.348  -36.028  37.023 0.0000000000
105073  40.372  -36.189  37.112 0.0000000000
121286  38.854  -39.905  36.591 0.0000000000
116911  39.462  -38.922  36.743 0.0000000000
34132  40.134  -37.684  36.795 0.0000000000
114977  40.570  -36.922  36.789 0.0000000000
34872  41.023  -36.103  36.837 0.0000000000
34871  41.672  -36.230  38.025 0.0000000000
115161  43.356  -36.330  37.499 0.0000000000
34143  43.033  -36.888  36.327 0.0000000000
34882  44.161  -36.484  37.311 0.0000000000
32446  44.119  -40.026  33.155 0.0000000000
30599  30.772  -42.037  34.763 0.0000000000
30597  32.342  -41.669  35.220 0.0000000000
34136  36.666  -38.288  36.900 0.0000000000
33345  35.847  -39.043  36.722 0.0000000000
33338  36.362  -38.664  37.075 0.0000000000
32406  37.079  -39.523  37.543 0.0000000000
31453  37.531  -40.380  37.103 0.0000000000
30567  34.373  -42.227  36.594 0.0000000000
30566  35.302  -41.618  36.723 0.0000000000
29699  36.222  -42.302  36.372 0.0000000000
31454  37.030  -40.692  37.178 0.0000000000
49247  57.967  -19.892  23.941 0.0000000000
49230  51.753  -19.705  25.773 0.0000000000
104643  52.003  -21.627  27.771 0.0000000000
47402  51.871  -21.844  28.025 0.0000000000
43937  42.398  -26.105  30.292 0.0000000000
124337  40.287  -35.117  35.939 0.0000000000
36601  40.116  -35.241  34.228 0.0000000000
43025  41.965  -26.488  30.257 0.0000000000
43024  42.301  -26.473  30.743 0.0000000000
43930  43.066  -26.217  30.953 0.0000000000
43016  43.465  -26.270  31.835 0.0000000000
121823  43.822  -26.374  32.454 0.0000000000
114212  45.877  -27.516  32.765 0.0000000000
42155  45.492  -27.982  32.713 0.0000000000
42147  46.007  -28.455  33.032 0.0000000000
42154  46.464  -27.713  33.030 0.0000000000
42145  47.000  -28.151  33.486 0.0000000000
40581  47.380  -29.104  33.905 0.0000000000
40580  47.512  -29.570  33.762 0.0000000000
38919  46.230  -31.827  34.500 0.0000000000
39748  46.717  -31.240  34.271 0.0000000000
39747  47.316  -31.735  34.393 0.0000000000
37402  47.386  -32.816  34.139 0.0000000000
38927  47.427  -31.747  34.353 0.0000000000
39762  47.498  -30.928  34.397 0.0000000000
120663  47.433  -30.963  34.341 0.0000000000
120009  47.349  -30.544  34.073 0.0000000000
38948  47.380  -31.742  32.893 0.0000000000
38172  47.168  -33.053  31.351 0.0000000000
37434  47.002  -33.585  31.896 0.0000000000
37443  47.086  -33.777  31.038 0.0000000000
34175  45.950  -37.673  32.987 0.0000000000
34185  46.350  -37.623  32.467 0.0000000000
25023  29.459  -47.202  37.166 0.0000000000
25024  28.673  -47.002  37.224 0.0000000000
25909  29.822  -45.521  37.292 0.0000000000
26860  33.055  -44.487  37.803 0.0000000000
27796  31.258  -44.628  37.437 0.0000000000
27820  28.457  -45.067  35.901 0.0000000000
28775  30.058  -43.889  37.169 0.0000000000
31458  33.664  -41.815  36.610 0.0000000000
33328  37.054  -38.871  37.440 0.0000000000
34124  41.484  -36.255  37.700 0.0000000000
34865  41.269  -35.876  37.211 0.0000000000
36622  46.808  -34.775  31.940 0.0000000000
38150  46.128  -32.547  34.615 0.0000000000
38156  47.399  -32.403  34.308 0.0000000000
38918  46.857  -32.097  34.238 0.0000000000
39761  47.292  -31.466  34.376 0.0000000000
40560  45.488  -30.447  34.372 0.0000000000
40582  44.037  -29.416  33.463 0.0000000000
41356  46.863  -28.718  33.986 0.0000000000
41370  43.257  -28.214  32.058 0.0000000000
42999  46.721  -27.029  33.002 0.0000000000
43009  43.945  -26.945  32.969 0.0000000000
43919  45.589  -25.202  32.526 0.0000000000
43920  44.779  -25.391  32.439 0.0000000000
43921  44.076  -25.774  32.205 0.0000000000
113137  31.109  -42.782  37.094 0.0000000000
116102  33.182  -43.390  38.130 0.0000000000
119144  47.194  -28.714  33.880 0.0000000000
124414  39.696  -36.568  37.045 0.0000000000
124542  46.511  -35.168  33.823 0.0000000000
