#!ascii label  , from subject 001 vox2ras=TkReg
884
87283  43.410  27.719  6.224 0.0000000000
86001  49.075  25.661  12.076 0.0000000000
82069  42.271  19.261  8.074 0.0000000000
87285  38.672  27.666  7.011 0.0000000000
85425  38.351  25.036  5.287 0.0000000000
87895  50.644  28.591  10.487 0.0000000000
87201  45.864  27.000  16.662 0.0000000000
90349  48.457  31.738  16.367 0.0000000000
113408  48.334  18.413  7.657 0.0000000000
82883  46.311  21.179  3.428 0.0000000000
85414  48.746  25.475  8.288 0.0000000000
85392  41.798  24.767  9.773 0.0000000000
109146  44.072  22.216  10.772 0.0000000000
80521  43.095  17.403  11.939 0.0000000000
92268  47.923  35.721  11.824 0.0000000000
88498  53.298  29.399  12.840 0.0000000000
123897  42.139  23.328  3.734 0.0000000000
87946  41.017  27.977  6.245 0.0000000000
86677  38.678  26.690  6.076 0.0000000000
86675  40.022  27.244  6.179 0.0000000000
87255  46.880  27.863  8.239 0.0000000000
122016  43.757  28.324  8.519 0.0000000000
104795  44.478  30.135  17.152 0.0000000000
82066  51.409  19.194  8.131 0.0000000000
82102  50.551  19.283  5.236 0.0000000000
81343  52.794  18.359  5.400 0.0000000000
92308  49.785  35.688  8.502 0.0000000000
121087  50.413  24.385  9.793 0.0000000000
109139  46.714  23.655  9.039 0.0000000000
84188  46.978  23.615  10.347 0.0000000000
82805  44.044  20.781  14.254 0.0000000000
82028  42.580  19.305  13.237 0.0000000000
80486  45.098  17.894  14.266 0.0000000000
107968  47.556  16.943  12.028 0.0000000000
87867  50.029  28.929  14.720 0.0000000000
117959  50.948  30.528  15.231 0.0000000000
87216  51.871  27.827  13.015 0.0000000000
86022  54.214  24.959  9.373 0.0000000000
83551  40.794  21.284  9.097 0.0000000000
84218  39.860  22.439  7.370 0.0000000000
82860  41.997  21.161  5.697 0.0000000000
85438  37.303  24.440  3.500 0.0000000000
84868  37.931  24.050  2.236 0.0000000000
107117  53.506  31.286  10.336 0.0000000000
89763  49.424  31.274  11.334 0.0000000000
121604  47.700  27.451  13.513 0.0000000000
123735  46.258  24.063  11.880 0.0000000000
91042  41.371  32.897  14.113 0.0000000000
91054  45.003  33.588  13.622 0.0000000000
103807  47.515  28.916  16.707 0.0000000000
80566  44.970  17.709  7.681 0.0000000000
82108  44.626  19.172  4.883 0.0000000000
82105  47.538  19.006  4.977 0.0000000000
121436  49.102  20.937  2.633 0.0000000000
86662  46.094  26.653  6.112 0.0000000000
86039  42.518  25.825  8.006 0.0000000000
85405  44.938  24.599  8.107 0.0000000000
84203  42.773  22.831  10.292 0.0000000000
82834  41.283  20.450  10.362 0.0000000000
83527  44.702  22.038  11.928 0.0000000000
82820  42.041  19.872  11.536 0.0000000000
81300  43.243  17.773  9.231 0.0000000000
80548  45.870  16.920  9.468 0.0000000000
81297  49.499  18.213  9.510 0.0000000000
92292  46.694  36.112  9.195 0.0000000000
91737  49.943  34.897  10.275 0.0000000000
91050  50.394  32.972  12.979 0.0000000000
90390  53.282  32.313  11.934 0.0000000000
87892  54.193  28.418  10.414 0.0000000000
87267  50.225  26.625  8.029 0.0000000000
84835  39.091  24.533  7.338 0.0000000000
84851  40.075  23.703  4.596 0.0000000000
84874  40.333  23.781  1.259 0.0000000000
83587  43.758  21.613  3.140 0.0000000000
87944  42.203  28.435  5.822 0.0000000000
87289  41.478  27.846  5.717 0.0000000000
119187  41.841  27.510  5.549 0.0000000000
87272  45.886  27.807  6.890 0.0000000000
87257  45.243  28.038  7.607 0.0000000000
87928  44.026  28.240  6.558 0.0000000000
87937  42.092  28.842  6.391 0.0000000000
82064  53.819  19.597  8.185 0.0000000000
82076  52.958  19.408  6.528 0.0000000000
80573  54.418  18.328  6.380 0.0000000000
83589  39.043  21.872  3.025 0.0000000000
86010  50.295  24.984  11.255 0.0000000000
104739  48.238  23.409  10.359 0.0000000000
85375  48.192  23.932  11.035 0.0000000000
82804  44.589  20.702  14.585 0.0000000000
82019  44.436  19.236  14.529 0.0000000000
87218  49.950  27.809  13.729 0.0000000000
87206  51.599  28.477  13.936 0.0000000000
86616  50.603  26.149  12.626 0.0000000000
86630  51.850  25.863  11.715 0.0000000000
82847  41.280  20.676  8.216 0.0000000000
83557  41.295  21.313  7.286 0.0000000000
82852  42.026  20.031  6.709 0.0000000000
87276  37.957  27.493  7.665 0.0000000000
86668  37.289  26.335  6.856 0.0000000000
86070  38.496  25.811  5.916 0.0000000000
86072  37.169  24.897  5.523 0.0000000000
85432  37.406  24.488  4.260 0.0000000000
107180  37.424  24.626  2.839 0.0000000000
85436  37.906  24.830  3.133 0.0000000000
88515  52.125  30.074  10.637 0.0000000000
89761  51.299  31.260  10.788 0.0000000000
88516  50.534  30.282  11.317 0.0000000000
87932  40.358  28.215  7.774 0.0000000000
87275  38.710  27.723  7.839 0.0000000000
87211  46.878  27.485  15.229 0.0000000000
105719  46.213  26.842  13.586 0.0000000000
87223  44.821  26.961  14.412 0.0000000000
119590  45.824  27.295  17.259 0.0000000000
88488  46.289  29.719  16.634 0.0000000000
87857  46.396  27.968  16.163 0.0000000000
87862  47.655  28.294  15.976 0.0000000000
81324  46.828  17.983  7.085 0.0000000000
81336  46.385  18.484  6.502 0.0000000000
81334  47.963  18.994  6.653 0.0000000000
82129  51.222  19.695  4.061 0.0000000000
82867  49.763  20.074  3.863 0.0000000000
82891  49.904  20.157  2.857 0.0000000000
86048  47.284  25.495  7.166 0.0000000000
85419  45.435  25.322  7.319 0.0000000000
85417  47.153  24.606  7.545 0.0000000000
109143  45.550  23.173  10.291 0.0000000000
84813  44.828  23.486  9.629 0.0000000000
84202  43.650  22.616  10.398 0.0000000000
84193  41.950  22.032  10.821 0.0000000000
83537  42.627  21.263  10.989 0.0000000000
106744  44.800  23.283  11.840 0.0000000000
84786  45.614  23.435  11.541 0.0000000000
84175  44.719  22.080  11.828 0.0000000000
80496  42.694  17.944  13.149 0.0000000000
82030  42.331  19.305  12.538 0.0000000000
81274  42.215  18.602  12.002 0.0000000000
120884  41.715  18.916  10.801 0.0000000000
80536  43.560  17.505  10.525 0.0000000000
80549  44.827  17.183  9.354 0.0000000000
80534  45.244  16.876  10.115 0.0000000000
80500  48.930  17.533  12.271 0.0000000000
80532  48.541  17.269  10.797 0.0000000000
104348  47.312  35.711  10.036 0.0000000000
92290  49.152  36.172  9.426 0.0000000000
92266  48.833  35.017  11.382 0.0000000000
117107  46.965  32.967  15.745 0.0000000000
91038  46.954  33.595  13.916 0.0000000000
91020  48.145  32.729  15.204 0.0000000000
89121  52.614  30.158  14.603 0.0000000000
90376  50.905  32.072  13.952 0.0000000000
89748  52.687  31.553  13.325 0.0000000000
91049  51.529  33.102  12.446 0.0000000000
89127  53.652  31.026  12.574 0.0000000000
89137  53.887  30.265  11.302 0.0000000000
88503  54.687  28.727  11.528 0.0000000000
86036  51.095  25.421  8.179 0.0000000000
86648  53.150  25.632  8.546 0.0000000000
86651  49.760  26.202  7.807 0.0000000000
86653  47.545  26.499  7.539 0.0000000000
86025  42.118  25.352  9.133 0.0000000000
86041  40.310  25.444  8.227 0.0000000000
85409  40.029  24.921  8.798 0.0000000000
84228  41.577  22.517  5.044 0.0000000000
84224  39.797  23.019  6.398 0.0000000000
84234  41.140  23.433  4.091 0.0000000000
84859  39.853  24.407  2.256 0.0000000000
84858  41.598  23.883  2.871 0.0000000000
82871  45.709  20.373  3.921 0.0000000000
119614  43.795  20.313  3.859 0.0000000000
83586  44.799  21.432  2.584 0.0000000000
87947  39.971  27.872  6.539 0.0000000000
109788  38.696  27.244  6.344 0.0000000000
87291  39.695  27.336  6.149 0.0000000000
107469  39.623  27.183  6.084 0.0000000000
86065  38.760  25.881  5.957 0.0000000000
87914  49.099  27.496  9.949 0.0000000000
108496  41.043  28.472  7.371 0.0000000000
82078  49.768  19.023  7.572 0.0000000000
82090  49.887  18.997  6.091 0.0000000000
82089  50.999  18.969  6.178 0.0000000000
82101  51.723  19.188  5.364 0.0000000000
120113  49.592  25.015  8.918 0.0000000000
85404  47.281  23.905  8.458 0.0000000000
84809  48.175  23.377  9.362 0.0000000000
84199  47.064  23.451  10.022 0.0000000000
84190  45.559  23.122  10.811 0.0000000000
120682  43.833  22.157  13.609 0.0000000000
104987  43.895  21.789  12.814 0.0000000000
82807  43.673  20.611  13.710 0.0000000000
81254  43.561  18.522  14.048 0.0000000000
80505  44.107  17.344  12.856 0.0000000000
80504  45.611  16.834  12.056 0.0000000000
80503  46.062  17.116  12.926 0.0000000000
80491  47.956  17.649  13.504 0.0000000000
81251  49.594  18.077  13.717 0.0000000000
104734  46.219  36.096  12.293 0.0000000000
88484  49.147  30.291  16.711 0.0000000000
89741  49.501  31.647  16.403 0.0000000000
88492  50.557  30.084  15.556 0.0000000000
88496  52.291  29.300  14.798 0.0000000000
123080  52.934  28.781  12.879 0.0000000000
87236  54.959  27.106  11.400 0.0000000000
86628  54.206  25.859  11.298 0.0000000000
85387  52.023  24.563  9.193 0.0000000000
84204  40.149  22.455  9.417 0.0000000000
84205  39.450  23.037  8.923 0.0000000000
83558  40.532  21.804  7.770 0.0000000000
83564  41.113  22.195  6.977 0.0000000000
119765  42.199  22.161  4.805 0.0000000000
83605  46.911  21.707  1.162 0.0000000000
83596  45.521  22.034  1.711 0.0000000000
84840  36.289  23.809  6.132 0.0000000000
86066  37.292  25.726  6.277 0.0000000000
85433  36.515  24.439  5.823 0.0000000000
84853  36.759  23.522  4.324 0.0000000000
84243  37.069  23.615  3.507 0.0000000000
84242  37.456  23.214  3.096 0.0000000000
84250  38.909  23.635  2.253 0.0000000000
89797  52.872  30.922  9.060 0.0000000000
90410  50.568  31.946  10.272 0.0000000000
86618  48.776  26.439  12.725 0.0000000000
113800  48.083  25.533  12.282 0.0000000000
86619  47.118  25.876  12.655 0.0000000000
86004  45.319  25.729  12.724 0.0000000000
85369  44.297  24.207  12.144 0.0000000000
84778  43.477  23.572  13.044 0.0000000000
84171  43.885  23.066  14.099 0.0000000000
90387  43.672  33.423  13.719 0.0000000000
124380  45.327  33.046  15.249 0.0000000000
111298  46.507  32.313  16.158 0.0000000000
123402  48.269  30.691  16.923 0.0000000000
105607  48.532  29.220  16.161 0.0000000000
87219  48.891  27.771  14.202 0.0000000000
81327  43.500  18.365  7.409 0.0000000000
120686  43.117  18.649  6.573 0.0000000000
81338  44.531  18.536  6.234 0.0000000000
82107  45.588  19.205  4.958 0.0000000000
82870  46.735  20.511  4.004 0.0000000000
82104  48.570  18.960  5.037 0.0000000000
82869  47.742  20.464  3.891 0.0000000000
83583  47.729  21.482  2.604 0.0000000000
87281  45.493  27.419  6.622 0.0000000000
86664  43.530  27.250  6.192 0.0000000000
86052  44.072  26.351  7.134 0.0000000000
86038  43.531  25.597  7.677 0.0000000000
85391  42.635  24.537  9.497 0.0000000000
84827  45.856  24.161  8.537 0.0000000000
84829  44.262  24.018  8.903 0.0000000000
84815  42.215  23.818  9.998 0.0000000000
83539  40.730  21.927  10.128 0.0000000000
83544  40.864  21.259  10.033 0.0000000000
82059  41.459  19.762  9.764 0.0000000000
84785  46.454  23.804  11.265 0.0000000000
109700  45.639  23.233  11.031 0.0000000000
83535  44.449  21.871  11.212 0.0000000000
83520  43.816  20.959  12.441 0.0000000000
83528  44.008  21.298  11.920 0.0000000000
83529  43.235  20.771  11.522 0.0000000000
82827  41.687  20.147  10.925 0.0000000000
81287  41.790  18.981  10.000 0.0000000000
81315  42.642  18.569  8.425 0.0000000000
121284  44.398  17.811  8.117 0.0000000000
80565  45.644  17.471  8.069 0.0000000000
80556  47.140  17.511  8.517 0.0000000000
103932  46.692  16.760  10.691 0.0000000000
123964  48.168  17.530  9.347 0.0000000000
116716  49.156  18.465  8.928 0.0000000000
82067  50.689  18.709  8.784 0.0000000000
92300  48.419  36.386  8.634 0.0000000000
92297  50.046  35.805  9.049 0.0000000000
91744  51.563  34.530  9.294 0.0000000000
90377  49.413  32.565  14.545 0.0000000000
91713  49.088  34.784  12.247 0.0000000000
91712  49.755  34.182  11.929 0.0000000000
91066  51.792  33.987  10.958 0.0000000000
91065  52.963  33.512  10.658 0.0000000000
89780  53.667  31.790  10.528 0.0000000000
88534  53.160  29.844  10.392 0.0000000000
120420  52.555  28.784  10.023 0.0000000000
87242  54.534  27.417  10.066 0.0000000000
87250  51.861  27.079  8.928 0.0000000000
87913  50.147  27.761  9.705 0.0000000000
87269  47.900  26.659  8.460 0.0000000000
87279  47.080  27.271  6.682 0.0000000000
86666  41.488  26.846  6.122 0.0000000000
86055  39.882  25.714  7.060 0.0000000000
85424  38.766  24.977  6.292 0.0000000000
84219  39.288  23.460  7.285 0.0000000000
121527  38.904  24.225  6.633 0.0000000000
85430  38.590  24.664  4.485 0.0000000000
84860  38.913  24.217  2.827 0.0000000000
84867  38.903  23.835  2.330 0.0000000000
82110  42.876  19.863  5.382 0.0000000000
82873  42.603  21.124  4.258 0.0000000000
108115  42.793  22.745  3.964 0.0000000000
83597  44.618  21.844  1.839 0.0000000000
84240  42.505  23.403  2.973 0.0000000000
79797  53.252  16.932  6.040 0.0000000000
80584  52.174  17.240  4.879 0.0000000000
87288  42.674  27.936  5.861 0.0000000000
86673  42.168  27.885  5.456 0.0000000000
86672  42.776  27.514  5.784 0.0000000000
87273  44.954  28.111  6.605 0.0000000000
87936  42.911  28.392  6.522 0.0000000000
82063  54.415  19.211  7.592 0.0000000000
86011  49.361  25.088  11.393 0.0000000000
117759  48.827  24.525  10.993 0.0000000000
85365  48.529  24.829  11.619 0.0000000000
86617  49.723  26.260  12.705 0.0000000000
86602  50.297  27.059  13.093 0.0000000000
86000  50.011  25.548  12.071 0.0000000000
85999  50.921  25.513  11.948 0.0000000000
82070  41.647  19.883  8.707 0.0000000000
82081  41.906  19.959  7.650 0.0000000000
82080  42.486  19.361  7.125 0.0000000000
87292  37.952  27.128  6.900 0.0000000000
86071  37.867  24.894  5.112 0.0000000000
85431  37.890  24.701  4.182 0.0000000000
85437  37.538  24.681  3.234 0.0000000000
88535  51.251  29.518  10.974 0.0000000000
124570  51.317  30.383  11.103 0.0000000000
88536  50.072  29.389  11.003 0.0000000000
87284  39.296  28.013  7.047 0.0000000000
87274  39.578  27.886  7.680 0.0000000000
110041  46.188  27.439  15.733 0.0000000000
120483  46.182  27.359  14.864 0.0000000000
87212  45.573  27.200  15.247 0.0000000000
87194  45.749  27.104  16.746 0.0000000000
87200  46.293  27.654  16.022 0.0000000000
81323  47.716  18.403  7.232 0.0000000000
81335  47.268  18.644  6.539 0.0000000000
81322  48.436  19.023  7.140 0.0000000000
113169  50.491  19.814  3.524 0.0000000000
85415  47.896  25.280  7.747 0.0000000000
86049  46.977  25.372  7.012 0.0000000000
85416  47.525  24.919  7.471 0.0000000000
84201  44.450  22.852  10.322 0.0000000000
84192  43.181  21.961  10.622 0.0000000000
84787  44.648  22.526  12.238 0.0000000000
120489  44.370  21.819  12.123 0.0000000000
80506  43.185  17.491  12.735 0.0000000000
80507  42.564  17.839  12.444 0.0000000000
80522  42.578  17.865  11.615 0.0000000000
111841  43.205  17.606  11.226 0.0000000000
80535  44.462  17.163  10.329 0.0000000000
80520  44.013  17.267  11.319 0.0000000000
121544  49.575  17.732  11.960 0.0000000000
92283  46.912  35.761  11.393 0.0000000000
108882  46.309  35.905  10.434 0.0000000000
92282  47.798  35.302  10.760 0.0000000000
92281  48.555  35.143  10.709 0.0000000000
92267  48.633  35.386  11.808 0.0000000000
123683  47.314  32.521  15.972 0.0000000000
91021  47.389  32.909  15.522 0.0000000000
90366  47.888  32.198  15.858 0.0000000000
116543  53.060  30.239  13.494 0.0000000000
89744  52.253  30.817  14.421 0.0000000000
89125  52.931  30.768  13.536 0.0000000000
89747  53.436  31.387  12.907 0.0000000000
106370  53.622  30.318  12.619 0.0000000000
116749  53.840  30.239  11.954 0.0000000000
88504  54.067  29.443  11.942 0.0000000000
85401  49.913  25.427  8.268 0.0000000000
86037  50.329  25.851  7.832 0.0000000000
124177  49.605  25.851  7.966 0.0000000000
86047  48.629  25.784  8.157 0.0000000000
85408  41.148  25.073  8.921 0.0000000000
85393  40.724  24.245  9.296 0.0000000000
84229  40.661  22.922  5.457 0.0000000000
118077  40.708  24.212  2.849 0.0000000000
82884  45.216  20.838  3.204 0.0000000000
86674  41.007  27.436  6.173 0.0000000000
86676  39.133  26.759  6.012 0.0000000000
86064  39.436  26.614  6.160 0.0000000000
87254  47.540  27.478  8.869 0.0000000000
87915  48.084  27.824  9.846 0.0000000000
87919  44.447  27.859  8.766 0.0000000000
87918  45.323  27.935  9.039 0.0000000000
87931  41.727  28.846  7.346 0.0000000000
87938  41.395  28.515  6.604 0.0000000000
87939  40.543  28.291  6.926 0.0000000000
82077  50.708  19.048  7.303 0.0000000000
103930  51.842  19.087  6.874 0.0000000000
81333  53.628  18.896  5.718 0.0000000000
124885  53.098  19.268  6.072 0.0000000000
82088  52.547  19.045  5.712 0.0000000000
82100  52.222  18.864  5.106 0.0000000000
92309  49.001  35.380  7.897 0.0000000000
91773  48.679  35.164  6.335 0.0000000000
85389  49.785  24.613  9.475 0.0000000000
84823  48.779  24.400  9.260 0.0000000000
84801  48.611  23.856  9.893 0.0000000000
84802  47.865  22.966  10.025 0.0000000000
84200  46.255  23.450  10.121 0.0000000000
84189  46.228  23.571  10.475 0.0000000000
83516  43.982  21.811  14.040 0.0000000000
81244  44.130  18.646  14.397 0.0000000000
82020  43.822  19.231  14.255 0.0000000000
80487  44.227  18.035  14.229 0.0000000000
80495  43.479  17.814  13.585 0.0000000000
80494  44.565  17.551  13.675 0.0000000000
106258  45.090  17.183  12.866 0.0000000000
80493  45.546  17.436  13.687 0.0000000000
80484  47.158  17.667  14.119 0.0000000000
81253  47.852  17.956  14.062 0.0000000000
80490  48.804  17.676  13.188 0.0000000000
81252  48.506  18.143  14.066 0.0000000000
88493  49.079  29.943  16.205 0.0000000000
88483  49.752  30.316  16.293 0.0000000000
87860  49.398  29.513  15.412 0.0000000000
87205  52.085  28.497  13.828 0.0000000000
87870  52.483  28.963  13.880 0.0000000000
87230  52.805  27.374  12.462 0.0000000000
108367  53.607  27.434  12.099 0.0000000000
86614  53.553  26.648  11.908 0.0000000000
85373  51.380  24.984  10.914 0.0000000000
85381  52.508  24.887  10.020 0.0000000000
85382  51.291  24.392  9.891 0.0000000000
85388  50.994  24.369  9.172 0.0000000000
83545  40.375  21.852  9.365 0.0000000000
84211  39.665  22.208  8.809 0.0000000000
83552  40.107  21.701  8.669 0.0000000000
82853  41.762  20.824  6.489 0.0000000000
83563  41.633  21.665  6.338 0.0000000000
83570  41.898  21.894  5.516 0.0000000000
86678  37.995  26.563  6.297 0.0000000000
86682  37.887  25.846  5.819 0.0000000000
118828  36.930  24.372  4.781 0.0000000000
124185  36.497  24.100  5.373 0.0000000000
85439  36.861  24.107  4.393 0.0000000000
85443  37.154  24.281  3.232 0.0000000000
84861  37.407  24.193  2.549 0.0000000000
84251  37.825  23.803  2.304 0.0000000000
84241  38.383  22.920  2.631 0.0000000000
89781  53.606  31.718  9.759 0.0000000000
111445  52.474  31.208  10.076 0.0000000000
89762  50.338  31.552  11.018 0.0000000000
89782  51.187  31.514  10.459 0.0000000000
90398  49.837  32.074  10.571 0.0000000000
90399  49.092  31.716  10.957 0.0000000000
86604  48.468  27.276  13.410 0.0000000000
117354  47.852  26.644  12.910 0.0000000000
121227  46.943  27.064  13.307 0.0000000000
86605  45.735  26.494  13.345 0.0000000000
105424  44.485  25.035  12.428 0.0000000000
85359  43.194  24.316  13.082 0.0000000000
120363  43.778  22.865  13.279 0.0000000000
91056  43.014  33.941  13.152 0.0000000000
90388  42.962  32.921  14.043 0.0000000000
91024  44.611  33.126  15.899 0.0000000000
91023  45.446  32.839  15.773 0.0000000000
88487  47.279  29.834  16.677 0.0000000000
89113  47.724  30.900  16.727 0.0000000000
88486  48.166  29.941  17.165 0.0000000000
88472  48.622  29.785  17.142 0.0000000000
112207  48.369  29.039  17.097 0.0000000000
87210  47.646  27.712  15.157 0.0000000000
112185  48.155  27.910  14.994 0.0000000000
87220  48.015  27.914  14.190 0.0000000000
81326  44.262  18.079  7.518 0.0000000000
106616  43.974  18.327  6.770 0.0000000000
105697  44.845  18.060  6.912 0.0000000000
81344  46.922  18.946  5.852 0.0000000000
81345  45.986  19.065  5.869 0.0000000000
82106  46.552  19.167  5.007 0.0000000000
82123  46.145  19.746  4.446 0.0000000000
82122  47.152  19.730  4.441 0.0000000000
82091  48.767  19.016  6.173 0.0000000000
82103  49.593  19.147  5.167 0.0000000000
118486  49.576  20.397  3.044 0.0000000000
82868  48.848  20.391  3.638 0.0000000000
82881  48.211  21.012  3.128 0.0000000000
83582  48.479  21.315  2.244 0.0000000000
123912  48.017  21.509  2.029 0.0000000000
82893  49.180  21.192  1.729 0.0000000000
105715  45.549  26.715  6.506 0.0000000000
86663  44.749  27.075  6.870 0.0000000000
85420  44.434  25.340  7.512 0.0000000000
85406  43.939  24.679  8.185 0.0000000000
85407  43.073  25.034  8.637 0.0000000000
84814  43.781  23.353  9.785 0.0000000000
124056  43.036  23.645  9.699 0.0000000000
84803  41.706  22.882  10.301 0.0000000000
83538  41.430  21.211  10.704 0.0000000000
82841  41.099  20.547  9.495 0.0000000000
86002  47.258  25.025  12.125 0.0000000000
85366  47.770  24.462  11.727 0.0000000000
85367  46.944  24.305  11.753 0.0000000000
84184  45.343  22.595  11.595 0.0000000000
84174  45.610  23.284  11.238 0.0000000000
83526  45.027  22.420  11.332 0.0000000000
82810  43.310  20.527  12.942 0.0000000000
82811  42.682  19.981  12.791 0.0000000000
82819  42.555  19.792  12.089 0.0000000000
119301  42.780  20.167  11.712 0.0000000000
82826  42.213  20.481  11.248 0.0000000000
107559  42.216  18.368  10.336 0.0000000000
81301  42.525  18.290  9.341 0.0000000000
82058  42.120  19.171  9.068 0.0000000000
81314  43.160  18.054  8.618 0.0000000000
120078  45.477  17.206  8.795 0.0000000000
119470  46.206  17.261  8.640 0.0000000000
80547  46.679  17.169  9.198 0.0000000000
105110  46.607  16.822  12.118 0.0000000000
80518  46.167  16.647  11.275 0.0000000000
80517  47.073  16.784  11.319 0.0000000000
80546  49.043  17.727  10.084 0.0000000000
118591  48.289  17.378  9.894 0.0000000000
81298  48.709  17.895  9.284 0.0000000000
81308  49.882  18.558  8.888 0.0000000000
92302  45.800  36.281  8.796 0.0000000000
92291  47.923  36.376  9.154 0.0000000000
92280  49.204  35.276  10.153 0.0000000000
92289  49.576  36.199  9.221 0.0000000000
92288  49.894  35.596  9.562 0.0000000000
91745  50.489  35.076  9.465 0.0000000000
91736  51.061  34.464  10.176 0.0000000000
108509  50.345  30.961  16.055 0.0000000000
90364  49.450  31.999  15.486 0.0000000000
89740  49.988  31.557  15.975 0.0000000000
90385  50.406  32.497  13.695 0.0000000000
90386  49.660  32.980  13.730 0.0000000000
121814  49.627  33.478  12.935 0.0000000000
91063  49.286  34.071  12.578 0.0000000000
91062  50.190  33.548  12.336 0.0000000000
90391  52.810  32.854  12.299 0.0000000000
91061  52.359  33.424  11.635 0.0000000000
90397  53.248  32.975  11.368 0.0000000000
90408  53.887  32.730  10.266 0.0000000000
120365  53.509  32.304  11.066 0.0000000000
88533  54.108  29.487  10.913 0.0000000000
89156  53.484  30.448  10.779 0.0000000000
87893  53.311  29.135  10.181 0.0000000000
114088  52.271  29.360  10.386 0.0000000000
120637  53.295  28.509  9.803 0.0000000000
86627  54.828  26.104  11.082 0.0000000000
87241  55.089  26.958  10.890 0.0000000000
86643  54.283  25.675  9.127 0.0000000000
87266  51.233  26.360  8.417 0.0000000000
87249  53.220  26.810  8.773 0.0000000000
87912  51.238  27.847  9.718 0.0000000000
87251  50.706  27.164  8.884 0.0000000000
87252  49.707  27.254  8.692 0.0000000000
87268  49.292  26.681  8.177 0.0000000000
86661  46.737  26.549  6.245 0.0000000000
87280  46.383  27.362  6.472 0.0000000000
86053  43.038  26.463  6.817 0.0000000000
86665  42.484  27.095  5.650 0.0000000000
86654  42.012  26.355  7.014 0.0000000000
85410  39.411  24.996  8.135 0.0000000000
86056  39.164  25.428  6.770 0.0000000000
84212  39.510  22.764  8.259 0.0000000000
84844  39.780  23.427  5.545 0.0000000000
84839  39.111  23.669  6.132 0.0000000000
84845  39.395  24.198  5.086 0.0000000000
110322  38.770  24.520  5.715 0.0000000000
84852  39.188  24.356  3.888 0.0000000000
84866  39.731  24.117  1.681 0.0000000000
84875  39.661  23.765  1.526 0.0000000000
84257  40.174  23.302  1.088 0.0000000000
82093  43.312  19.033  5.717 0.0000000000
121425  42.571  19.448  6.157 0.0000000000
82109  43.723  19.518  5.063 0.0000000000
82886  43.216  20.872  3.657 0.0000000000
82858  43.187  20.279  4.533 0.0000000000
82887  43.258  21.992  3.919 0.0000000000
83606  45.430  22.097  0.794 0.0000000000
121851  44.831  22.170  1.196 0.0000000000
87945  41.849  28.418  5.781 0.0000000000
87271  46.803  27.999  6.984 0.0000000000
87256  46.109  27.882  7.967 0.0000000000
87258  44.373  28.362  7.326 0.0000000000
87929  43.486  28.654  7.411 0.0000000000
82065  53.186  19.809  8.106 0.0000000000
104155  52.601  19.506  7.513 0.0000000000
82075  53.636  19.556  7.205 0.0000000000
82087  53.764  19.296  6.168 0.0000000000
81332  54.236  18.668  5.857 0.0000000000
106430  50.404  24.555  10.387 0.0000000000
85383  49.545  24.469  10.062 0.0000000000
85374  49.507  24.685  10.656 0.0000000000
84796  47.627  23.458  10.564 0.0000000000
115906  44.152  19.935  14.425 0.0000000000
122983  44.713  19.880  14.613 0.0000000000
81243  44.778  18.544  14.493 0.0000000000
87208  49.464  28.384  14.480 0.0000000000
87207  50.611  28.492  14.013 0.0000000000
87217  50.933  27.835  13.389 0.0000000000
86601  51.209  26.933  12.861 0.0000000000
86615  52.213  26.768  12.259 0.0000000000
108279  51.337  26.162  12.415 0.0000000000
108515  40.927  21.411  8.232 0.0000000000
119875  41.606  20.527  7.210 0.0000000000
85446  37.905  24.328  2.437 0.0000000000
89157  52.897  30.614  10.309 0.0000000000
89138  51.818  30.811  10.740 0.0000000000
120104  50.924  30.981  11.254 0.0000000000
89139  49.997  30.899  11.463 0.0000000000
105333  39.237  27.550  8.696 0.0000000000
103564  37.954  27.477  8.382 0.0000000000
111236  47.224  27.812  14.126 0.0000000000
87221  46.501  27.432  14.112 0.0000000000
87222  45.690  27.072  14.108 0.0000000000
88475  45.089  28.951  17.494 0.0000000000
89100  45.442  29.800  16.872 0.0000000000
88474  45.725  28.552  17.092 0.0000000000
88473  46.414  28.595  16.536 0.0000000000
87856  47.608  28.531  16.234 0.0000000000
87193  46.686  27.983  15.905 0.0000000000
87199  47.211  27.874  15.685 0.0000000000
81325  45.816  17.821  7.132 0.0000000000
82092  47.837  18.862  5.846 0.0000000000
107171  51.006  19.609  4.756 0.0000000000
82119  50.194  19.768  4.544 0.0000000000
82118  50.452  19.953  4.117 0.0000000000
82880  49.993  20.049  3.503 0.0000000000
82892  49.700  20.787  2.201 0.0000000000
86062  46.931  25.871  6.607 0.0000000000
86050  45.880  26.025  6.469 0.0000000000
86063  46.519  25.965  6.400 0.0000000000
85418  46.378  25.211  7.143 0.0000000000
120498  45.829  24.662  7.737 0.0000000000
109131  46.446  23.442  9.889 0.0000000000
84812  45.790  23.673  9.476 0.0000000000
85368  45.402  24.333  12.157 0.0000000000
107288  45.147  22.505  11.483 0.0000000000
82038  42.067  19.321  11.800 0.0000000000
81275  41.831  18.902  11.382 0.0000000000
81286  42.072  18.389  11.172 0.0000000000
80537  42.750  17.935  10.791 0.0000000000
80551  42.970  17.816  9.949 0.0000000000
80550  43.848  17.496  9.675 0.0000000000
80516  48.384  17.184  11.730 0.0000000000
121288  47.840  16.967  11.275 0.0000000000
80531  49.308  17.674  10.749 0.0000000000
117981  45.646  36.232  10.716 0.0000000000
103906  48.378  35.800  9.764 0.0000000000
91039  45.510  33.293  14.417 0.0000000000
91053  46.000  33.889  13.517 0.0000000000
115505  47.191  33.437  14.991 0.0000000000
89122  52.165  30.252  15.054 0.0000000000
89739  50.610  31.206  15.280 0.0000000000
104396  51.809  31.852  13.750 0.0000000000
90384  51.286  32.583  13.325 0.0000000000
90383  52.431  32.502  13.010 0.0000000000
89751  53.098  32.052  12.641 0.0000000000
89750  53.495  31.625  12.428 0.0000000000
89760  53.524  31.697  11.443 0.0000000000
121646  53.726  31.016  11.814 0.0000000000
88514  54.352  29.409  11.484 0.0000000000
88532  54.886  28.662  11.159 0.0000000000
86034  53.059  25.068  8.453 0.0000000000
86033  53.933  25.111  8.611 0.0000000000
86649  51.929  25.582  8.361 0.0000000000
86650  50.718  25.974  7.927 0.0000000000
86652  48.378  26.080  8.181 0.0000000000
86659  47.661  25.729  7.627 0.0000000000
86040  41.523  25.681  8.202 0.0000000000
122149  40.734  22.600  6.527 0.0000000000
120056  40.027  24.302  3.406 0.0000000000
84865  40.747  24.263  1.797 0.0000000000
82124  45.140  19.641  4.336 0.0000000000
82125  44.151  19.765  4.386 0.0000000000
82872  44.661  20.196  3.773 0.0000000000
82885  44.190  20.820  3.250 0.0000000000
122592  44.206  21.288  2.846 0.0000000000
113350  39.307  27.595  6.422 0.0000000000
121914  39.281  27.216  6.006 0.0000000000
87290  40.424  27.437  6.183 0.0000000000
87896  49.580  28.459  10.528 0.0000000000
87898  47.755  28.670  10.559 0.0000000000
87917  46.337  28.240  9.194 0.0000000000
87930  42.511  28.861  7.590 0.0000000000
87933  39.835  28.193  7.173 0.0000000000
87847  45.105  27.703  17.726 0.0000000000
87183  45.393  26.831  17.290 0.0000000000
81321  48.984  18.648  7.638 0.0000000000
113861  50.093  19.092  6.871 0.0000000000
105302  52.136  19.287  5.996 0.0000000000
124295  51.302  19.201  5.347 0.0000000000
82117  51.758  19.202  4.605 0.0000000000
118319  51.827  19.048  3.877 0.0000000000
106096  48.813  24.998  8.632 0.0000000000
85403  47.668  24.299  8.127 0.0000000000
84824  48.203  24.124  8.634 0.0000000000
84825  47.751  23.516  8.861 0.0000000000
84826  47.414  23.403  9.171 0.0000000000
84810  47.616  23.186  9.540 0.0000000000
84811  47.070  23.410  9.697 0.0000000000
84191  44.972  22.459  10.850 0.0000000000
84176  43.987  22.653  12.583 0.0000000000
83517  43.670  21.207  13.366 0.0000000000
82808  43.196  19.904  13.377 0.0000000000
115797  43.690  19.916  13.983 0.0000000000
82027  43.239  19.228  13.748 0.0000000000
81255  42.828  18.518  13.530 0.0000000000
119361  43.774  17.270  12.176 0.0000000000
103933  44.622  17.041  12.053 0.0000000000
80502  47.140  17.202  13.030 0.0000000000
80501  48.146  17.316  12.625 0.0000000000
106662  49.631  17.709  12.780 0.0000000000
106828  47.072  36.008  12.186 0.0000000000
89733  48.862  31.252  16.725 0.0000000000
89742  49.082  31.623  16.543 0.0000000000
89111  49.586  30.843  16.680 0.0000000000
89119  50.124  30.672  16.301 0.0000000000
123376  50.551  30.405  15.606 0.0000000000
87866  51.284  28.934  14.379 0.0000000000
125272  51.780  29.080  14.826 0.0000000000
89118  51.434  30.081  15.188 0.0000000000
89117  52.400  29.893  15.013 0.0000000000
88499  52.625  29.790  14.413 0.0000000000
87877  54.287  28.837  11.923 0.0000000000
87229  54.326  27.500  11.715 0.0000000000
86613  54.448  26.643  11.631 0.0000000000
86015  54.254  25.284  10.396 0.0000000000
86629  53.027  26.078  11.457 0.0000000000
86009  53.621  25.278  10.583 0.0000000000
86016  53.777  24.800  9.707 0.0000000000
85399  51.641  24.798  8.577 0.0000000000
85400  50.610  24.873  8.637 0.0000000000
84817  40.281  23.324  9.361 0.0000000000
83553  39.696  22.077  8.271 0.0000000000
84223  41.380  22.337  6.009 0.0000000000
84233  42.125  22.788  4.392 0.0000000000
83595  46.537  22.016  1.898 0.0000000000
83585  45.918  21.706  2.659 0.0000000000
105213  46.155  21.965  1.224 0.0000000000
84847  36.269  23.073  6.074 0.0000000000
84846  36.409  23.572  5.319 0.0000000000
84230  36.354  22.893  5.260 0.0000000000
84236  36.588  22.866  4.485 0.0000000000
90409  51.566  31.511  9.798 0.0000000000
88537  49.063  29.190  11.176 0.0000000000
88517  49.517  30.081  11.433 0.0000000000
86003  46.401  24.992  12.379 0.0000000000
86620  46.298  26.087  13.043 0.0000000000
91055  44.252  33.395  13.924 0.0000000000
90379  43.701  32.993  14.709 0.0000000000
91041  44.262  33.050  15.094 0.0000000000
91040  44.822  33.140  14.671 0.0000000000
90368  46.387  32.714  15.807 0.0000000000
90350  47.695  31.991  16.181 0.0000000000
89115  45.860  30.833  16.613 0.0000000000
89735  47.103  31.698  16.451 0.0000000000
121144  47.664  31.652  16.379 0.0000000000
89734  48.239  31.285  16.610 0.0000000000
89099  48.638  30.572  16.991 0.0000000000
88485  48.754  29.391  17.048 0.0000000000
87861  48.194  28.667  16.565 0.0000000000
119725  48.227  28.627  15.914 0.0000000000
86603  49.359  27.156  13.254 0.0000000000
81328  42.854  18.703  7.572 0.0000000000
119457  43.746  18.577  6.089 0.0000000000
81347  44.108  18.795  5.497 0.0000000000
81337  45.449  18.490  6.411 0.0000000000
81346  45.072  18.898  5.661 0.0000000000
82120  49.247  19.723  4.377 0.0000000000
82121  48.191  19.719  4.385 0.0000000000
82882  47.283  21.194  3.417 0.0000000000
83584  46.909  21.833  2.782 0.0000000000
83594  47.493  21.681  1.824 0.0000000000
87282  44.377  27.808  6.413 0.0000000000
86051  45.094  26.231  7.233 0.0000000000
120782  46.575  24.271  7.974 0.0000000000
84828  45.126  24.114  9.036 0.0000000000
85390  43.512  24.120  9.062 0.0000000000
84816  41.341  23.660  9.800 0.0000000000
84194  40.883  22.714  9.971 0.0000000000
118450  41.223  22.159  10.598 0.0000000000
84784  47.337  23.937  11.156 0.0000000000
84797  47.029  23.892  10.889 0.0000000000
84183  46.214  23.631  10.803 0.0000000000
83519  44.271  21.644  12.046 0.0000000000
82818  43.394  20.360  12.104 0.0000000000
83536  43.652  21.582  11.227 0.0000000000
82039  41.749  19.414  11.161 0.0000000000
82047  41.578  19.605  10.530 0.0000000000
109974  43.191  18.396  8.030 0.0000000000
81313  43.778  18.127  8.101 0.0000000000
80558  44.024  17.707  8.793 0.0000000000
80557  44.882  17.449  8.461 0.0000000000
80564  46.484  17.584  7.833 0.0000000000
81312  47.219  17.831  7.712 0.0000000000
81311  47.837  18.027  8.053 0.0000000000
80519  45.145  16.790  11.071 0.0000000000
103931  45.959  16.621  10.399 0.0000000000
80533  46.697  16.950  9.954 0.0000000000
105046  47.531  17.033  10.484 0.0000000000
117901  47.512  17.288  9.447 0.0000000000
81299  48.004  17.770  8.834 0.0000000000
81310  48.658  18.193  8.356 0.0000000000
81309  49.445  18.565  8.254 0.0000000000
82068  50.272  18.971  8.200 0.0000000000
106826  52.412  19.473  8.464 0.0000000000
104156  48.822  36.652  9.079 0.0000000000
92298  49.743  36.237  9.003 0.0000000000
92307  50.251  35.425  8.487 0.0000000000
91753  50.782  34.995  8.770 0.0000000000
91078  52.457  33.941  9.104 0.0000000000
92253  46.734  35.920  12.352 0.0000000000
92252  47.521  35.652  12.458 0.0000000000
90365  48.830  32.056  15.983 0.0000000000
90378  48.851  32.606  14.897 0.0000000000
90363  50.086  31.986  14.650 0.0000000000
91714  48.755  35.029  12.499 0.0000000000
92251  48.410  35.500  12.263 0.0000000000
91730  48.908  35.264  12.018 0.0000000000
91729  49.214  34.807  11.412 0.0000000000
91728  50.409  34.330  11.117 0.0000000000
91067  51.028  33.739  11.750 0.0000000000
91070  52.334  34.027  9.966 0.0000000000
91069  53.311  33.385  9.703 0.0000000000
118772  53.527  31.082  10.976 0.0000000000
87894  51.711  28.695  10.291 0.0000000000
87885  55.060  27.927  11.226 0.0000000000
87891  55.089  27.856  10.812 0.0000000000
86644  53.892  25.941  8.700 0.0000000000
87910  53.901  27.874  9.151 0.0000000000
87911  52.560  28.015  9.431 0.0000000000
87253  48.628  27.142  8.971 0.0000000000
87270  47.178  27.535  7.535 0.0000000000
86667  40.408  26.697  6.403 0.0000000000
86054  40.960  25.930  7.043 0.0000000000
84830  39.673  24.122  8.835 0.0000000000
84831  39.366  23.838  8.258 0.0000000000
85442  39.034  23.891  2.313 0.0000000000
82859  42.201  20.300  5.868 0.0000000000
113187  42.452  20.673  5.069 0.0000000000
83569  42.264  21.504  4.948 0.0000000000
83576  42.692  22.061  4.451 0.0000000000
114522  44.118  21.586  2.373 0.0000000000
83598  43.842  21.892  1.460 0.0000000000
119327  43.672  22.065  2.346 0.0000000000
106377  43.287  22.632  3.060 0.0000000000
84864  41.939  23.992  1.855 0.0000000000
80574  54.335  17.999  6.034 0.0000000000
80583  53.074  17.578  5.436 0.0000000000
79802  52.489  16.847  5.599 0.0000000000
80575  53.941  17.670  5.874 0.0000000000
80582  53.971  18.274  5.548 0.0000000000
81262  42.409  18.563  12.918 0.0000000000
81320  54.333  19.025  6.594 0.0000000000
82079  49.288  19.121  6.968 0.0000000000
83593  48.387  21.398  1.527 0.0000000000
84795  48.743  24.136  10.415 0.0000000000
85380  52.965  24.813  9.239 0.0000000000
85402  48.123  24.792  8.023 0.0000000000
86023  53.646  24.888  8.914 0.0000000000
86024  52.650  24.862  8.682 0.0000000000
86035  52.114  25.125  8.416 0.0000000000
86635  54.439  25.662  10.163 0.0000000000
86642  54.520  26.432  10.029 0.0000000000
86660  47.201  26.191  6.798 0.0000000000
87198  47.889  28.147  15.764 0.0000000000
87209  48.456  28.347  15.040 0.0000000000
87214  53.705  28.360  12.220 0.0000000000
87215  52.669  28.255  12.831 0.0000000000
87248  54.259  26.794  8.968 0.0000000000
87265  52.270  26.231  8.570 0.0000000000
87859  50.641  29.490  15.034 0.0000000000
87865  52.042  28.714  14.544 0.0000000000
87868  48.803  29.007  15.128 0.0000000000
87876  54.594  28.097  11.594 0.0000000000
88471  48.826  30.159  16.970 0.0000000000
88491  51.689  29.629  15.081 0.0000000000
89112  49.090  30.789  16.811 0.0000000000
89124  53.492  30.858  13.001 0.0000000000
89731  49.889  31.245  16.620 0.0000000000
89732  49.392  31.301  16.749 0.0000000000
89745  51.170  31.435  14.524 0.0000000000
90351  47.261  32.113  16.239 0.0000000000
90367  47.069  32.513  16.086 0.0000000000
91022  46.304  33.178  15.049 0.0000000000
91057  42.099  33.230  13.524 0.0000000000
92269  46.439  36.220  12.126 0.0000000000
92299  49.302  36.487  8.916 0.0000000000
108405  52.415  25.652  10.828 0.0000000000
114979  49.960  29.829  15.848 0.0000000000
118723  49.360  36.530  9.089 0.0000000000
123236  42.490  22.441  4.422 0.0000000000
123829  51.487  30.775  14.960 0.0000000000
124320  45.299  22.815  11.179 0.0000000000
124533  54.796  26.231  10.665 0.0000000000
