#!ascii label  , from subject 001 vox2ras=TkReg
1364
107045  14.065  -55.050  31.160 0.0000000000
46633  45.449  -22.890  19.117 0.0000000000
108468  30.008  -40.878  28.846 0.0000000000
34913  35.675  -36.830  33.596 0.0000000000
26016  25.307  -47.023  25.982 0.0000000000
18487  21.920  -55.265  33.071 0.0000000000
54317  52.773  -13.578  16.317 0.0000000000
49250  51.632  -19.820  23.370 0.0000000000
39049  41.325  -32.037  25.100 0.0000000000
59705  54.230  -7.495  8.542 0.0000000000
27862  26.929  -44.986  33.119 0.0000000000
18506  17.647  -54.434  32.638 0.0000000000
50141  53.672  -18.770  18.215 0.0000000000
108898  49.197  -18.006  16.641 0.0000000000
43082  44.998  -26.576  23.821 0.0000000000
46596  47.282  -23.172  25.024 0.0000000000
43122  41.400  -26.965  22.232 0.0000000000
35821  34.823  -36.258  28.074 0.0000000000
32467  33.570  -40.209  30.223 0.0000000000
24219  25.424  -48.403  31.853 0.0000000000
19447  24.150  -52.995  35.399 0.0000000000
121948  23.939  -52.075  29.233 0.0000000000
21505  19.208  -52.177  27.692 0.0000000000
29800  28.071  -43.705  27.589 0.0000000000
54312  57.420  -13.171  16.620 0.0000000000
51787  57.105  -17.081  20.186 0.0000000000
47484  49.460  -21.447  20.759 0.0000000000
41396  42.075  -28.388  27.584 0.0000000000
113739  39.406  -35.881  29.930 0.0000000000
55258  54.140  -12.812  11.297 0.0000000000
55255  58.156  -11.976  11.796 0.0000000000
58835  60.425  -8.555  9.078 0.0000000000
25041  26.755  -47.966  35.091 0.0000000000
18522  15.818  -54.355  31.498 0.0000000000
117355  17.457  -55.490  35.272 0.0000000000
17605  15.217  -55.760  34.592 0.0000000000
52620  48.767  -15.484  16.063 0.0000000000
43979  44.013  -26.059  26.800 0.0000000000
43977  45.407  -25.422  26.674 0.0000000000
17606  8.966  -55.151  34.674 0.0000000000
116431  41.989  -26.867  19.304 0.0000000000
33413  30.914  -38.603  27.215 0.0000000000
34219  31.765  -37.578  28.523 0.0000000000
32480  31.330  -40.215  29.722 0.0000000000
113991  25.897  -48.026  29.393 0.0000000000
23331  24.264  -49.516  30.877 0.0000000000
23353  24.753  -49.827  27.618 0.0000000000
27915  26.876  -45.025  26.179 0.0000000000
25977  26.672  -46.263  29.888 0.0000000000
119461  23.352  -54.089  34.129 0.0000000000
55209  55.123  -12.895  16.167 0.0000000000
53434  57.378  -15.221  18.044 0.0000000000
52602  55.006  -15.948  18.339 0.0000000000
49288  52.535  -19.939  20.523 0.0000000000
49274  54.568  -20.130  21.403 0.0000000000
49316  45.255  -20.047  17.493 0.0000000000
106999  46.869  -19.872  18.092 0.0000000000
47487  47.492  -22.175  19.959 0.0000000000
40666  40.113  -29.667  23.305 0.0000000000
41424  40.247  -27.738  24.834 0.0000000000
39836  41.494  -30.500  26.283 0.0000000000
34938  35.243  -36.688  31.330 0.0000000000
34978  37.061  -36.502  28.998 0.0000000000
34936  37.539  -36.329  32.096 0.0000000000
54371  51.196  -13.960  13.227 0.0000000000
55260  52.257  -12.785  11.346 0.0000000000
115040  53.976  -13.775  13.385 0.0000000000
54349  56.185  -13.575  14.332 0.0000000000
118635  58.608  -7.783  7.841 0.0000000000
58844  57.861  -8.907  8.421 0.0000000000
57145  59.711  -10.731  10.133 0.0000000000
57153  56.663  -10.725  8.980 0.0000000000
29758  27.702  -42.646  31.324 0.0000000000
30624  29.792  -41.880  32.018 0.0000000000
28796  28.667  -43.576  34.365 0.0000000000
18504  19.482  -54.643  32.555 0.0000000000
16796  21.092  -56.949  33.650 0.0000000000
110209  19.577  -56.359  34.558 0.0000000000
54332  50.568  -13.986  15.372 0.0000000000
52604  53.336  -15.622  17.572 0.0000000000
112190  50.964  -15.817  16.616 0.0000000000
50156  51.479  -18.579  17.564 0.0000000000
104608  51.188  -19.475  19.647 0.0000000000
44042  45.792  -25.632  21.041 0.0000000000
44893  47.576  -24.568  21.965 0.0000000000
108955  46.732  -24.833  24.243 0.0000000000
37511  40.173  -34.495  23.716 0.0000000000
122466  38.059  -36.317  35.420 0.0000000000
17642  11.708  -55.247  31.560 0.0000000000
16787  13.018  -56.850  34.630 0.0000000000
16800  10.581  -56.484  33.790 0.0000000000
119602  43.422  -23.480  18.277 0.0000000000
119069  43.943  -26.103  19.718 0.0000000000
43120  43.711  -27.581  22.901 0.0000000000
43992  41.858  -26.550  25.991 0.0000000000
35838  32.798  -35.730  27.237 0.0000000000
34957  33.754  -37.865  29.322 0.0000000000
33372  34.396  -38.130  32.832 0.0000000000
30613  31.991  -41.577  33.503 0.0000000000
122088  33.762  -40.329  34.412 0.0000000000
23291  26.031  -50.012  33.919 0.0000000000
21425  26.215  -52.223  34.797 0.0000000000
22357  24.894  -50.783  33.411 0.0000000000
21473  23.786  -51.623  31.931 0.0000000000
20515  22.890  -53.231  30.893 0.0000000000
22424  22.852  -50.569  26.480 0.0000000000
20551  22.507  -52.820  28.326 0.0000000000
19490  20.584  -53.868  30.432 0.0000000000
20523  18.506  -53.023  29.708 0.0000000000
20525  16.212  -52.456  30.142 0.0000000000
20527  14.586  -52.678  30.202 0.0000000000
33415  29.899  -39.133  26.420 0.0000000000
32526  28.912  -40.748  25.229 0.0000000000
30675  28.965  -41.820  28.103 0.0000000000
120941  26.792  -44.090  30.517 0.0000000000
25949  26.624  -46.572  32.736 0.0000000000
51778  58.412  -16.906  20.772 0.0000000000
50135  55.756  -18.502  19.759 0.0000000000
50179  46.551  -18.256  16.511 0.0000000000
108215  49.011  -19.624  19.175 0.0000000000
48362  50.553  -21.048  22.265 0.0000000000
46612  48.264  -22.915  22.870 0.0000000000
48353  49.528  -21.784  24.031 0.0000000000
43123  39.581  -26.793  22.456 0.0000000000
43072  40.493  -26.948  25.624 0.0000000000
42185  41.595  -26.432  28.405 0.0000000000
36671  39.123  -35.685  26.820 0.0000000000
36668  41.504  -34.567  27.926 0.0000000000
106021  39.460  -35.503  33.507 0.0000000000
35786  41.367  -35.499  31.129 0.0000000000
37467  42.623  -32.598  28.541 0.0000000000
39815  42.873  -31.103  30.267 0.0000000000
40594  42.955  -29.566  31.096 0.0000000000
57155  54.916  -10.607  9.420 0.0000000000
109413  56.754  -12.622  11.386 0.0000000000
54346  58.466  -13.112  14.172 0.0000000000
24186  27.746  -49.101  36.097 0.0000000000
18523  14.932  -54.748  31.379 0.0000000000
17618  15.533  -55.489  33.781 0.0000000000
17628  14.724  -55.680  33.093 0.0000000000
106273  43.170  -25.915  28.288 0.0000000000
43964  44.199  -25.792  28.353 0.0000000000
18512  7.754  -53.760  33.024 0.0000000000
32503  30.132  -39.854  27.906 0.0000000000
33400  31.318  -38.864  28.708 0.0000000000
31538  30.874  -40.460  29.581 0.0000000000
25098  26.379  -47.817  27.466 0.0000000000
25081  25.643  -48.566  28.728 0.0000000000
24255  25.777  -48.343  26.970 0.0000000000
28900  26.067  -44.246  25.141 0.0000000000
26980  26.344  -45.718  25.914 0.0000000000
25989  26.530  -46.929  28.093 0.0000000000
18501  22.564  -54.550  32.747 0.0000000000
17611  22.314  -56.060  33.600 0.0000000000
54316  53.756  -13.417  16.449 0.0000000000
53446  55.330  -14.622  17.327 0.0000000000
53447  54.463  -14.458  17.222 0.0000000000
49276  52.455  -19.724  21.487 0.0000000000
104000  53.213  -19.564  21.993 0.0000000000
47506  45.395  -21.393  18.253 0.0000000000
48393  46.136  -21.061  18.600 0.0000000000
46626  46.838  -22.679  19.777 0.0000000000
39078  40.575  -31.643  23.381 0.0000000000
113965  40.822  -30.863  24.127 0.0000000000
39844  41.523  -30.339  25.409 0.0000000000
39035  41.549  -31.339  25.830 0.0000000000
118155  35.519  -36.418  32.121 0.0000000000
108252  36.100  -36.522  31.355 0.0000000000
34912  36.432  -36.414  33.446 0.0000000000
54352  52.076  -13.884  14.856 0.0000000000
54369  53.047  -13.719  13.442 0.0000000000
54351  52.962  -13.601  14.559 0.0000000000
55219  54.795  -13.055  15.564 0.0000000000
59703  56.624  -7.432  8.256 0.0000000000
58845  56.266  -8.319  8.504 0.0000000000
119459  56.981  -10.161  8.618 0.0000000000
57962  55.816  -9.204  8.632 0.0000000000
28837  26.831  -43.255  31.907 0.0000000000
29746  27.634  -42.992  32.738 0.0000000000
28812  27.462  -43.686  33.189 0.0000000000
18505  18.562  -54.430  32.651 0.0000000000
17614  19.722  -55.955  33.717 0.0000000000
18491  18.152  -54.922  33.363 0.0000000000
16767  16.896  -56.603  36.293 0.0000000000
110876  18.343  -57.002  35.589 0.0000000000
54333  49.547  -13.852  15.265 0.0000000000
53458  50.740  -14.642  15.977 0.0000000000
53459  49.752  -14.212  16.063 0.0000000000
51009  48.712  -17.249  16.375 0.0000000000
50998  50.562  -17.595  16.840 0.0000000000
50157  50.569  -18.494  17.238 0.0000000000
49310  51.296  -19.375  18.637 0.0000000000
49311  50.503  -19.247  18.364 0.0000000000
44025  46.008  -26.201  22.415 0.0000000000
44015  46.523  -25.678  22.947 0.0000000000
44002  45.553  -25.967  24.366 0.0000000000
54354  50.152  -13.739  14.625 0.0000000000
17631  11.245  -55.711  32.231 0.0000000000
17632  10.286  -55.712  32.315 0.0000000000
45794  42.663  -23.814  18.073 0.0000000000
44917  44.121  -24.965  18.767 0.0000000000
44918  43.051  -25.250  18.644 0.0000000000
42277  42.221  -27.766  20.945 0.0000000000
42276  43.044  -27.725  21.030 0.0000000000
43121  42.766  -27.606  23.146 0.0000000000
110376  42.920  -26.905  23.839 0.0000000000
43106  42.212  -26.690  23.698 0.0000000000
35839  32.159  -35.930  26.925 0.0000000000
34205  33.062  -38.876  28.989 0.0000000000
34211  33.219  -38.170  28.910 0.0000000000
34197  34.144  -38.814  30.296 0.0000000000
34196  34.334  -38.061  30.986 0.0000000000
33387  34.299  -38.955  31.182 0.0000000000
30608  30.096  -42.406  33.564 0.0000000000
112043  30.640  -41.807  32.307 0.0000000000
30607  30.773  -42.216  33.926 0.0000000000
31476  33.080  -41.338  35.388 0.0000000000
32433  34.320  -39.497  35.387 0.0000000000
124689  25.614  -48.738  33.347 0.0000000000
23292  25.879  -50.894  33.356 0.0000000000
117197  24.744  -49.964  33.302 0.0000000000
23332  23.943  -50.360  30.335 0.0000000000
116940  23.849  -50.718  31.865 0.0000000000
21481  23.840  -51.902  30.850 0.0000000000
20514  23.541  -52.562  31.411 0.0000000000
20521  23.638  -52.677  30.426 0.0000000000
23383  23.487  -49.320  25.988 0.0000000000
21520  19.650  -51.462  27.150 0.0000000000
21518  21.494  -51.743  27.094 0.0000000000
20553  20.292  -52.827  28.099 0.0000000000
19503  21.699  -53.461  29.584 0.0000000000
106535  20.091  -53.296  29.078 0.0000000000
112046  19.889  -53.812  30.598 0.0000000000
124004  18.756  -52.808  29.059 0.0000000000
20526  15.384  -52.523  30.199 0.0000000000
124269  30.200  -37.901  25.192 0.0000000000
34234  29.806  -38.358  24.694 0.0000000000
29822  27.015  -42.946  26.043 0.0000000000
30700  28.041  -41.949  26.016 0.0000000000
31567  28.381  -41.344  26.588 0.0000000000
29799  28.319  -43.324  28.084 0.0000000000
29787  28.213  -42.994  28.964 0.0000000000
28860  27.447  -44.152  29.078 0.0000000000
25970  26.319  -47.018  30.304 0.0000000000
25969  26.442  -46.262  30.791 0.0000000000
25058  26.014  -47.922  32.311 0.0000000000
25050  25.982  -48.133  33.125 0.0000000000
20484  25.637  -52.628  36.130 0.0000000000
123887  12.494  -56.948  36.046 0.0000000000
16771  13.382  -56.948  35.642 0.0000000000
53443  58.753  -14.382  17.592 0.0000000000
51800  57.195  -16.736  19.618 0.0000000000
51799  57.914  -16.302  19.568 0.0000000000
50972  57.759  -17.290  20.705 0.0000000000
50119  57.826  -18.535  22.047 0.0000000000
110349  53.561  -17.375  18.073 0.0000000000
51809  54.299  -16.701  18.399 0.0000000000
50140  54.496  -18.759  18.648 0.0000000000
49273  55.445  -19.825  21.577 0.0000000000
48391  48.004  -20.500  19.334 0.0000000000
49302  48.280  -19.819  19.055 0.0000000000
48390  48.864  -20.246  19.547 0.0000000000
108602  50.180  -20.247  20.432 0.0000000000
48374  50.036  -21.204  21.631 0.0000000000
45748  47.797  -23.686  23.345 0.0000000000
45755  48.398  -23.326  21.910 0.0000000000
46605  47.922  -23.000  23.781 0.0000000000
43109  39.043  -26.932  22.589 0.0000000000
41413  41.131  -27.915  26.270 0.0000000000
42208  40.285  -27.200  25.316 0.0000000000
42197  41.370  -27.200  26.846 0.0000000000
43048  41.367  -26.515  27.254 0.0000000000
42184  41.927  -27.241  28.371 0.0000000000
35847  35.020  -35.834  26.303 0.0000000000
110017  35.913  -35.858  26.716 0.0000000000
35803  38.764  -36.043  29.595 0.0000000000
35832  38.476  -35.938  27.519 0.0000000000
35816  39.670  -35.768  28.424 0.0000000000
36670  40.043  -35.438  27.073 0.0000000000
35815  40.376  -35.421  28.767 0.0000000000
35729  38.501  -35.730  34.638 0.0000000000
36611  42.729  -34.652  32.141 0.0000000000
37445  42.430  -34.353  30.117 0.0000000000
122422  42.729  -33.729  30.431 0.0000000000
38994  42.665  -31.895  29.075 0.0000000000
38173  43.115  -32.276  30.887 0.0000000000
55259  53.181  -12.966  11.344 0.0000000000
56216  54.907  -11.631  10.320 0.0000000000
56215  55.827  -11.630  10.235 0.0000000000
54391  55.471  -12.954  11.530 0.0000000000
55217  56.356  -12.560  15.535 0.0000000000
54348  57.017  -13.591  14.113 0.0000000000
55206  57.991  -12.880  15.963 0.0000000000
54327  58.792  -12.909  15.625 0.0000000000
58842  59.645  -8.420  8.112 0.0000000000
56212  58.953  -11.255  10.483 0.0000000000
56195  60.547  -11.727  12.464 0.0000000000
103774  59.232  -12.514  12.917 0.0000000000
26916  26.818  -45.868  33.426 0.0000000000
26906  27.419  -45.464  34.733 0.0000000000
25034  27.055  -47.591  35.595 0.0000000000
18507  16.802  -54.568  32.509 0.0000000000
18492  17.176  -54.888  33.504 0.0000000000
17617  16.477  -55.205  34.207 0.0000000000
17604  15.917  -55.484  34.974 0.0000000000
16757  15.739  -56.527  36.659 0.0000000000
121649  47.993  -15.566  15.643 0.0000000000
51010  47.923  -17.372  16.204 0.0000000000
103426  44.687  -26.523  24.769 0.0000000000
106949  45.132  -26.038  25.147 0.0000000000
108600  44.912  -26.264  26.626 0.0000000000
44830  44.817  -25.289  28.891 0.0000000000
17633  9.464  -55.366  32.694 0.0000000000
17634  8.790  -54.849  33.061 0.0000000000
17622  8.230  -54.683  34.102 0.0000000000
44057  42.113  -25.740  18.283 0.0000000000
43148  40.518  -27.207  20.057 0.0000000000
34993  31.826  -36.569  27.327 0.0000000000
107833  31.243  -38.123  28.086 0.0000000000
122658  31.702  -38.674  29.123 0.0000000000
32468  32.334  -40.396  30.301 0.0000000000
24241  25.558  -48.206  30.145 0.0000000000
24220  24.841  -48.911  31.356 0.0000000000
24242  25.121  -48.544  29.495 0.0000000000
23344  24.737  -49.615  28.607 0.0000000000
23345  24.423  -50.355  28.293 0.0000000000
21506  18.156  -51.728  27.881 0.0000000000
22400  17.892  -50.666  27.992 0.0000000000
28899  26.476  -43.473  25.464 0.0000000000
106968  27.615  -44.657  27.471 0.0000000000
27899  27.416  -44.767  28.431 0.0000000000
26964  27.407  -45.318  27.732 0.0000000000
25978  26.475  -47.167  29.308 0.0000000000
19451  23.761  -53.504  34.704 0.0000000000
54313  56.458  -13.018  16.742 0.0000000000
53444  57.761  -14.398  17.667 0.0000000000
54302  56.042  -13.957  17.017 0.0000000000
117338  56.485  -15.386  17.846 0.0000000000
52588  56.434  -16.629  18.805 0.0000000000
49298  53.781  -20.033  19.216 0.0000000000
49286  54.435  -20.047  19.928 0.0000000000
49275  53.796  -20.237  21.263 0.0000000000
49262  53.785  -19.335  22.807 0.0000000000
49324  45.742  -19.429  17.146 0.0000000000
49315  46.237  -20.102  17.649 0.0000000000
47495  47.580  -21.311  19.545 0.0000000000
47486  48.154  -21.833  20.048 0.0000000000
46579  47.717  -22.370  25.479 0.0000000000
41450  39.815  -28.518  23.115 0.0000000000
119303  39.696  -27.484  23.299 0.0000000000
40651  40.293  -28.778  24.149 0.0000000000
41423  41.130  -28.675  25.776 0.0000000000
40616  42.219  -29.681  27.707 0.0000000000
34967  35.420  -36.675  29.705 0.0000000000
34979  36.094  -36.545  28.904 0.0000000000
34966  36.384  -36.590  29.770 0.0000000000
34952  37.445  -36.474  30.633 0.0000000000
35789  38.818  -35.985  30.461 0.0000000000
54396  51.052  -13.131  11.951 0.0000000000
55261  51.496  -12.621  11.453 0.0000000000
117313  52.175  -13.592  12.304 0.0000000000
117054  53.211  -13.413  12.027 0.0000000000
54393  53.939  -13.309  11.974 0.0000000000
54382  55.416  -13.434  12.098 0.0000000000
107575  54.654  -13.725  13.864 0.0000000000
55218  55.561  -12.722  15.624 0.0000000000
60544  56.818  -6.764  7.767 0.0000000000
105771  58.046  -8.076  8.278 0.0000000000
107837  59.425  -9.107  8.690 0.0000000000
57950  60.055  -9.543  9.355 0.0000000000
57151  59.114  -9.978  9.094 0.0000000000
56221  57.949  -11.121  9.329 0.0000000000
56213  57.575  -11.533  10.030 0.0000000000
30648  29.011  -41.888  29.989 0.0000000000
30647  29.837  -41.702  30.335 0.0000000000
30625  28.978  -42.014  31.709 0.0000000000
30617  29.139  -42.328  32.471 0.0000000000
29728  29.342  -42.965  34.466 0.0000000000
18503  20.450  -54.876  32.494 0.0000000000
17612  21.486  -56.205  33.421 0.0000000000
17613  20.609  -56.131  33.388 0.0000000000
17600  20.310  -56.708  34.151 0.0000000000
17602  18.150  -55.396  34.936 0.0000000000
15965  19.161  -57.234  35.059 0.0000000000
54318  51.863  -13.932  16.275 0.0000000000
53448  52.731  -14.306  17.093 0.0000000000
53449  51.871  -14.539  17.073 0.0000000000
115941  52.095  -16.031  17.312 0.0000000000
51817  52.216  -16.833  17.253 0.0000000000
119777  50.272  -16.165  16.399 0.0000000000
112816  51.114  -17.176  16.982 0.0000000000
50155  52.226  -18.570  17.788 0.0000000000
49309  52.296  -19.614  18.602 0.0000000000
49289  51.864  -19.751  20.030 0.0000000000
119377  51.886  -19.867  21.771 0.0000000000
45773  46.192  -24.046  19.919 0.0000000000
45772  46.932  -23.549  20.045 0.0000000000
44894  46.878  -25.106  21.648 0.0000000000
44880  46.923  -24.973  23.357 0.0000000000
45739  47.098  -24.101  24.704 0.0000000000
44856  45.713  -24.908  25.872 0.0000000000
120122  46.014  -24.026  25.820 0.0000000000
45719  46.315  -23.310  26.285 0.0000000000
38269  40.902  -32.941  24.575 0.0000000000
35731  37.281  -36.426  34.554 0.0000000000
55250  50.224  -13.052  11.991 0.0000000000
54372  50.170  -13.888  13.139 0.0000000000
54353  51.080  -13.887  14.754 0.0000000000
61390  54.219  -5.720  8.646 0.0000000000
60547  53.356  -6.188  8.722 0.0000000000
110881  13.153  -55.127  30.883 0.0000000000
17619  13.311  -56.308  33.162 0.0000000000
16806  12.408  -56.291  32.926 0.0000000000
16788  12.121  -56.935  34.422 0.0000000000
16773  11.593  -56.786  35.843 0.0000000000
17620  9.793  -55.639  34.139 0.0000000000
47507  44.737  -21.989  18.176 0.0000000000
47509  43.094  -21.951  17.730 0.0000000000
45783  44.828  -23.441  18.839 0.0000000000
109193  44.843  -24.310  19.025 0.0000000000
44907  45.187  -25.457  20.146 0.0000000000
43118  45.252  -26.731  21.988 0.0000000000
111223  43.279  -26.398  19.714 0.0000000000
43133  43.772  -27.351  20.849 0.0000000000
43104  44.392  -27.080  23.346 0.0000000000
43070  43.978  -26.801  25.230 0.0000000000
43991  43.080  -25.913  26.137 0.0000000000
43966  42.341  -25.934  27.745 0.0000000000
35822  33.964  -36.278  28.010 0.0000000000
34992  32.419  -36.253  27.736 0.0000000000
34982  33.446  -36.607  28.644 0.0000000000
34981  34.263  -36.632  28.713 0.0000000000
34955  34.768  -36.825  30.525 0.0000000000
34195  34.558  -37.367  31.545 0.0000000000
34179  34.810  -37.336  33.501 0.0000000000
31518  31.185  -41.233  30.899 0.0000000000
31517  32.032  -40.885  31.125 0.0000000000
31516  32.947  -40.769  31.596 0.0000000000
30605  32.161  -41.588  34.348 0.0000000000
31492  32.706  -41.135  33.712 0.0000000000
31503  33.723  -40.498  32.023 0.0000000000
33373  34.309  -39.302  33.531 0.0000000000
104825  34.642  -38.400  33.777 0.0000000000
34166  35.946  -38.270  34.575 0.0000000000
22333  27.080  -50.710  34.908 0.0000000000
22344  26.621  -51.157  33.837 0.0000000000
21441  25.674  -52.256  33.941 0.0000000000
20491  24.643  -52.411  34.704 0.0000000000
23311  24.061  -50.171  32.302 0.0000000000
22358  24.389  -51.294  33.291 0.0000000000
20492  23.941  -52.724  34.615 0.0000000000
20498  23.326  -53.312  32.980 0.0000000000
19463  22.895  -53.872  32.508 0.0000000000
18517  22.397  -54.031  31.885 0.0000000000
23365  24.692  -49.584  26.695 0.0000000000
23354  24.234  -50.249  26.822 0.0000000000
21516  23.333  -51.485  27.550 0.0000000000
21527  21.949  -51.057  26.548 0.0000000000
21517  22.412  -51.686  27.265 0.0000000000
20550  23.384  -52.451  28.761 0.0000000000
119270  22.466  -53.313  29.567 0.0000000000
19475  22.060  -53.743  31.035 0.0000000000
19476  21.154  -53.951  31.052 0.0000000000
19477  20.335  -53.930  31.186 0.0000000000
19478  19.507  -53.768  31.244 0.0000000000
114564  17.973  -53.293  31.194 0.0000000000
20541  18.031  -52.669  29.025 0.0000000000
20524  17.642  -52.732  29.867 0.0000000000
19480  17.327  -53.428  31.360 0.0000000000
18521  16.548  -53.754  31.424 0.0000000000
19481  15.035  -53.887  31.004 0.0000000000
19482  14.299  -54.248  30.825 0.0000000000
19497  13.605  -53.840  30.320 0.0000000000
19498  12.244  -53.557  30.489 0.0000000000
34226  30.457  -38.125  26.455 0.0000000000
33414  30.200  -38.728  26.873 0.0000000000
31565  29.522  -40.206  27.443 0.0000000000
32525  29.191  -39.994  25.409 0.0000000000
31566  28.999  -40.726  26.950 0.0000000000
31553  29.508  -41.276  28.559 0.0000000000
29786  28.488  -42.364  29.546 0.0000000000
29772  27.411  -42.875  30.537 0.0000000000
28838  26.804  -43.832  31.273 0.0000000000
27886  26.710  -44.678  30.080 0.0000000000
125096  26.608  -45.127  31.175 0.0000000000
26922  26.755  -45.638  32.509 0.0000000000
25049  26.246  -47.755  33.806 0.0000000000
25042  26.335  -48.260  34.465 0.0000000000
16786  14.482  -56.190  34.620 0.0000000000
110973  14.984  -56.272  36.329 0.0000000000
53433  58.321  -15.027  18.194 0.0000000000
52603  54.097  -15.779  18.000 0.0000000000
51808  54.990  -16.593  18.809 0.0000000000
50974  56.431  -17.865  20.093 0.0000000000
49296  55.319  -19.387  19.887 0.0000000000
50121  56.226  -19.248  21.250 0.0000000000
50128  56.776  -18.486  20.839 0.0000000000
51827  47.142  -16.973  15.835 0.0000000000
50999  48.303  -18.061  16.523 0.0000000000
49323  46.724  -19.458  17.357 0.0000000000
50147  48.213  -19.333  17.613 0.0000000000
50146  49.179  -19.110  17.766 0.0000000000
48389  49.740  -19.780  19.635 0.0000000000
48380  50.773  -20.040  20.752 0.0000000000
107585  51.185  -20.293  23.060 0.0000000000
121996  47.649  -23.847  20.538 0.0000000000
45761  48.524  -23.213  21.288 0.0000000000
47477  49.160  -22.083  21.322 0.0000000000
47449  48.499  -22.304  24.888 0.0000000000
119081  48.996  -21.896  23.696 0.0000000000
47468  49.282  -21.959  22.371 0.0000000000
48352  50.195  -21.573  23.674 0.0000000000
48351  50.717  -20.910  23.180 0.0000000000
104091  39.786  -26.735  20.682 0.0000000000
104309  40.461  -26.715  22.136 0.0000000000
42224  39.974  -27.118  23.775 0.0000000000
43088  39.944  -27.130  23.958 0.0000000000
122735  41.437  -26.587  23.578 0.0000000000
121008  41.005  -26.724  26.111 0.0000000000
43967  41.215  -25.946  27.513 0.0000000000
43938  42.030  -26.022  29.691 0.0000000000
35834  36.681  -35.806  27.054 0.0000000000
36695  39.622  -34.991  25.431 0.0000000000
37487  41.126  -34.330  26.087 0.0000000000
115893  41.562  -33.643  26.509 0.0000000000
35746  37.609  -35.832  33.602 0.0000000000
35760  38.912  -35.755  32.792 0.0000000000
35773  39.831  -35.708  31.388 0.0000000000
35758  40.566  -35.572  32.420 0.0000000000
35787  40.500  -35.624  30.784 0.0000000000
36657  41.762  -34.595  28.842 0.0000000000
37468  42.147  -33.685  28.388 0.0000000000
38233  41.837  -32.794  26.933 0.0000000000
111016  42.661  -31.279  27.784 0.0000000000
39821  42.573  -30.368  28.139 0.0000000000
40610  42.094  -29.476  28.541 0.0000000000
38950  43.473  -31.993  31.706 0.0000000000
39808  42.897  -30.355  30.664 0.0000000000
115434  42.300  -28.702  29.814 0.0000000000
41384  41.960  -27.895  30.246 0.0000000000
120708  53.512  -8.026  8.498 0.0000000000
57963  54.868  -9.240  8.847 0.0000000000
57154  55.812  -10.619  9.204 0.0000000000
56214  56.738  -11.636  10.098 0.0000000000
55256  57.517  -12.347  11.525 0.0000000000
54381  56.848  -13.689  12.621 0.0000000000
54380  57.676  -13.428  12.709 0.0000000000
54379  58.406  -13.000  12.829 0.0000000000
55226  59.479  -12.997  14.198 0.0000000000
22332  27.825  -50.475  35.560 0.0000000000
18509  14.624  -55.435  32.046 0.0000000000
43954  43.308  -25.839  28.971 0.0000000000
32491  30.501  -40.301  28.735 0.0000000000
31539  30.380  -40.855  29.293 0.0000000000
25105  26.088  -47.511  26.658 0.0000000000
26015  26.436  -46.644  26.409 0.0000000000
111911  26.799  -47.240  27.027 0.0000000000
122172  21.980  -54.593  32.327 0.0000000000
18486  22.879  -55.011  33.620 0.0000000000
54304  54.096  -13.701  16.948 0.0000000000
54305  53.269  -13.757  16.853 0.0000000000
49263  52.330  -19.655  22.482 0.0000000000
106404  52.379  -19.499  23.348 0.0000000000
47498  45.372  -22.089  18.843 0.0000000000
46632  46.067  -22.331  19.369 0.0000000000
39066  40.863  -31.856  24.340 0.0000000000
107516  41.372  -31.055  24.851 0.0000000000
34926  35.931  -36.311  32.855 0.0000000000
54330  52.895  -13.452  15.502 0.0000000000
54329  53.477  -13.282  15.954 0.0000000000
59704  55.712  -7.550  8.482 0.0000000000
107771  55.316  -8.421  8.605 0.0000000000
28813  26.944  -44.149  32.836 0.0000000000
28826  26.988  -43.348  32.507 0.0000000000
27861  27.319  -44.441  33.576 0.0000000000
122544  48.966  -13.809  14.816 0.0000000000
54320  50.054  -13.971  15.888 0.0000000000
54321  49.215  -13.884  15.972 0.0000000000
119830  49.960  -18.017  16.791 0.0000000000
50158  49.633  -18.612  17.161 0.0000000000
50145  50.092  -19.039  17.773 0.0000000000
44016  45.871  -26.201  23.365 0.0000000000
17643  10.803  -55.020  31.759 0.0000000000
46646  42.168  -23.193  17.739 0.0000000000
44928  42.468  -24.777  17.997 0.0000000000
42264  41.732  -28.016  21.617 0.0000000000
42252  42.208  -27.957  22.429 0.0000000000
103438  41.882  -26.735  22.947 0.0000000000
33393  33.482  -39.487  29.510 0.0000000000
33388  34.077  -39.421  30.327 0.0000000000
32466  34.213  -39.937  30.842 0.0000000000
29727  30.084  -42.480  34.462 0.0000000000
30599  30.772  -42.037  34.763 0.0000000000
24209  25.469  -48.536  32.686 0.0000000000
24201  25.035  -49.231  33.225 0.0000000000
24210  24.824  -48.948  32.314 0.0000000000
116360  24.079  -51.228  29.452 0.0000000000
22383  23.893  -51.280  30.318 0.0000000000
21490  23.954  -52.009  29.961 0.0000000000
108490  20.093  -52.184  27.377 0.0000000000
20554  19.341  -52.825  28.607 0.0000000000
29811  27.696  -43.383  26.631 0.0000000000
29821  27.833  -42.715  26.296 0.0000000000
29810  28.276  -42.941  27.170 0.0000000000
105668  28.000  -43.742  28.676 0.0000000000
25066  25.970  -47.821  31.483 0.0000000000
118950  24.700  -52.740  35.550 0.0000000000
16761  12.107  -57.065  36.653 0.0000000000
15960  12.551  -57.516  37.099 0.0000000000
114305  58.353  -13.343  16.514 0.0000000000
54300  58.088  -13.803  17.077 0.0000000000
51786  57.836  -16.656  20.220 0.0000000000
50963  57.492  -18.109  21.239 0.0000000000
123334  53.609  -18.024  18.132 0.0000000000
50988  54.200  -17.822  18.468 0.0000000000
48381  48.641  -21.165  19.937 0.0000000000
107057  49.485  -20.651  20.142 0.0000000000
45738  47.570  -23.517  24.232 0.0000000000
42253  38.871  -27.131  22.522 0.0000000000
41403  41.662  -28.130  27.007 0.0000000000
42207  40.742  -27.244  25.957 0.0000000000
114520  41.937  -27.578  27.599 0.0000000000
41395  42.125  -28.315  28.297 0.0000000000
35836  34.472  -35.929  27.296 0.0000000000
35835  35.325  -36.018  27.372 0.0000000000
35817  38.796  -35.998  28.568 0.0000000000
35802  39.546  -35.824  29.184 0.0000000000
35801  40.264  -35.605  29.824 0.0000000000
36598  42.784  -34.654  33.095 0.0000000000
36623  42.635  -34.375  31.105 0.0000000000
37435  43.081  -33.864  31.817 0.0000000000
115056  42.946  -33.329  31.032 0.0000000000
38167  43.374  -32.934  31.674 0.0000000000
55269  53.580  -12.259  10.753 0.0000000000
56217  54.012  -11.669  10.261 0.0000000000
55268  54.486  -12.163  10.864 0.0000000000
55267  55.409  -12.164  10.988 0.0000000000
111106  54.858  -12.702  11.270 0.0000000000
55207  56.885  -12.639  16.140 0.0000000000
55216  57.266  -12.643  15.324 0.0000000000
58841  60.845  -8.148  8.682 0.0000000000
58834  61.370  -8.365  9.258 0.0000000000
57948  61.924  -8.945  9.764 0.0000000000
56204  59.046  -11.666  11.505 0.0000000000
56203  60.110  -11.335  11.826 0.0000000000
56196  59.565  -11.891  12.355 0.0000000000
55247  58.694  -12.286  12.318 0.0000000000
109463  26.517  -47.449  34.553 0.0000000000
104515  26.720  -46.710  34.848 0.0000000000
25936  26.762  -47.294  35.183 0.0000000000
120213  16.510  -54.310  31.879 0.0000000000
114324  16.179  -54.728  32.125 0.0000000000
17587  16.122  -55.577  35.980 0.0000000000
16769  15.543  -55.990  36.529 0.0000000000
52621  47.382  -16.051  15.429 0.0000000000
51826  48.125  -16.461  16.000 0.0000000000
104945  44.156  -26.443  26.032 0.0000000000
43990  44.665  -26.425  25.658 0.0000000000
103831  44.671  -25.973  27.468 0.0000000000
18510  9.104  -54.476  32.422 0.0000000000
18511  8.270  -54.317  33.090 0.0000000000
18494  7.470  -54.168  33.888 0.0000000000
34225  31.145  -37.849  26.983 0.0000000000
32490  31.198  -39.848  29.035 0.0000000000
32489  31.625  -39.459  29.216 0.0000000000
32479  31.867  -40.081  29.647 0.0000000000
24249  25.434  -49.228  28.164 0.0000000000
125110  24.989  -48.934  28.887 0.0000000000
23337  24.308  -50.161  29.285 0.0000000000
28891  26.660  -44.280  25.848 0.0000000000
28890  27.160  -43.730  26.213 0.0000000000
120641  27.475  -45.070  26.873 0.0000000000
124847  26.081  -47.649  29.971 0.0000000000
18481  23.409  -54.585  34.136 0.0000000000
54314  55.537  -13.094  16.627 0.0000000000
53435  55.616  -15.366  17.799 0.0000000000
112881  56.029  -16.071  18.170 0.0000000000
121363  55.561  -16.442  18.665 0.0000000000
49287  53.502  -20.305  20.286 0.0000000000
48403  45.809  -20.692  17.967 0.0000000000
47496  46.750  -21.819  19.513 0.0000000000
48392  46.673  -21.067  19.164 0.0000000000
46624  48.230  -22.532  20.349 0.0000000000
41465  39.275  -28.705  22.162 0.0000000000
40641  41.373  -29.435  25.164 0.0000000000
40633  41.370  -29.649  26.102 0.0000000000
111193  41.510  -28.879  26.537 0.0000000000
40622  41.639  -29.941  26.972 0.0000000000
34954  35.748  -36.662  30.553 0.0000000000
116155  37.080  -36.542  31.353 0.0000000000
35775  38.088  -36.302  31.156 0.0000000000
54386  51.491  -13.690  12.433 0.0000000000
54385  52.788  -13.629  12.516 0.0000000000
54384  53.615  -13.676  12.654 0.0000000000
54383  54.719  -13.720  12.713 0.0000000000
55230  55.244  -13.015  15.140 0.0000000000
55208  55.962  -12.650  16.238 0.0000000000
103866  57.240  -8.133  8.442 0.0000000000
58843  58.732  -8.635  8.243 0.0000000000
57163  58.517  -9.516  8.589 0.0000000000
118643  57.453  -10.694  8.853 0.0000000000
124919  58.271  -11.318  10.009 0.0000000000
56222  57.140  -11.263  9.365 0.0000000000
29771  28.236  -42.400  30.505 0.0000000000
30637  28.978  -41.912  30.878 0.0000000000
122299  28.407  -42.326  31.338 0.0000000000
28811  28.150  -43.321  33.508 0.0000000000
107996  28.562  -42.798  32.971 0.0000000000
29736  28.915  -42.956  33.759 0.0000000000
18488  20.514  -55.472  32.945 0.0000000000
18489  19.954  -55.453  32.966 0.0000000000
120564  20.018  -56.930  34.597 0.0000000000
17616  17.342  -55.148  34.622 0.0000000000
117353  17.919  -55.117  34.149 0.0000000000
54331  51.474  -14.024  15.476 0.0000000000
53457  51.560  -14.339  16.591 0.0000000000
53450  51.221  -14.923  16.637 0.0000000000
52613  51.642  -15.458  17.101 0.0000000000
51818  51.469  -16.460  17.035 0.0000000000
53460  48.969  -14.282  16.106 0.0000000000
106475  49.488  -15.048  16.053 0.0000000000
52619  49.600  -15.945  16.194 0.0000000000
50997  51.245  -17.845  17.171 0.0000000000
50996  52.105  -17.777  17.456 0.0000000000
50143  51.827  -19.135  18.059 0.0000000000
49300  51.885  -19.730  19.164 0.0000000000
49277  51.844  -19.693  20.978 0.0000000000
103319  51.246  -19.706  20.497 0.0000000000
44906  46.106  -24.859  20.471 0.0000000000
44905  46.802  -24.834  20.896 0.0000000000
44041  46.383  -25.259  21.153 0.0000000000
44001  46.306  -25.509  23.781 0.0000000000
44886  46.999  -25.070  22.511 0.0000000000
45749  47.334  -24.305  23.823 0.0000000000
43989  45.291  -25.863  25.873 0.0000000000
45720  45.745  -24.129  26.701 0.0000000000
45710  46.159  -23.051  27.266 0.0000000000
125253  40.532  -33.627  23.886 0.0000000000
38289  40.540  -32.704  23.688 0.0000000000
37510  40.721  -34.004  24.495 0.0000000000
54388  49.749  -13.468  12.549 0.0000000000
109545  50.656  -13.681  13.994 0.0000000000
18524  12.255  -54.838  30.949 0.0000000000
17641  12.624  -55.525  31.499 0.0000000000
17630  12.114  -55.826  32.201 0.0000000000
16808  10.825  -56.345  32.853 0.0000000000
16799  11.630  -56.699  33.538 0.0000000000
16789  11.240  -56.809  34.674 0.0000000000
122675  11.816  -56.908  35.014 0.0000000000
17621  9.121  -55.205  33.612 0.0000000000
123196  9.566  -55.655  33.298 0.0000000000
48405  44.049  -21.008  17.439 0.0000000000
47508  43.941  -21.845  17.698 0.0000000000
122052  42.816  -23.091  18.079 0.0000000000
46644  43.462  -22.609  18.045 0.0000000000
46643  44.231  -22.453  18.143 0.0000000000
45793  44.141  -23.099  18.425 0.0000000000
45784  44.105  -23.933  18.646 0.0000000000
44055  44.394  -25.582  19.484 0.0000000000
44043  44.521  -26.186  20.179 0.0000000000
43131  45.089  -26.345  21.026 0.0000000000
106768  44.389  -26.817  20.731 0.0000000000
124780  42.042  -26.310  18.864 0.0000000000
107596  42.684  -26.143  19.090 0.0000000000
43160  42.601  -26.799  19.701 0.0000000000
42251  43.075  -27.920  22.348 0.0000000000
42262  43.469  -27.752  21.581 0.0000000000
42250  43.880  -27.656  22.172 0.0000000000
43119  44.541  -27.234  22.471 0.0000000000
43083  44.162  -26.867  24.230 0.0000000000
43105  43.561  -27.199  23.666 0.0000000000
43071  42.882  -26.385  25.231 0.0000000000
120695  43.032  -25.797  26.905 0.0000000000
43980  42.098  -26.274  26.859 0.0000000000
35849  33.313  -35.433  26.482 0.0000000000
35837  33.590  -35.772  27.325 0.0000000000
34984  32.032  -36.838  28.187 0.0000000000
34970  33.076  -37.117  29.193 0.0000000000
34969  33.736  -36.906  29.371 0.0000000000
34968  34.494  -36.792  29.575 0.0000000000
34956  33.977  -37.124  30.123 0.0000000000
34188  34.476  -38.074  31.820 0.0000000000
34187  34.626  -37.228  32.486 0.0000000000
30636  29.719  -41.707  31.215 0.0000000000
31530  30.521  -41.487  30.699 0.0000000000
30635  30.517  -41.623  31.470 0.0000000000
30614  31.581  -41.674  32.672 0.0000000000
31505  31.361  -41.469  31.722 0.0000000000
31504  32.142  -41.268  31.943 0.0000000000
31493  32.638  -41.071  32.658 0.0000000000
31482  33.441  -40.818  34.836 0.0000000000
31483  32.850  -41.240  34.574 0.0000000000
107672  33.317  -40.702  34.055 0.0000000000
31491  33.310  -40.504  33.157 0.0000000000
32449  33.986  -39.889  32.763 0.0000000000
32442  33.847  -40.079  33.713 0.0000000000
124665  34.638  -39.105  34.096 0.0000000000
34167  34.976  -37.967  34.369 0.0000000000
23290  26.527  -49.900  34.700 0.0000000000
22345  26.174  -51.753  33.367 0.0000000000
22346  25.475  -51.581  33.481 0.0000000000
21442  24.723  -51.941  33.710 0.0000000000
23321  24.350  -49.526  31.832 0.0000000000
23322  23.913  -50.153  31.383 0.0000000000
22368  24.018  -50.938  32.682 0.0000000000
21464  23.915  -51.780  33.065 0.0000000000
21455  24.135  -52.140  33.785 0.0000000000
20497  23.718  -52.584  33.607 0.0000000000
20507  23.562  -52.518  32.481 0.0000000000
20508  22.983  -53.260  31.904 0.0000000000
123442  22.583  -53.576  31.376 0.0000000000
23367  23.094  -49.862  26.166 0.0000000000
23366  23.997  -49.861  26.255 0.0000000000
22423  23.608  -50.333  26.509 0.0000000000
22398  24.042  -51.040  27.873 0.0000000000
22409  23.679  -50.899  26.984 0.0000000000
107694  20.966  -49.773  25.960 0.0000000000
22425  21.030  -50.531  26.222 0.0000000000
21503  22.021  -52.498  27.511 0.0000000000
21502  22.949  -52.132  27.956 0.0000000000
20537  22.917  -52.975  29.167 0.0000000000
20538  22.032  -53.119  28.949 0.0000000000
19504  20.790  -53.638  29.684 0.0000000000
19489  21.440  -53.769  30.309 0.0000000000
18519  20.825  -54.384  31.738 0.0000000000
19491  19.114  -53.563  30.319 0.0000000000
19479  18.665  -53.542  31.228 0.0000000000
19492  18.236  -53.139  30.532 0.0000000000
21492  17.639  -52.154  28.461 0.0000000000
20542  16.834  -52.364  29.576 0.0000000000
108082  16.962  -52.712  30.241 0.0000000000
19493  17.482  -52.971  30.721 0.0000000000
19494  16.607  -53.068  30.808 0.0000000000
19495  15.166  -53.165  30.544 0.0000000000
19496  14.386  -53.457  30.422 0.0000000000
109758  12.937  -53.473  30.256 0.0000000000
18532  12.807  -54.296  30.449 0.0000000000
33421  30.189  -38.440  25.857 0.0000000000
32513  29.866  -39.433  27.186 0.0000000000
32538  28.568  -40.080  24.530 0.0000000000
33428  29.076  -39.142  24.684 0.0000000000
30688  28.508  -42.035  27.311 0.0000000000
30687  28.814  -41.386  27.318 0.0000000000
104913  29.253  -40.996  27.754 0.0000000000
30661  29.116  -41.895  29.075 0.0000000000
30662  28.687  -42.352  28.773 0.0000000000
29788  27.400  -43.357  29.670 0.0000000000
115871  27.840  -42.746  29.837 0.0000000000
29773  26.956  -43.443  30.527 0.0000000000
26943  26.771  -45.418  29.546 0.0000000000
27892  26.950  -44.708  29.280 0.0000000000
25959  26.543  -46.259  31.731 0.0000000000
125299  26.547  -45.680  31.180 0.0000000000
112480  26.674  -45.351  31.747 0.0000000000
119497  25.982  -48.525  33.814 0.0000000000
24193  26.132  -49.106  34.317 0.0000000000
20483  26.838  -52.342  36.014 0.0000000000
17599  21.875  -56.804  33.558 0.0000000000
16782  21.356  -56.939  33.567 0.0000000000
107106  14.179  -56.174  33.525 0.0000000000
16797  13.625  -56.640  34.030 0.0000000000
16759  14.245  -57.125  36.092 0.0000000000
15958  14.388  -57.471  36.238 0.0000000000
15957  15.301  -57.081  36.603 0.0000000000
15101  14.541  -57.894  36.395 0.0000000000
52600  57.898  -15.859  18.673 0.0000000000
51785  58.665  -16.189  20.195 0.0000000000
52611  53.220  -14.921  17.329 0.0000000000
53437  53.935  -15.038  17.509 0.0000000000
51802  54.865  -17.176  18.967 0.0000000000
51788  55.606  -17.682  19.366 0.0000000000
51801  55.606  -16.877  19.098 0.0000000000
121088  54.947  -19.951  20.687 0.0000000000
50120  57.010  -18.898  21.749 0.0000000000
51011  46.426  -17.622  16.086 0.0000000000
51828  46.132  -16.884  15.571 0.0000000000
50178  47.317  -17.986  16.413 0.0000000000
108652  47.999  -19.703  18.374 0.0000000000
49313  48.712  -19.489  18.504 0.0000000000
49312  49.656  -19.276  18.687 0.0000000000
48373  50.566  -20.608  21.380 0.0000000000
49278  51.275  -20.097  21.450 0.0000000000
49265  51.018  -20.546  22.315 0.0000000000
44904  47.423  -24.508  21.053 0.0000000000
45762  48.149  -23.919  21.330 0.0000000000
46611  48.771  -22.612  21.893 0.0000000000
46619  48.737  -22.695  20.921 0.0000000000
47458  49.036  -22.010  24.406 0.0000000000
48364  49.365  -21.848  23.300 0.0000000000
48363  50.093  -21.671  22.718 0.0000000000
43149  38.820  -26.682  20.843 0.0000000000
43135  39.638  -26.695  21.610 0.0000000000
43134  40.469  -26.985  21.102 0.0000000000
41434  40.015  -27.727  24.003 0.0000000000
42216  40.047  -27.188  24.693 0.0000000000
43062  40.569  -27.060  25.710 0.0000000000
43073  40.198  -27.093  25.133 0.0000000000
43087  40.286  -26.882  24.775 0.0000000000
109694  40.641  -26.697  23.809 0.0000000000
114382  41.028  -26.765  25.359 0.0000000000
43040  40.958  -26.160  28.013 0.0000000000
43957  41.080  -25.954  27.776 0.0000000000
43039  41.361  -25.982  28.235 0.0000000000
43956  41.387  -25.905  28.156 0.0000000000
43032  41.800  -26.306  29.197 0.0000000000
35819  36.698  -36.206  28.033 0.0000000000
35844  38.214  -35.596  26.649 0.0000000000
36681  38.865  -35.220  26.098 0.0000000000
36680  39.808  -35.196  26.271 0.0000000000
36669  40.838  -35.053  27.387 0.0000000000
36679  40.705  -34.930  26.553 0.0000000000
37475  41.375  -34.455  26.942 0.0000000000
37486  41.339  -33.587  25.707 0.0000000000
35716  37.698  -36.593  35.325 0.0000000000
35730  37.883  -36.075  34.846 0.0000000000
35728  39.235  -35.429  34.391 0.0000000000
35745  38.468  -35.566  33.694 0.0000000000
114375  39.336  -35.833  32.040 0.0000000000
35759  39.774  -35.687  32.676 0.0000000000
35757  41.398  -35.510  32.037 0.0000000000
36613  41.232  -35.199  32.951 0.0000000000
35772  40.617  -35.648  31.623 0.0000000000
36635  41.270  -35.374  30.195 0.0000000000
36647  41.943  -34.878  29.685 0.0000000000
37456  42.490  -33.337  29.063 0.0000000000
37457  42.280  -34.112  29.285 0.0000000000
38216  42.327  -32.783  27.699 0.0000000000
39020  42.350  -31.984  27.219 0.0000000000
110862  42.806  -32.034  27.828 0.0000000000
113013  42.924  -31.961  29.952 0.0000000000
38995  42.566  -31.112  28.661 0.0000000000
112903  42.635  -31.138  29.466 0.0000000000
39816  42.191  -30.372  29.045 0.0000000000
39809  42.591  -30.339  29.825 0.0000000000
38166  43.644  -32.602  32.553 0.0000000000
123503  43.628  -31.724  32.406 0.0000000000
39797  43.212  -30.396  31.494 0.0000000000
40602  42.665  -29.502  30.213 0.0000000000
41383  42.666  -28.612  30.679 0.0000000000
60548  52.362  -6.536  8.673 0.0000000000
55271  51.890  -12.274  10.993 0.0000000000
57954  53.749  -10.182  9.041 0.0000000000
57964  53.932  -9.496  8.765 0.0000000000
57953  54.473  -10.035  9.120 0.0000000000
57952  55.348  -9.924  9.074 0.0000000000
55257  56.314  -12.065  10.846 0.0000000000
56206  57.177  -11.976  10.791 0.0000000000
54368  55.522  -13.874  13.578 0.0000000000
112791  55.890  -13.798  12.667 0.0000000000
54367  56.497  -13.917  13.431 0.0000000000
54347  57.716  -13.428  13.842 0.0000000000
54366  57.348  -13.712  13.303 0.0000000000
54365  58.082  -13.360  13.309 0.0000000000
55239  58.902  -12.897  13.490 0.0000000000
121705  59.556  -13.048  15.654 0.0000000000
104653  58.168  -7.077  7.552 0.0000000000
60543  57.694  -6.629  7.438 0.0000000000
105660  59.657  -10.303  9.590 0.0000000000
23283  27.214  -49.587  35.549 0.0000000000
18508  15.523  -55.005  32.082 0.0000000000
17627  15.275  -55.237  32.822 0.0000000000
118779  14.839  -55.891  33.891 0.0000000000
43965  43.616  -25.893  27.589 0.0000000000
33408  30.556  -39.216  27.532 0.0000000000
33407  31.071  -38.916  27.934 0.0000000000
32502  30.925  -39.581  28.252 0.0000000000
25091  26.203  -47.869  28.514 0.0000000000
25092  25.946  -48.593  27.848 0.0000000000
24256  25.370  -49.117  27.302 0.0000000000
27928  26.230  -44.975  25.532 0.0000000000
26965  27.279  -45.867  26.754 0.0000000000
26000  27.065  -46.632  27.195 0.0000000000
19457  23.100  -54.097  33.361 0.0000000000
17598  22.988  -55.782  33.844 0.0000000000
122101  22.521  -56.608  33.715 0.0000000000
54315  54.633  -13.341  16.466 0.0000000000
54303  55.027  -13.912  16.743 0.0000000000
53436  54.740  -15.212  17.700 0.0000000000
103684  53.072  -19.937  21.116 0.0000000000
104870  53.015  -19.230  22.936 0.0000000000
48404  44.887  -20.738  17.709 0.0000000000
47497  46.014  -21.568  19.061 0.0000000000
39868  40.447  -30.662  23.296 0.0000000000
40665  40.667  -29.906  24.004 0.0000000000
39856  41.287  -30.143  24.628 0.0000000000
34937  36.493  -36.354  32.133 0.0000000000
34925  36.995  -36.178  32.958 0.0000000000
54370  52.147  -13.843  13.848 0.0000000000
116495  52.127  -13.887  12.940 0.0000000000
110924  53.821  -13.627  14.251 0.0000000000
54328  53.808  -13.349  15.326 0.0000000000
55210  54.265  -13.201  16.030 0.0000000000
57961  56.871  -9.222  8.558 0.0000000000
57960  57.663  -9.863  8.590 0.0000000000
57951  56.252  -10.005  8.757 0.0000000000
29745  28.178  -42.530  32.124 0.0000000000
29759  27.173  -42.799  32.032 0.0000000000
28797  27.849  -43.949  34.003 0.0000000000
18490  19.088  -55.182  33.201 0.0000000000
17615  18.795  -55.541  34.168 0.0000000000
17586  17.017  -55.821  35.934 0.0000000000
17585  18.053  -56.078  35.464 0.0000000000
54319  51.112  -14.396  15.830 0.0000000000
52618  50.342  -15.297  16.089 0.0000000000
51825  48.960  -16.443  16.284 0.0000000000
51008  49.757  -17.059  16.459 0.0000000000
50144  50.975  -19.126  17.814 0.0000000000
49301  50.485  -19.351  19.202 0.0000000000
44032  46.244  -25.686  21.718 0.0000000000
119770  46.110  -25.279  24.530 0.0000000000
44848  45.467  -24.904  27.451 0.0000000000
18525  11.333  -54.436  31.101 0.0000000000
44927  43.308  -24.351  18.426 0.0000000000
44056  43.614  -25.719  19.157 0.0000000000
43146  42.013  -27.338  20.094 0.0000000000
42263  42.585  -27.958  21.674 0.0000000000
43085  42.451  -26.619  24.437 0.0000000000
110529  41.902  -26.566  25.064 0.0000000000
34212  32.143  -38.095  29.197 0.0000000000
34971  32.379  -37.265  28.942 0.0000000000
34204  33.752  -38.646  29.338 0.0000000000
34203  34.111  -38.010  30.105 0.0000000000
33381  34.353  -38.810  31.994 0.0000000000
30616  29.953  -42.173  32.788 0.0000000000
30615  30.719  -42.044  33.130 0.0000000000
112221  31.308  -41.890  33.479 0.0000000000
31475  33.724  -40.888  35.569 0.0000000000
24200  25.674  -49.239  33.722 0.0000000000
23301  25.292  -49.969  33.584 0.0000000000
22377  23.757  -50.960  31.081 0.0000000000
22412  20.135  -50.861  26.611 0.0000000000
22411  21.029  -51.211  26.663 0.0000000000
21519  20.555  -51.665  27.026 0.0000000000
21504  20.979  -52.427  27.419 0.0000000000
20552  21.500  -53.058  28.066 0.0000000000
20539  21.066  -53.169  28.947 0.0000000000
19505  19.908  -53.756  29.856 0.0000000000
20540  19.262  -53.256  29.420 0.0000000000
33422  29.688  -39.191  25.596 0.0000000000
31579  28.182  -41.075  25.794 0.0000000000
112807  28.203  -42.204  26.658 0.0000000000
30676  28.616  -42.677  28.028 0.0000000000
28847  26.896  -43.990  29.843 0.0000000000
25960  26.232  -47.037  31.164 0.0000000000
25950  26.376  -47.201  32.034 0.0000000000
25057  26.366  -47.415  32.952 0.0000000000
16772  12.410  -56.916  35.283 0.0000000000
16760  13.000  -57.275  36.423 0.0000000000
15959  13.382  -57.670  36.657 0.0000000000
110133  57.337  -16.515  18.870 0.0000000000
50962  58.273  -17.770  21.470 0.0000000000
51810  53.482  -16.448  17.905 0.0000000000
50136  55.156  -18.671  19.224 0.0000000000
105152  54.907  -20.013  22.064 0.0000000000
122125  47.213  -20.577  19.154 0.0000000000
48401  47.447  -19.994  18.750 0.0000000000
119865  49.948  -20.847  20.802 0.0000000000
44879  47.573  -24.489  22.917 0.0000000000
45756  48.055  -23.866  22.387 0.0000000000
48342  50.167  -21.394  24.414 0.0000000000
103490  38.838  -26.798  21.937 0.0000000000
41414  40.639  -27.763  25.532 0.0000000000
121125  41.015  -26.995  26.412 0.0000000000
43061  41.187  -26.803  26.415 0.0000000000
42191  41.628  -26.593  27.699 0.0000000000
117880  41.797  -26.937  29.017 0.0000000000
35804  37.947  -36.221  29.257 0.0000000000
35818  37.757  -36.153  28.270 0.0000000000
35831  39.407  -35.821  27.717 0.0000000000
36659  40.207  -35.523  27.897 0.0000000000
36658  40.787  -35.073  28.122 0.0000000000
35715  38.531  -36.095  35.550 0.0000000000
104011  39.115  -35.783  36.092 0.0000000000
35714  39.182  -35.709  35.277 0.0000000000
36587  39.881  -35.345  35.163 0.0000000000
36624  42.124  -35.160  31.590 0.0000000000
36634  42.018  -35.015  30.629 0.0000000000
37444  42.629  -33.551  29.726 0.0000000000
38192  42.719  -32.718  29.417 0.0000000000
38181  42.860  -32.921  30.234 0.0000000000
124732  42.997  -31.632  30.566 0.0000000000
55270  52.601  -12.224  10.706 0.0000000000
56226  53.589  -11.219  9.671 0.0000000000
56225  54.457  -11.189  9.748 0.0000000000
56224  55.354  -11.169  9.720 0.0000000000
111353  56.058  -12.675  11.312 0.0000000000
55228  56.715  -12.840  14.815 0.0000000000
55227  57.587  -13.023  14.548 0.0000000000
55215  58.195  -12.876  15.107 0.0000000000
59701  59.156  -7.931  7.502 0.0000000000
111768  59.870  -8.349  7.613 0.0000000000
56211  59.799  -10.994  11.050 0.0000000000
27846  27.157  -45.238  33.927 0.0000000000
26907  26.851  -45.979  34.378 0.0000000000
26898  26.996  -46.059  35.262 0.0000000000
19466  17.164  -53.982  31.981 0.0000000000
18493  16.096  -54.938  33.027 0.0000000000
17603  16.738  -55.398  35.236 0.0000000000
16768  16.252  -56.067  36.513 0.0000000000
16756  16.300  -56.697  36.591 0.0000000000
53461  48.263  -14.709  15.683 0.0000000000
43978  45.186  -25.774  27.298 0.0000000000
44840  45.125  -25.429  28.050 0.0000000000
17644  9.885  -54.911  31.960 0.0000000000
118339  8.512  -53.918  32.623 0.0000000000
116255  8.081  -55.089  34.968 0.0000000000
43147  41.262  -27.293  19.607 0.0000000000
42278  41.298  -27.647  20.694 0.0000000000
120561  41.029  -27.577  21.516 0.0000000000
34985  31.531  -37.306  27.668 0.0000000000
121273  31.513  -38.181  28.840 0.0000000000
33394  32.274  -39.223  29.270 0.0000000000
32478  32.693  -40.057  29.550 0.0000000000
24230  25.477  -48.373  30.972 0.0000000000
24231  24.764  -48.822  30.333 0.0000000000
23336  24.537  -49.157  29.437 0.0000000000
117512  24.187  -49.514  30.040 0.0000000000
22390  24.236  -50.914  28.686 0.0000000000
22413  19.366  -50.657  27.071 0.0000000000
28880  27.664  -44.026  27.056 0.0000000000
28870  27.833  -44.259  28.087 0.0000000000
26953  27.045  -45.405  28.688 0.0000000000
26944  26.770  -46.189  28.915 0.0000000000
26954  27.107  -46.078  27.945 0.0000000000
25073  25.970  -47.726  30.675 0.0000000000
54301  57.093  -13.715  17.196 0.0000000000
53445  56.813  -14.542  17.568 0.0000000000
120424  56.059  -14.775  17.512 0.0000000000
52601  56.948  -16.049  18.309 0.0000000000
120770  56.398  -17.059  19.541 0.0000000000
49308  53.221  -19.668  18.559 0.0000000000
49307  54.018  -19.447  18.627 0.0000000000
48372  54.213  -20.322  20.734 0.0000000000
103606  54.178  -19.919  22.037 0.0000000000
48402  46.646  -20.473  18.472 0.0000000000
47485  48.757  -21.977  20.516 0.0000000000
46580  46.909  -22.756  25.823 0.0000000000
41451  39.280  -27.688  22.679 0.0000000000
40642  40.817  -28.595  24.987 0.0000000000
40650  40.890  -29.380  24.590 0.0000000000
118847  42.352  -28.964  27.835 0.0000000000
34980  35.134  -36.557  28.853 0.0000000000
35820  35.702  -36.240  28.142 0.0000000000
34953  36.674  -36.582  30.594 0.0000000000
34965  37.270  -36.468  29.898 0.0000000000
35790  38.077  -36.286  30.162 0.0000000000
54395  51.835  -13.210  11.862 0.0000000000
54394  52.569  -13.307  11.849 0.0000000000
54392  54.763  -13.205  11.781 0.0000000000
54350  54.599  -13.367  14.808 0.0000000000
106119  55.330  -13.459  14.512 0.0000000000
55229  55.885  -12.880  15.009 0.0000000000
59702  57.618  -7.384  8.007 0.0000000000
57949  61.109  -9.168  9.659 0.0000000000
57152  58.274  -10.419  8.905 0.0000000000
57146  58.852  -10.800  9.581 0.0000000000
56205  58.102  -11.746  10.860 0.0000000000
30660  29.855  -41.490  29.394 0.0000000000
29735  29.384  -42.585  33.235 0.0000000000
124846  29.575  -42.699  33.896 0.0000000000
27845  27.707  -44.750  34.325 0.0000000000
28792  28.349  -44.352  34.699 0.0000000000
124874  28.719  -44.660  35.289 0.0000000000
28791  28.814  -43.975  35.199 0.0000000000
18502  21.321  -54.811  32.377 0.0000000000
17626  21.048  -55.477  32.937 0.0000000000
16783  20.609  -57.151  34.029 0.0000000000
17601  18.904  -56.014  35.061 0.0000000000
16766  18.809  -56.643  35.285 0.0000000000
16785  19.451  -56.773  34.959 0.0000000000
114260  52.210  -13.747  15.716 0.0000000000
123490  52.690  -13.828  16.796 0.0000000000
53456  52.137  -13.937  16.843 0.0000000000
52612  52.498  -15.284  17.316 0.0000000000
52605  52.758  -16.214  17.492 0.0000000000
51811  52.908  -17.153  17.532 0.0000000000
50989  52.995  -18.138  17.825 0.0000000000
51819  50.693  -16.725  16.681 0.0000000000
120940  51.636  -17.230  17.147 0.0000000000
50142  52.720  -19.068  18.110 0.0000000000
49299  52.728  -20.070  19.367 0.0000000000
45782  45.505  -23.741  19.342 0.0000000000
45781  46.161  -23.194  19.605 0.0000000000
110074  46.914  -24.315  20.443 0.0000000000
44870  45.674  -25.440  25.135 0.0000000000
44869  46.326  -24.623  25.124 0.0000000000
45727  46.685  -23.663  25.466 0.0000000000
46571  46.858  -22.588  26.771 0.0000000000
38250  41.371  -32.859  25.360 0.0000000000
34904  36.332  -37.596  34.295 0.0000000000
34903  36.626  -36.771  34.108 0.0000000000
34895  37.666  -37.253  36.007 0.0000000000
54387  50.580  -13.697  12.494 0.0000000000
118812  49.899  -13.613  13.893 0.0000000000
110103  51.443  -13.796  14.140 0.0000000000
60546  54.208  -6.595  8.585 0.0000000000
17640  13.585  -55.634  31.642 0.0000000000
109254  13.004  -56.037  32.251 0.0000000000
16798  12.695  -56.730  33.741 0.0000000000
16807  11.648  -56.212  32.721 0.0000000000
112870  9.947  -56.144  33.057 0.0000000000
16790  10.415  -56.054  34.914 0.0000000000
111656  10.727  -56.582  36.186 0.0000000000
15962  10.988  -57.194  37.070 0.0000000000
109080  44.614  -21.392  17.820 0.0000000000
46634  44.799  -22.659  18.583 0.0000000000
44915  45.450  -24.566  19.701 0.0000000000
44916  44.843  -25.012  19.326 0.0000000000
44033  45.729  -26.170  21.649 0.0000000000
43103  45.262  -26.747  22.896 0.0000000000
43144  43.838  -26.681  20.224 0.0000000000
43145  42.975  -27.160  20.372 0.0000000000
43132  44.411  -27.211  21.513 0.0000000000
43084  43.353  -26.775  24.426 0.0000000000
123165  43.590  -26.424  25.655 0.0000000000
43955  42.313  -25.885  28.678 0.0000000000
35848  34.081  -35.576  26.453 0.0000000000
34983  32.705  -36.627  28.494 0.0000000000
34991  33.103  -36.078  28.003 0.0000000000
34940  34.369  -37.344  30.783 0.0000000000
34939  34.702  -36.949  31.269 0.0000000000
34927  34.864  -36.767  31.978 0.0000000000
34914  35.028  -36.585  32.827 0.0000000000
34178  35.341  -37.515  34.000 0.0000000000
107911  30.575  -41.284  29.888 0.0000000000
31529  31.084  -40.889  30.217 0.0000000000
31528  31.546  -40.587  30.345 0.0000000000
122632  33.098  -40.571  30.800 0.0000000000
32459  33.926  -40.454  31.036 0.0000000000
30606  31.426  -41.863  34.162 0.0000000000
32458  34.294  -39.826  31.626 0.0000000000
112370  34.212  -39.081  32.670 0.0000000000
124946  34.359  -38.685  33.219 0.0000000000
32441  34.223  -39.624  34.442 0.0000000000
21424  26.922  -51.864  34.636 0.0000000000
21440  26.492  -52.088  33.829 0.0000000000
20485  25.272  -52.349  35.179 0.0000000000
123028  24.292  -52.699  35.164 0.0000000000
23310  24.495  -49.666  32.725 0.0000000000
22367  24.406  -50.417  33.046 0.0000000000
122918  24.332  -52.402  34.208 0.0000000000
19456  23.511  -53.370  34.102 0.0000000000
25106  25.038  -47.799  26.354 0.0000000000
24265  24.972  -48.760  26.536 0.0000000000
117138  24.252  -50.524  27.475 0.0000000000
120997  23.875  -51.713  28.455 0.0000000000
23368  21.962  -49.913  25.957 0.0000000000
22410  22.838  -51.160  26.947 0.0000000000
20536  23.584  -52.613  29.574 0.0000000000
20522  23.109  -53.233  29.939 0.0000000000
19488  22.334  -53.565  30.199 0.0000000000
18518  21.647  -54.285  31.687 0.0000000000
18520  19.951  -54.047  31.999 0.0000000000
19464  19.076  -53.824  32.068 0.0000000000
19465  18.088  -53.732  31.954 0.0000000000
21491  18.477  -52.512  28.333 0.0000000000
125123  17.353  -52.401  29.098 0.0000000000
112047  15.842  -52.935  30.535 0.0000000000
108081  15.834  -53.529  30.964 0.0000000000
18531  13.609  -54.570  30.624 0.0000000000
18533  12.021  -54.180  30.707 0.0000000000
19499  11.524  -53.670  30.731 0.0000000000
34232  30.972  -37.494  25.996 0.0000000000
34233  30.367  -37.489  25.489 0.0000000000
31552  29.791  -40.556  28.217 0.0000000000
32514  29.393  -39.878  26.483 0.0000000000
31578  28.767  -40.574  26.124 0.0000000000
112184  26.989  -43.014  31.349 0.0000000000
28827  26.791  -43.964  32.091 0.0000000000
27870  26.813  -44.782  32.315 0.0000000000
26935  26.608  -45.416  30.496 0.0000000000
110791  26.693  -44.616  30.856 0.0000000000
27879  26.730  -44.614  31.580 0.0000000000
116399  26.538  -46.799  33.844 0.0000000000
24192  26.614  -48.859  35.059 0.0000000000
17629  13.925  -55.946  32.575 0.0000000000
124726  13.820  -56.662  34.917 0.0000000000
16770  14.427  -56.488  35.653 0.0000000000
17588  15.228  -55.824  35.660 0.0000000000
122358  53.634  -14.318  17.175 0.0000000000
50973  57.157  -17.738  20.576 0.0000000000
49297  54.623  -19.503  19.128 0.0000000000
49285  55.629  -19.502  20.733 0.0000000000
50129  56.071  -18.858  20.385 0.0000000000
108224  46.665  -16.249  15.319 0.0000000000
50162  46.170  -18.757  16.851 0.0000000000
50161  47.013  -18.772  16.865 0.0000000000
49314  47.412  -19.615  17.944 0.0000000000
117862  47.448  -19.240  17.289 0.0000000000
50160  47.858  -18.761  16.874 0.0000000000
50159  48.744  -18.717  17.012 0.0000000000
49290  50.598  -19.670  20.046 0.0000000000
49264  51.568  -20.104  22.426 0.0000000000
46625  47.616  -23.041  20.195 0.0000000000
45771  48.258  -23.282  20.691 0.0000000000
46595  47.851  -22.752  24.544 0.0000000000
47459  48.454  -22.368  23.883 0.0000000000
46604  48.799  -22.113  22.974 0.0000000000
47467  49.599  -21.656  21.782 0.0000000000
42237  39.428  -27.102  22.982 0.0000000000
43108  39.625  -26.973  23.115 0.0000000000
105172  40.190  -26.818  23.042 0.0000000000
43107  41.021  -26.596  22.928 0.0000000000
43086  41.383  -26.618  24.414 0.0000000000
43968  41.355  -26.142  27.322 0.0000000000
43060  41.354  -26.433  26.815 0.0000000000
43947  41.787  -25.938  28.951 0.0000000000
120140  36.068  -35.996  27.510 0.0000000000
35833  37.520  -35.873  27.329 0.0000000000
35845  37.357  -35.594  26.473 0.0000000000
37498  40.356  -34.735  24.712 0.0000000000
36694  40.478  -34.795  25.689 0.0000000000
37497  40.884  -34.204  25.269 0.0000000000
111168  41.080  -33.533  25.071 0.0000000000
38249  41.646  -32.849  26.089 0.0000000000
35747  37.029  -36.208  33.823 0.0000000000
35761  37.966  -35.827  32.848 0.0000000000
109818  37.922  -35.693  34.199 0.0000000000
106562  38.486  -36.034  32.039 0.0000000000
35774  39.014  -35.884  31.276 0.0000000000
35788  39.629  -35.768  30.611 0.0000000000
36601  40.116  -35.241  34.228 0.0000000000
36600  40.986  -34.836  33.948 0.0000000000
35744  40.363  -35.398  33.283 0.0000000000
121214  40.012  -35.691  32.026 0.0000000000
36648  41.070  -35.045  29.325 0.0000000000
117154  41.069  -34.876  28.617 0.0000000000
37474  41.793  -33.661  27.409 0.0000000000
39048  41.590  -32.220  25.742 0.0000000000
39034  41.853  -32.041  26.427 0.0000000000
39835  41.756  -31.100  26.960 0.0000000000
39008  42.800  -31.769  28.348 0.0000000000
39825  42.096  -30.486  27.580 0.0000000000
38964  43.120  -31.258  31.083 0.0000000000
114115  43.441  -31.135  31.959 0.0000000000
40603  42.224  -29.565  29.377 0.0000000000
115016  41.951  -28.807  29.100 0.0000000000
41389  41.909  -27.868  29.280 0.0000000000
42177  41.829  -27.095  29.824 0.0000000000
41375  42.278  -27.805  30.786 0.0000000000
42170  41.941  -27.202  30.592 0.0000000000
59706  53.242  -7.174  8.585 0.0000000000
58846  54.287  -8.485  8.576 0.0000000000
56223  56.261  -11.223  9.536 0.0000000000
55249  56.241  -13.255  11.917 0.0000000000
55248  57.154  -13.031  12.085 0.0000000000
106927  57.918  -12.708  12.240 0.0000000000
55214  59.093  -12.997  14.930 0.0000000000
54345  59.981  -13.429  14.842 0.0000000000
16758  15.129  -56.575  36.493 0.0000000000
27914  27.325  -44.446  26.539 0.0000000000
29722  29.215  -43.463  34.991 0.0000000000
37533  40.083  -33.596  23.167 0.0000000000
38949  43.822  -31.850  33.118 0.0000000000
40617  41.979  -28.990  27.260 0.0000000000
44024  46.549  -25.576  22.268 0.0000000000
50981  54.846  -17.988  18.962 0.0000000000
61391  53.522  -5.438  8.817 0.0000000000
113288  10.804  -56.465  35.530 0.0000000000
118403  38.123  -36.533  35.887 0.0000000000
118933  36.700  -38.139  34.949 0.0000000000
119498  37.470  -35.934  34.228 0.0000000000
120139  27.312  -48.436  35.711 0.0000000000
122256  40.044  -27.079  24.559 0.0000000000
