#!ascii label  , from subject 001 vox2ras=TkReg
773
75621  45.751  11.693  13.417 0.0000000000
74860  44.963  11.894  2.323 0.0000000000
80614  45.861  17.621  1.335 0.0000000000
71843  43.141  6.726  -6.590 0.0000000000
73271  40.873  8.876  8.975 0.0000000000
81362  51.105  18.539  2.940 0.0000000000
75715  44.827  11.200  -3.906 0.0000000000
79833  38.841  16.193  1.548 0.0000000000
78248  49.278  14.803  5.709 0.0000000000
110603  45.202  12.955  7.855 0.0000000000
73315  42.792  8.557  3.880 0.0000000000
82161  42.310  20.202  -1.294 0.0000000000
77417  40.520  13.885  -0.355 0.0000000000
77412  49.422  13.858  -0.585 0.0000000000
78324  43.793  14.415  -3.826 0.0000000000
81359  40.749  18.633  3.073 0.0000000000
77350  47.618  13.726  9.547 0.0000000000
75630  45.465  11.952  10.912 0.0000000000
112645  42.055  8.680  6.043 0.0000000000
82906  46.892  20.533  0.018 0.0000000000
103379  44.982  21.870  0.238 0.0000000000
81384  44.507  19.045  -0.698 0.0000000000
80630  41.335  17.583  -1.379 0.0000000000
79082  42.366  15.396  1.571 0.0000000000
76533  47.070  12.925  3.790 0.0000000000
78270  48.529  15.074  2.805 0.0000000000
76554  47.426  12.611  1.269 0.0000000000
74179  44.061  10.000  -7.222 0.0000000000
77457  45.298  14.143  -5.341 0.0000000000
110642  42.883  11.654  -6.783 0.0000000000
75716  41.696  12.198  -3.641 0.0000000000
73388  42.375  8.526  -3.571 0.0000000000
70994  42.313  5.675  -1.253 0.0000000000
74040  44.010  8.995  14.828 0.0000000000
74813  43.611  10.372  11.552 0.0000000000
109963  48.310  18.013  1.398 0.0000000000
74107  44.184  9.373  0.582 0.0000000000
75694  45.768  11.801  -0.494 0.0000000000
73373  44.974  8.578  -2.672 0.0000000000
73401  45.737  8.702  -5.448 0.0000000000
123828  52.201  16.535  6.677 0.0000000000
78222  49.496  14.648  8.595 0.0000000000
117212  47.300  13.979  6.886 0.0000000000
75666  44.733  12.284  4.588 0.0000000000
74828  43.128  10.758  8.986 0.0000000000
75661  43.185  11.655  5.484 0.0000000000
74855  43.860  10.907  2.730 0.0000000000
72558  43.757  7.538  1.769 0.0000000000
73231  43.237  9.357  16.939 0.0000000000
84262  42.659  22.426  0.832 0.0000000000
82900  41.537  21.249  0.671 0.0000000000
81387  40.499  18.675  -0.389 0.0000000000
119885  39.020  16.161  -0.788 0.0000000000
75697  38.614  12.502  -0.365 0.0000000000
79810  50.465  16.814  3.915 0.0000000000
79819  49.210  16.291  2.408 0.0000000000
79078  47.542  15.987  0.566 0.0000000000
76582  47.578  12.558  -1.789 0.0000000000
78314  46.260  15.005  -2.358 0.0000000000
78290  45.178  14.769  0.150 0.0000000000
77437  42.446  13.305  -1.083 0.0000000000
76586  39.948  11.880  -1.985 0.0000000000
81354  40.830  18.672  3.968 0.0000000000
121109  41.015  20.037  2.887 0.0000000000
76490  46.497  13.007  11.548 0.0000000000
75624  45.612  11.960  12.600 0.0000000000
81382  46.982  19.153  0.099 0.0000000000
82151  45.339  19.558  -0.473 0.0000000000
110365  45.175  18.690  0.136 0.0000000000
81375  43.422  17.893  0.828 0.0000000000
111226  43.983  16.227  1.587 0.0000000000
76541  46.433  12.905  3.434 0.0000000000
76540  47.049  13.137  2.906 0.0000000000
122630  46.150  13.106  1.688 0.0000000000
73437  43.706  8.488  -7.290 0.0000000000
75749  43.918  11.608  -8.065 0.0000000000
113475  43.078  9.132  -6.554 0.0000000000
115013  42.619  9.573  -5.439 0.0000000000
72620  42.761  7.194  -5.530 0.0000000000
71808  42.593  6.063  -3.993 0.0000000000
71818  42.762  5.694  -5.056 0.0000000000
73255  42.033  9.317  13.429 0.0000000000
82897  49.541  20.816  1.436 0.0000000000
81369  49.967  18.744  1.825 0.0000000000
73348  44.848  8.339  -0.662 0.0000000000
117141  44.745  8.907  -1.225 0.0000000000
73361  45.135  8.450  -1.668 0.0000000000
103536  46.715  8.834  -4.839 0.0000000000
73413  46.695  8.395  -5.465 0.0000000000
72641  44.754  7.913  -5.910 0.0000000000
77359  46.462  13.509  8.593 0.0000000000
77358  47.352  13.832  8.359 0.0000000000
77369  45.830  13.328  7.800 0.0000000000
76518  45.909  13.447  5.831 0.0000000000
76519  45.303  12.648  6.489 0.0000000000
117799  42.087  10.083  10.826 0.0000000000
74820  43.032  11.174  9.845 0.0000000000
74829  42.488  10.177  8.819 0.0000000000
73309  42.737  8.229  4.803 0.0000000000
74839  42.348  10.271  6.405 0.0000000000
74851  42.622  10.128  4.689 0.0000000000
74850  42.767  10.664  4.017 0.0000000000
74084  42.915  9.303  3.159 0.0000000000
120976  43.325  9.576  2.214 0.0000000000
122641  43.486  7.960  2.495 0.0000000000
71750  45.561  6.432  2.041 0.0000000000
83623  43.602  21.393  0.064 0.0000000000
83608  43.479  21.985  0.850 0.0000000000
82909  42.833  21.297  0.211 0.0000000000
84263  41.908  22.591  0.649 0.0000000000
82910  42.028  20.653  -0.078 0.0000000000
81376  41.330  19.192  0.338 0.0000000000
111959  41.723  19.691  -1.352 0.0000000000
79099  40.822  16.106  -1.114 0.0000000000
79844  39.923  16.810  -1.767 0.0000000000
78305  40.020  14.622  -0.719 0.0000000000
78307  38.318  14.510  -0.261 0.0000000000
109354  39.218  12.995  -0.967 0.0000000000
79047  50.512  15.488  6.492 0.0000000000
79803  51.475  16.585  5.368 0.0000000000
79053  49.838  15.372  5.220 0.0000000000
78278  49.696  14.225  0.816 0.0000000000
121306  48.853  15.121  2.134 0.0000000000
78287  49.567  14.908  0.795 0.0000000000
79825  48.552  16.333  1.627 0.0000000000
79097  49.437  15.462  -0.762 0.0000000000
75703  45.328  11.301  -1.979 0.0000000000
76574  46.900  11.790  -1.262 0.0000000000
75709  45.906  11.799  -2.736 0.0000000000
108944  44.807  15.449  -4.820 0.0000000000
77444  46.290  14.765  -4.122 0.0000000000
78323  45.339  15.247  -3.226 0.0000000000
78302  45.871  14.974  -1.258 0.0000000000
78316  43.956  14.527  -1.739 0.0000000000
78304  43.628  14.171  -0.614 0.0000000000
77445  43.176  14.069  -2.686 0.0000000000
74891  41.222  11.046  -3.058 0.0000000000
76594  40.575  11.682  -2.653 0.0000000000
74886  40.086  10.763  -2.146 0.0000000000
124030  39.688  10.607  -1.277 0.0000000000
81353  52.317  18.487  4.291 0.0000000000
80599  40.022  17.896  3.194 0.0000000000
80605  39.353  17.744  2.326 0.0000000000
77345  49.361  13.721  10.946 0.0000000000
77342  48.269  13.573  10.986 0.0000000000
76493  46.303  12.962  10.052 0.0000000000
76497  45.185  12.423  9.322 0.0000000000
73287  41.924  8.599  7.881 0.0000000000
83616  45.632  21.530  0.343 0.0000000000
82908  44.987  21.075  -0.260 0.0000000000
82160  43.377  20.277  -1.348 0.0000000000
81402  41.980  19.051  -1.671 0.0000000000
81395  42.567  18.583  -1.320 0.0000000000
79831  41.876  16.377  0.368 0.0000000000
112592  42.081  14.685  1.031 0.0000000000
77379  48.147  13.546  4.936 0.0000000000
78255  49.207  14.820  4.781 0.0000000000
77385  47.945  13.748  4.005 0.0000000000
77396  48.408  13.451  1.866 0.0000000000
77413  48.615  13.044  0.092 0.0000000000
115836  44.457  10.929  -6.669 0.0000000000
76599  45.245  12.324  -4.561 0.0000000000
75728  44.543  12.114  -6.667 0.0000000000
77480  43.814  14.041  -7.427 0.0000000000
77469  42.977  14.014  -5.808 0.0000000000
77459  41.367  13.910  -4.385 0.0000000000
76616  42.138  12.959  -5.320 0.0000000000
74138  41.821  10.558  -3.706 0.0000000000
73389  41.737  9.132  -2.715 0.0000000000
70993  42.444  5.142  -2.171 0.0000000000
74802  45.283  10.015  14.068 0.0000000000
74809  44.798  10.637  12.581 0.0000000000
74045  44.055  9.915  13.058 0.0000000000
74051  42.246  9.569  11.541 0.0000000000
108571  40.640  8.931  10.114 0.0000000000
83593  48.387  21.398  1.527 0.0000000000
82148  48.201  20.089  0.043 0.0000000000
81371  47.305  18.296  0.932 0.0000000000
74866  44.327  10.948  1.876 0.0000000000
75687  45.699  12.421  0.619 0.0000000000
74870  44.660  10.063  0.015 0.0000000000
74875  45.057  10.572  -1.390 0.0000000000
115275  44.479  10.325  -3.350 0.0000000000
73372  45.993  8.456  -3.345 0.0000000000
73387  45.041  8.751  -4.512 0.0000000000
74148  44.565  9.457  -5.231 0.0000000000
74168  44.367  9.437  -6.486 0.0000000000
112308  44.411  8.435  -6.865 0.0000000000
71045  43.617  6.351  -6.588 0.0000000000
71037  43.318  5.752  -5.781 0.0000000000
79041  50.603  15.491  7.422 0.0000000000
78232  49.384  14.777  7.594 0.0000000000
78215  48.824  14.412  9.217 0.0000000000
78223  48.628  14.446  8.222 0.0000000000
78241  48.537  14.633  6.396 0.0000000000
77380  47.811  13.360  5.079 0.0000000000
76534  46.344  12.869  4.003 0.0000000000
75672  44.764  12.429  3.742 0.0000000000
75629  44.155  11.081  11.002 0.0000000000
75635  44.529  11.859  9.743 0.0000000000
75649  44.216  11.859  7.942 0.0000000000
74835  42.320  10.253  7.992 0.0000000000
74834  42.825  10.759  7.110 0.0000000000
75654  44.062  11.985  7.016 0.0000000000
108395  44.048  11.883  4.990 0.0000000000
75667  44.200  11.714  4.053 0.0000000000
75678  44.471  11.557  2.761 0.0000000000
74089  43.738  10.399  2.235 0.0000000000
73333  43.862  8.895  1.182 0.0000000000
72568  45.054  6.920  0.253 0.0000000000
71751  44.684  6.487  2.080 0.0000000000
71762  44.859  6.524  1.291 0.0000000000
74035  44.625  9.903  15.505 0.0000000000
74036  43.823  9.364  15.744 0.0000000000
73233  41.570  9.422  17.013 0.0000000000
84239  43.267  22.636  2.125 0.0000000000
84873  41.199  23.794  1.292 0.0000000000
125159  41.281  19.807  1.732 0.0000000000
81377  40.450  18.665  1.055 0.0000000000
80618  39.380  17.196  0.426 0.0000000000
81404  40.815  18.354  -1.517 0.0000000000
113685  39.299  17.195  -0.986 0.0000000000
79839  38.982  15.980  0.769 0.0000000000
80597  51.812  17.688  3.393 0.0000000000
123862  49.000  15.655  3.286 0.0000000000
79814  50.407  16.799  3.149 0.0000000000
80609  50.196  17.633  2.257 0.0000000000
80610  49.418  17.614  1.785 0.0000000000
80612  47.970  17.133  1.735 0.0000000000
79827  46.688  16.883  1.306 0.0000000000
76564  46.422  12.181  0.012 0.0000000000
76573  47.479  12.242  -0.702 0.0000000000
76581  48.090  12.971  -1.072 0.0000000000
76591  46.555  13.365  -3.464 0.0000000000
77435  47.309  13.878  -2.386 0.0000000000
78300  48.585  14.914  -1.395 0.0000000000
79090  47.607  16.112  -0.811 0.0000000000
79091  46.597  15.778  0.477 0.0000000000
79079  45.544  15.663  1.242 0.0000000000
78280  43.726  14.829  1.390 0.0000000000
77414  42.798  13.788  0.390 0.0000000000
76565  41.947  13.630  -0.170 0.0000000000
77454  41.396  13.483  -3.720 0.0000000000
125349  40.903  12.879  -2.198 0.0000000000
76576  39.867  12.778  -1.432 0.0000000000
111111  39.284  11.984  -1.222 0.0000000000
71777  41.874  6.269  -0.454 0.0000000000
82131  40.742  20.090  3.555 0.0000000000
82888  40.883  20.767  2.854 0.0000000000
75620  46.369  11.917  13.897 0.0000000000
75623  46.264  12.228  13.025 0.0000000000
81372  46.430  18.453  0.987 0.0000000000
81383  46.037  19.095  0.111 0.0000000000
121849  45.736  18.442  0.964 0.0000000000
120118  44.253  17.623  1.168 0.0000000000
116034  44.758  17.095  1.566 0.0000000000
114880  45.925  12.749  3.239 0.0000000000
76547  46.666  13.135  2.548 0.0000000000
76548  45.643  12.822  2.436 0.0000000000
72644  43.203  7.331  -6.903 0.0000000000
73438  43.375  8.926  -7.051 0.0000000000
73425  43.270  8.093  -6.752 0.0000000000
73416  43.007  8.306  -5.722 0.0000000000
72632  43.018  7.240  -6.418 0.0000000000
112746  42.606  6.638  -4.795 0.0000000000
71830  42.929  6.357  -5.886 0.0000000000
82135  51.208  19.215  3.443 0.0000000000
82136  50.393  19.488  2.825 0.0000000000
82141  50.211  19.536  2.038 0.0000000000
81363  50.499  18.602  2.387 0.0000000000
72591  45.331  8.075  -0.868 0.0000000000
72590  45.692  8.088  -1.541 0.0000000000
73412  47.205  8.372  -5.492 0.0000000000
71825  47.278  7.458  -5.378 0.0000000000
72629  46.865  7.848  -5.675 0.0000000000
79084  38.471  15.625  1.185 0.0000000000
76504  45.494  13.090  8.570 0.0000000000
76512  45.470  12.859  7.211 0.0000000000
74053  41.581  10.410  9.983 0.0000000000
74821  42.531  10.467  9.305 0.0000000000
73270  41.731  9.790  8.908 0.0000000000
121601  42.710  8.964  4.618 0.0000000000
120020  42.632  9.661  3.972 0.0000000000
114637  43.203  8.294  3.140 0.0000000000
82916  43.092  20.839  -0.652 0.0000000000
82917  42.387  20.697  -0.368 0.0000000000
82918  41.962  20.386  -0.999 0.0000000000
79093  40.933  15.141  -0.573 0.0000000000
79100  40.060  15.909  -1.603 0.0000000000
105710  39.552  13.802  -0.707 0.0000000000
79048  49.976  14.975  6.154 0.0000000000
117222  50.428  15.446  5.896 0.0000000000
78288  50.001  14.556  -0.266 0.0000000000
79088  49.328  15.482  0.211 0.0000000000
75710  45.007  11.238  -2.911 0.0000000000
125300  45.466  11.806  -3.543 0.0000000000
78330  44.153  14.558  -4.647 0.0000000000
78329  44.815  15.613  -4.187 0.0000000000
103413  44.402  15.000  -2.993 0.0000000000
78325  42.547  14.164  -3.766 0.0000000000
74122  41.028  9.534  -2.030 0.0000000000
74885  40.643  10.776  -2.508 0.0000000000
74129  40.483  10.296  -2.090 0.0000000000
109540  40.021  10.426  -1.758 0.0000000000
80591  40.519  18.107  3.743 0.0000000000
81365  40.198  18.352  2.245 0.0000000000
77341  49.002  13.371  11.625 0.0000000000
76489  47.980  13.375  11.855 0.0000000000
76491  46.039  12.357  11.242 0.0000000000
106928  46.432  13.124  10.858 0.0000000000
76494  45.903  12.397  10.493 0.0000000000
109412  45.752  12.524  9.896 0.0000000000
75634  45.257  12.152  10.163 0.0000000000
83615  47.043  21.148  0.543 0.0000000000
108709  46.245  21.648  0.765 0.0000000000
119365  46.356  21.101  0.375 0.0000000000
82158  45.416  20.237  -0.452 0.0000000000
82159  44.542  20.129  -1.069 0.0000000000
81393  43.676  19.436  -1.358 0.0000000000
123566  43.155  18.977  -1.398 0.0000000000
81385  43.588  18.441  -0.731 0.0000000000
80616  42.679  17.193  1.203 0.0000000000
80617  42.144  17.028  0.705 0.0000000000
79830  42.113  16.350  1.317 0.0000000000
79083  41.841  15.590  0.955 0.0000000000
77386  47.630  13.223  4.367 0.0000000000
77392  47.498  13.362  3.402 0.0000000000
77405  47.548  12.976  1.898 0.0000000000
77397  47.667  13.255  2.404 0.0000000000
123727  48.053  12.868  1.864 0.0000000000
77404  48.378  12.852  1.155 0.0000000000
76562  48.011  12.332  0.602 0.0000000000
115427  44.255  10.176  -6.842 0.0000000000
74918  44.270  10.958  -7.551 0.0000000000
75750  43.489  11.270  -7.615 0.0000000000
76625  43.955  12.713  -7.536 0.0000000000
76626  43.615  13.311  -7.257 0.0000000000
77468  43.664  14.450  -6.851 0.0000000000
76615  42.912  12.836  -6.514 0.0000000000
75729  42.335  11.954  -5.638 0.0000000000
73403  42.503  9.024  -4.577 0.0000000000
74149  42.235  10.626  -4.885 0.0000000000
118323  42.243  9.990  -4.449 0.0000000000
74137  42.006  9.646  -3.606 0.0000000000
73374  42.306  8.189  -2.701 0.0000000000
108907  42.619  5.503  -3.447 0.0000000000
120390  42.347  5.703  -2.722 0.0000000000
74039  44.520  9.595  13.957 0.0000000000
74043  43.597  9.238  13.941 0.0000000000
74047  42.608  9.551  12.485 0.0000000000
74048  41.833  9.035  12.278 0.0000000000
74054  41.399  9.579  10.848 0.0000000000
121342  41.514  9.085  11.509 0.0000000000
82147  48.979  20.332  0.722 0.0000000000
81380  48.350  19.089  0.399 0.0000000000
81381  47.855  19.066  -0.029 0.0000000000
115210  48.039  18.407  0.474 0.0000000000
114281  44.464  10.558  0.965 0.0000000000
113474  44.690  8.827  -2.033 0.0000000000
116041  44.783  9.795  -0.856 0.0000000000
74121  44.684  9.608  -1.736 0.0000000000
74880  44.839  10.426  -2.310 0.0000000000
74127  44.524  9.312  -2.785 0.0000000000
73385  46.948  9.156  -4.197 0.0000000000
73386  45.857  8.606  -4.390 0.0000000000
73402  44.694  9.132  -5.356 0.0000000000
74158  44.590  9.179  -5.913 0.0000000000
73415  44.719  8.882  -5.817 0.0000000000
72631  44.624  7.314  -6.201 0.0000000000
72642  44.355  7.466  -7.089 0.0000000000
71841  43.876  6.917  -7.315 0.0000000000
71828  44.108  6.562  -6.890 0.0000000000
71036  43.886  5.743  -6.052 0.0000000000
78221  50.350  14.764  8.998 0.0000000000
79032  50.997  15.314  8.488 0.0000000000
78231  50.153  14.869  7.989 0.0000000000
105495  48.730  13.778  10.557 0.0000000000
78210  49.067  14.225  10.179 0.0000000000
107982  48.298  13.988  9.647 0.0000000000
77367  47.581  14.058  7.630 0.0000000000
77357  47.984  14.012  8.319 0.0000000000
120909  48.128  14.318  7.665 0.0000000000
78233  48.629  14.671  7.219 0.0000000000
77366  47.937  14.341  6.777 0.0000000000
77374  47.494  13.992  5.963 0.0000000000
76526  45.301  12.602  5.366 0.0000000000
76525  46.004  13.450  4.766 0.0000000000
76535  45.460  12.804  4.237 0.0000000000
76542  45.708  12.756  3.614 0.0000000000
74810  44.224  10.124  12.217 0.0000000000
74812  44.560  10.729  11.777 0.0000000000
75632  43.766  11.496  10.171 0.0000000000
75636  43.817  11.378  9.293 0.0000000000
75643  44.475  11.752  8.848 0.0000000000
75644  43.660  11.352  8.500 0.0000000000
73295  41.911  8.568  6.945 0.0000000000
74068  42.045  9.352  7.465 0.0000000000
74838  42.737  10.862  6.024 0.0000000000
75655  43.403  11.510  6.560 0.0000000000
75660  43.991  12.238  5.998 0.0000000000
74856  43.249  10.231  3.318 0.0000000000
74849  43.578  11.145  3.528 0.0000000000
75673  44.327  11.701  3.255 0.0000000000
74861  44.225  11.123  2.459 0.0000000000
73323  43.449  8.636  1.857 0.0000000000
73332  43.942  8.013  1.236 0.0000000000
108888  44.340  8.047  0.294 0.0000000000
72557  44.275  7.194  1.064 0.0000000000
118999  44.947  6.308  2.715 0.0000000000
71761  45.782  6.292  0.870 0.0000000000
74034  45.932  9.486  15.846 0.0000000000
74031  43.769  9.474  16.494 0.0000000000
73237  43.124  9.289  16.015 0.0000000000
73232  42.366  9.400  16.477 0.0000000000
84247  43.032  22.615  1.352 0.0000000000
122772  43.447  22.317  1.791 0.0000000000
84248  42.712  23.197  2.051 0.0000000000
84864  41.939  23.992  1.855 0.0000000000
84255  42.080  23.327  1.148 0.0000000000
83609  41.363  22.318  0.785 0.0000000000
83599  41.097  21.988  1.261 0.0000000000
124412  41.229  20.553  1.871 0.0000000000
81388  39.845  17.992  0.089 0.0000000000
80636  41.595  18.518  -1.534 0.0000000000
81403  41.385  18.826  -1.540 0.0000000000
80637  40.889  18.026  -1.645 0.0000000000
79101  39.523  16.468  -1.431 0.0000000000
79852  39.562  17.125  -1.454 0.0000000000
79845  39.159  16.785  -0.872 0.0000000000
79838  39.234  16.721  -0.078 0.0000000000
79846  39.009  15.988  0.093 0.0000000000
78294  37.968  15.281  0.174 0.0000000000
114805  52.940  16.719  6.728 0.0000000000
79804  50.646  16.640  4.716 0.0000000000
107769  51.242  17.121  4.409 0.0000000000
80590  52.026  17.509  3.949 0.0000000000
79809  51.228  17.275  3.515 0.0000000000
78263  48.272  14.537  3.560 0.0000000000
78262  48.840  15.065  3.827 0.0000000000
79070  48.777  15.597  2.149 0.0000000000
79069  49.318  16.346  2.831 0.0000000000
110011  50.179  16.868  2.752 0.0000000000
79823  49.659  16.866  2.255 0.0000000000
79824  49.173  16.533  1.827 0.0000000000
79077  48.382  16.049  0.926 0.0000000000
79826  47.677  16.701  1.465 0.0000000000
124446  47.297  16.342  1.049 0.0000000000
76583  46.919  11.887  -2.276 0.0000000000
76603  45.607  13.540  -5.101 0.0000000000
76598  46.190  13.609  -4.434 0.0000000000
78322  46.160  14.967  -3.203 0.0000000000
77443  46.657  14.122  -3.034 0.0000000000
78321  46.758  14.674  -2.629 0.0000000000
78312  48.066  14.646  -1.645 0.0000000000
78313  47.305  14.998  -2.125 0.0000000000
79108  47.835  15.463  -1.473 0.0000000000
78301  46.990  15.510  -1.544 0.0000000000
78289  46.500  15.509  -0.528 0.0000000000
119674  45.715  15.315  0.586 0.0000000000
78279  44.838  14.963  1.097 0.0000000000
79080  44.379  15.472  1.537 0.0000000000
125324  44.182  14.628  0.866 0.0000000000
77423  43.008  13.516  -0.402 0.0000000000
78292  43.309  14.002  0.189 0.0000000000
77415  42.291  13.827  0.305 0.0000000000
77424  42.442  13.550  -0.269 0.0000000000
76605  41.711  13.088  -4.335 0.0000000000
76600  41.609  12.916  -3.598 0.0000000000
105953  40.669  12.380  -2.446 0.0000000000
76585  40.640  12.886  -1.780 0.0000000000
75705  39.396  11.131  -1.661 0.0000000000
116505  39.829  10.083  -0.404 0.0000000000
117249  39.462  10.783  -1.140 0.0000000000
71785  42.070  6.639  -1.400 0.0000000000
82126  40.678  19.448  4.150 0.0000000000
82130  40.903  19.356  3.382 0.0000000000
76486  47.707  13.048  12.626 0.0000000000
76487  46.854  12.652  12.661 0.0000000000
75626  46.230  12.448  12.120 0.0000000000
75627  45.573  11.939  11.730 0.0000000000
82149  47.416  19.933  -0.237 0.0000000000
82150  46.364  19.909  -0.322 0.0000000000
81374  44.388  18.158  0.210 0.0000000000
80615  43.647  17.085  1.432 0.0000000000
79829  43.001  16.237  1.567 0.0000000000
115862  44.049  9.163  -7.328 0.0000000000
74927  44.008  11.009  -7.897 0.0000000000
74181  43.496  9.957  -7.291 0.0000000000
74929  43.406  10.566  -7.403 0.0000000000
74919  42.927  10.762  -6.927 0.0000000000
74908  42.404  11.071  -5.913 0.0000000000
74159  42.678  10.174  -6.168 0.0000000000
72612  42.655  7.794  -4.604 0.0000000000
72600  42.459  7.257  -3.521 0.0000000000
109885  42.889  5.371  -4.281 0.0000000000
73249  43.126  8.717  14.638 0.0000000000
120945  42.675  9.273  13.972 0.0000000000
82137  49.947  20.306  2.087 0.0000000000
82142  49.743  19.932  1.491 0.0000000000
81370  49.068  18.853  1.339 0.0000000000
116125  44.476  8.985  -0.350 0.0000000000
74135  47.275  9.005  -4.804 0.0000000000
73400  46.656  8.643  -5.230 0.0000000000
73414  45.404  8.597  -5.175 0.0000000000
72640  46.007  8.014  -5.456 0.0000000000
72630  45.599  7.874  -5.461 0.0000000000
78214  49.678  14.508  9.588 0.0000000000
77351  46.784  13.508  9.482 0.0000000000
116160  47.856  13.784  8.938 0.0000000000
106482  47.276  13.686  8.979 0.0000000000
77368  46.740  13.699  7.529 0.0000000000
77375  46.664  13.809  6.412 0.0000000000
76511  46.017  13.153  6.917 0.0000000000
74814  42.637  10.397  11.179 0.0000000000
74816  43.171  10.983  10.700 0.0000000000
74817  42.412  10.717  10.368 0.0000000000
74073  42.051  9.475  6.424 0.0000000000
74076  42.486  8.974  5.296 0.0000000000
74845  42.377  9.966  5.538 0.0000000000
74844  42.621  10.883  4.982 0.0000000000
74090  43.454  9.907  2.709 0.0000000000
112735  42.960  8.974  2.521 0.0000000000
103643  46.515  6.429  1.671 0.0000000000
83617  44.362  21.697  -0.001 0.0000000000
83607  44.450  22.017  0.623 0.0000000000
113422  43.884  21.727  0.486 0.0000000000
83618  43.180  21.789  0.578 0.0000000000
118694  42.516  21.993  0.506 0.0000000000
83619  42.016  21.605  0.256 0.0000000000
111773  41.660  19.955  0.840 0.0000000000
82152  41.766  19.846  -0.442 0.0000000000
81386  41.213  19.170  -0.831 0.0000000000
79837  41.350  16.622  -0.883 0.0000000000
119894  40.505  16.976  -1.610 0.0000000000
107608  39.421  15.520  -1.084 0.0000000000
79102  38.771  15.425  -0.426 0.0000000000
78306  39.041  14.557  -0.720 0.0000000000
77427  38.708  13.642  -0.594 0.0000000000
79040  51.367  16.209  6.802 0.0000000000
105392  52.272  16.281  6.070 0.0000000000
79046  51.193  15.796  5.958 0.0000000000
79052  50.557  15.981  5.319 0.0000000000
79058  50.110  16.079  4.379 0.0000000000
78271  48.994  14.282  1.749 0.0000000000
78277  49.221  14.774  1.500 0.0000000000
119600  49.141  15.250  1.503 0.0000000000
79071  48.825  15.836  1.850 0.0000000000
79076  49.094  15.614  1.156 0.0000000000
79089  48.597  16.028  -0.449 0.0000000000
117461  45.459  11.338  -1.179 0.0000000000
75702  45.931  11.661  -1.619 0.0000000000
117545  46.556  12.432  -2.955 0.0000000000
78334  45.322  14.946  -5.133 0.0000000000
77452  45.933  14.604  -4.957 0.0000000000
78328  45.337  15.452  -4.657 0.0000000000
103387  45.632  15.482  -3.931 0.0000000000
78315  45.115  14.854  -2.092 0.0000000000
78303  44.595  14.595  -0.861 0.0000000000
78291  43.982  14.431  0.202 0.0000000000
77436  43.104  13.604  -1.357 0.0000000000
108221  42.321  13.255  -2.066 0.0000000000
75717  41.321  11.574  -3.204 0.0000000000
75711  41.175  11.969  -3.157 0.0000000000
74892  40.646  11.254  -2.688 0.0000000000
75704  39.901  11.097  -2.226 0.0000000000
74881  39.717  10.709  -1.735 0.0000000000
74116  39.915  10.343  -1.252 0.0000000000
81358  51.907  18.341  3.462 0.0000000000
79820  39.007  16.907  2.353 0.0000000000
116798  39.227  16.994  1.414 0.0000000000
125286  49.092  13.474  11.178 0.0000000000
77343  47.104  13.623  11.356 0.0000000000
77347  47.149  13.734  10.356 0.0000000000
76496  45.964  13.032  9.362 0.0000000000
76505  44.823  12.463  8.346 0.0000000000
73278  41.581  8.868  8.388 0.0000000000
72483  41.600  8.098  8.106 0.0000000000
72493  41.819  7.768  7.436 0.0000000000
114703  42.126  7.697  6.469 0.0000000000
73303  42.435  8.007  5.561 0.0000000000
72525  42.891  7.568  4.265 0.0000000000
72536  43.186  7.714  3.648 0.0000000000
105213  46.155  21.965  1.224 0.0000000000
83606  45.430  22.097  0.794 0.0000000000
82907  45.939  20.710  -0.004 0.0000000000
82915  43.999  20.938  -0.593 0.0000000000
81394  42.631  19.504  -1.545 0.0000000000
80629  42.063  17.921  -1.083 0.0000000000
80622  42.712  17.669  -0.135 0.0000000000
80623  41.939  17.180  -0.434 0.0000000000
79092  41.542  15.756  -0.278 0.0000000000
122132  41.794  15.063  0.134 0.0000000000
78283  41.595  14.473  0.086 0.0000000000
78249  48.689  14.312  5.297 0.0000000000
78256  48.526  14.304  4.459 0.0000000000
77391  48.129  14.000  2.821 0.0000000000
117341  49.079  13.665  1.156 0.0000000000
77403  49.402  13.663  0.305 0.0000000000
116475  44.716  11.200  -4.827 0.0000000000
75721  44.639  11.660  -5.666 0.0000000000
76604  44.794  12.731  -5.601 0.0000000000
76613  44.868  13.423  -5.529 0.0000000000
75748  44.185  11.707  -7.968 0.0000000000
77479  44.055  13.682  -7.492 0.0000000000
77466  44.508  13.821  -5.848 0.0000000000
78344  44.043  14.637  -6.088 0.0000000000
78345  43.719  14.552  -6.111 0.0000000000
78337  43.388  14.134  -5.184 0.0000000000
78331  42.732  14.210  -4.455 0.0000000000
77458  41.876  14.206  -4.905 0.0000000000
77470  41.792  13.902  -5.083 0.0000000000
75722  42.066  12.154  -4.482 0.0000000000
74899  42.173  11.397  -4.877 0.0000000000
74900  41.838  11.383  -3.859 0.0000000000
74128  41.293  10.214  -2.732 0.0000000000
73375  41.617  8.540  -2.023 0.0000000000
71795  42.192  6.745  -2.171 0.0000000000
71794  42.303  6.257  -2.970 0.0000000000
122029  42.221  5.959  -2.103 0.0000000000
74805  45.614  10.689  13.596 0.0000000000
74808  45.365  11.223  12.898 0.0000000000
74806  44.955  10.367  13.261 0.0000000000
74046  43.445  9.823  12.396 0.0000000000
109843  42.975  9.609  13.251 0.0000000000
74050  42.926  9.940  11.819 0.0000000000
74056  40.867  9.838  9.667 0.0000000000
82899  47.959  21.303  0.821 0.0000000000
82898  48.975  21.214  0.890 0.0000000000
82904  48.524  20.904  0.360 0.0000000000
82905  47.760  20.696  0.124 0.0000000000
117460  46.708  17.731  1.320 0.0000000000
75682  45.644  12.733  1.540 0.0000000000
75683  45.134  11.624  1.340 0.0000000000
75688  45.161  11.175  0.353 0.0000000000
75695  45.154  10.790  -0.560 0.0000000000
72599  46.119  8.178  -2.365 0.0000000000
73360  45.520  8.244  -2.537 0.0000000000
112327  45.330  8.463  -3.488 0.0000000000
119266  44.827  8.761  -3.492 0.0000000000
74136  44.374  9.307  -3.999 0.0000000000
74890  44.411  10.312  -4.470 0.0000000000
74898  44.512  10.516  -5.540 0.0000000000
116038  44.417  9.836  -6.191 0.0000000000
108746  44.630  8.775  -6.005 0.0000000000
109221  44.310  9.131  -6.808 0.0000000000
73436  44.089  8.673  -7.279 0.0000000000
72652  44.036  7.883  -7.402 0.0000000000
72643  43.566  7.510  -7.215 0.0000000000
71842  43.378  6.763  -6.946 0.0000000000
71829  43.245  6.266  -6.251 0.0000000000
71026  43.480  5.332  -5.114 0.0000000000
109196  51.330  16.007  7.768 0.0000000000
78239  49.974  15.006  7.017 0.0000000000
78240  49.251  14.868  6.573 0.0000000000
78209  49.839  14.261  10.499 0.0000000000
77349  48.247  14.045  8.860 0.0000000000
117478  48.763  14.602  5.912 0.0000000000
77373  48.164  14.115  5.695 0.0000000000
77387  46.989  13.337  4.470 0.0000000000
77381  46.759  13.865  5.330 0.0000000000
75677  44.948  12.446  3.055 0.0000000000
75625  45.169  11.390  12.176 0.0000000000
75628  44.921  11.519  11.368 0.0000000000
75631  44.664  11.713  10.550 0.0000000000
74060  42.019  9.435  8.323 0.0000000000
123453  42.717  10.512  8.653 0.0000000000
109581  42.250  10.041  7.067 0.0000000000
105427  42.861  10.990  8.190 0.0000000000
75650  43.481  11.427  7.564 0.0000000000
76513  44.785  12.442  7.349 0.0000000000
76520  44.618  12.309  6.580 0.0000000000
76527  44.847  12.338  5.978 0.0000000000
75659  44.626  12.219  5.409 0.0000000000
75668  43.223  11.510  4.396 0.0000000000
109824  43.887  10.021  1.437 0.0000000000
74100  43.527  9.571  1.774 0.0000000000
72579  44.921  7.636  -0.389 0.0000000000
72535  43.618  7.299  3.129 0.0000000000
71752  43.768  7.136  2.336 0.0000000000
71763  44.155  6.796  1.819 0.0000000000
74804  46.161  10.914  14.047 0.0000000000
119487  44.750  9.917  14.793 0.0000000000
73243  43.230  8.766  15.205 0.0000000000
73225  42.467  9.384  17.506 0.0000000000
107877  41.679  9.259  16.124 0.0000000000
84256  41.041  23.150  1.129 0.0000000000
84257  40.174  23.302  1.088 0.0000000000
82138  41.060  19.482  2.442 0.0000000000
82143  41.141  19.300  1.495 0.0000000000
81364  40.818  18.842  2.133 0.0000000000
81378  39.638  17.870  1.269 0.0000000000
79832  39.188  16.457  0.754 0.0000000000
82166  41.797  19.375  -1.537 0.0000000000
81396  41.317  19.006  -1.499 0.0000000000
81397  40.655  18.574  -1.278 0.0000000000
79851  40.223  17.475  -1.485 0.0000000000
80632  39.720  17.551  -1.245 0.0000000000
81398  39.960  18.076  -0.930 0.0000000000
80624  39.484  17.450  -0.594 0.0000000000
79094  38.473  15.635  0.733 0.0000000000
79802  52.489  16.847  5.599 0.0000000000
80589  52.469  17.893  4.624 0.0000000000
80596  52.283  17.987  3.777 0.0000000000
80603  51.524  17.815  3.029 0.0000000000
79059  49.517  15.518  4.091 0.0000000000
79064  49.648  16.204  3.396 0.0000000000
79065  48.725  15.847  2.753 0.0000000000
80598  51.109  17.265  3.095 0.0000000000
80604  50.867  17.683  2.689 0.0000000000
123391  48.830  17.859  1.540 0.0000000000
80611  48.719  17.162  1.621 0.0000000000
118168  47.801  17.862  1.369 0.0000000000
79828  45.705  16.585  1.439 0.0000000000
76555  46.192  12.820  0.918 0.0000000000
76563  47.306  12.315  0.300 0.0000000000
76572  48.025  12.587  -0.226 0.0000000000
116494  48.568  13.282  -0.616 0.0000000000
75714  46.100  12.524  -3.643 0.0000000000
76590  47.063  12.863  -2.683 0.0000000000
77434  47.890  13.810  -1.748 0.0000000000
77422  48.695  13.984  -1.191 0.0000000000
77421  49.481  14.771  -1.078 0.0000000000
79098  48.694  15.695  -1.146 0.0000000000
107924  46.514  16.135  1.046 0.0000000000
109760  44.881  16.206  1.617 0.0000000000
79081  43.257  15.347  1.720 0.0000000000
78281  43.243  14.287  0.967 0.0000000000
78282  42.752  14.675  1.537 0.0000000000
77406  42.500  14.186  0.933 0.0000000000
77407  42.028  14.149  0.439 0.0000000000
77408  41.408  14.000  -0.018 0.0000000000
77446  42.010  13.551  -3.260 0.0000000000
76593  41.162  12.517  -3.059 0.0000000000
76592  41.251  13.003  -2.701 0.0000000000
76584  41.556  13.091  -1.758 0.0000000000
76575  41.628  13.423  -0.944 0.0000000000
77425  40.645  13.349  -1.142 0.0000000000
77426  40.122  13.467  -0.890 0.0000000000
75696  39.106  11.324  -0.800 0.0000000000
71027  43.092  5.310  -5.012 0.0000000000
121104  43.033  5.256  -4.132 0.0000000000
71038  43.038  5.847  -5.705 0.0000000000
72628  47.496  8.035  -5.400 0.0000000000
73265  40.882  8.760  11.070 0.0000000000
73411  47.649  8.609  -5.106 0.0000000000
73424  43.431  8.026  -7.026 0.0000000000
74147  47.779  9.128  -4.727 0.0000000000
74157  47.328  8.741  -5.130 0.0000000000
74169  42.956  9.992  -6.937 0.0000000000
74180  43.780  10.098  -7.386 0.0000000000
74928  43.771  10.854  -7.786 0.0000000000
75739  44.399  11.634  -7.446 0.0000000000
75740  43.576  12.206  -7.441 0.0000000000
76614  44.463  13.282  -6.582 0.0000000000
76624  44.202  12.505  -7.400 0.0000000000
77346  48.074  13.786  10.178 0.0000000000
77416  41.206  13.698  -0.446 0.0000000000
77453  41.605  14.234  -4.231 0.0000000000
77467  44.110  14.496  -6.988 0.0000000000
77481  43.276  14.055  -6.957 0.0000000000
78293  40.889  14.303  -0.228 0.0000000000
78335  44.747  15.134  -5.164 0.0000000000
78336  44.337  14.596  -5.334 0.0000000000
78343  44.501  14.433  -5.526 0.0000000000
80613  47.311  17.352  1.419 0.0000000000
80631  40.260  17.984  -1.348 0.0000000000
81373  45.048  17.949  1.095 0.0000000000
103365  46.992  13.168  12.078 0.0000000000
113547  42.682  13.531  -5.864 0.0000000000
115106  43.639  9.294  -7.282 0.0000000000
116106  41.845  13.848  0.074 0.0000000000
118577  42.661  9.526  4.873 0.0000000000
123063  42.147  9.308  5.787 0.0000000000
