#!ascii label  , from subject 001 vox2ras=TkReg
1470
43078  51.251  -25.931  24.352 0.0000000000
30633  38.349  -41.418  31.869 0.0000000000
20544  34.587  -51.910  29.571 0.0000000000
17667  25.401  -54.886  28.090 0.0000000000
26888  32.165  -45.150  36.581 0.0000000000
103417  31.178  -44.338  26.569 0.0000000000
38305  44.021  -32.359  21.345 0.0000000000
47447  57.646  -21.113  24.101 0.0000000000
35829  45.792  -34.868  28.397 0.0000000000
27912  42.338  -44.423  26.312 0.0000000000
32583  36.186  -39.413  22.512 0.0000000000
20495  30.426  -52.471  32.848 0.0000000000
20549  29.793  -53.741  28.712 0.0000000000
17624  28.042  -55.069  32.309 0.0000000000
23309  30.460  -49.697  32.216 0.0000000000
40608  47.035  -29.335  29.764 0.0000000000
110205  38.099  -40.097  36.888 0.0000000000
31480  41.874  -39.906  34.777 0.0000000000
30643  45.203  -42.138  30.655 0.0000000000
32497  41.668  -39.555  28.993 0.0000000000
31597  40.212  -40.050  24.072 0.0000000000
108687  37.128  -39.797  27.775 0.0000000000
27005  35.235  -45.750  24.669 0.0000000000
29858  32.807  -43.276  21.706 0.0000000000
45716  54.587  -23.894  26.613 0.0000000000
44864  57.055  -24.486  23.967 0.0000000000
23363  34.168  -49.567  26.307 0.0000000000
22421  30.187  -50.454  26.242 0.0000000000
27843  35.580  -44.398  34.763 0.0000000000
28856  34.084  -42.718  30.017 0.0000000000
26927  31.178  -45.440  31.303 0.0000000000
25087  34.685  -47.920  28.494 0.0000000000
41464  47.335  -28.753  22.614 0.0000000000
121755  24.618  -57.622  32.759 0.0000000000
16830  21.643  -56.605  28.557 0.0000000000
47401  52.454  -21.704  27.318 0.0000000000
111085  49.475  -24.537  25.360 0.0000000000
40639  46.732  -29.038  25.994 0.0000000000
118594  44.205  -33.138  25.986 0.0000000000
33445  42.999  -39.133  24.175 0.0000000000
34935  46.493  -36.393  31.763 0.0000000000
112097  45.166  -41.491  27.382 0.0000000000
26050  43.556  -47.837  22.024 0.0000000000
116201  41.109  -43.482  21.244 0.0000000000
31590  33.806  -40.996  25.101 0.0000000000
122244  29.235  -51.990  34.749 0.0000000000
111910  29.622  -54.363  32.705 0.0000000000
19450  27.903  -53.040  34.921 0.0000000000
22343  29.893  -50.682  34.186 0.0000000000
29717  39.042  -41.777  35.285 0.0000000000
30621  39.967  -40.836  33.755 0.0000000000
32465  41.487  -39.722  31.503 0.0000000000
109218  39.683  -40.122  30.858 0.0000000000
32499  39.357  -39.396  28.650 0.0000000000
30656  38.060  -40.477  30.092 0.0000000000
25134  34.380  -47.520  23.206 0.0000000000
27032  34.389  -45.139  21.892 0.0000000000
43974  52.827  -25.585  27.030 0.0000000000
43961  53.941  -26.201  26.722 0.0000000000
42203  52.730  -27.138  25.969 0.0000000000
22406  33.980  -50.666  27.847 0.0000000000
22419  32.324  -50.012  26.175 0.0000000000
21513  31.563  -51.381  27.998 0.0000000000
18545  27.661  -53.982  28.097 0.0000000000
19521  27.751  -53.101  26.989 0.0000000000
19523  25.905  -53.252  27.081 0.0000000000
18559  24.135  -53.953  26.045 0.0000000000
28773  34.541  -43.231  36.369 0.0000000000
26895  34.007  -43.970  35.777 0.0000000000
27860  33.887  -45.119  33.157 0.0000000000
25934  31.753  -45.879  34.152 0.0000000000
22375  33.921  -51.251  30.948 0.0000000000
24228  31.504  -48.971  30.066 0.0000000000
118823  35.530  -50.293  29.998 0.0000000000
23351  35.009  -49.083  27.238 0.0000000000
39879  45.378  -30.617  22.080 0.0000000000
39086  47.588  -30.955  22.309 0.0000000000
111822  45.705  -32.727  21.126 0.0000000000
16005  19.456  -57.580  29.635 0.0000000000
105505  48.125  -26.819  25.415 0.0000000000
42190  48.331  -27.370  27.912 0.0000000000
38203  46.778  -32.123  29.173 0.0000000000
37484  45.980  -32.100  27.160 0.0000000000
36667  45.119  -34.118  27.328 0.0000000000
35019  43.517  -36.224  25.751 0.0000000000
34238  43.972  -37.677  27.044 0.0000000000
28854  43.753  -43.703  29.072 0.0000000000
30653  45.457  -42.647  29.776 0.0000000000
26960  44.303  -45.471  27.368 0.0000000000
27933  44.506  -45.122  25.633 0.0000000000
26035  43.219  -47.535  24.066 0.0000000000
27024  41.725  -46.363  22.406 0.0000000000
116501  41.090  -44.323  24.392 0.0000000000
31630  40.194  -39.834  22.239 0.0000000000
28868  32.128  -43.480  28.456 0.0000000000
30686  33.723  -41.792  27.321 0.0000000000
29819  32.294  -42.505  26.394 0.0000000000
30739  32.033  -41.814  21.619 0.0000000000
48370  60.294  -20.216  20.790 0.0000000000
116045  58.626  -21.533  22.040 0.0000000000
20512  32.906  -52.572  31.139 0.0000000000
20547  31.793  -52.891  29.250 0.0000000000
18514  31.511  -54.495  30.752 0.0000000000
17647  29.448  -55.231  30.346 0.0000000000
17657  26.976  -55.111  30.082 0.0000000000
25021  30.609  -46.668  36.795 0.0000000000
25039  30.430  -47.234  34.860 0.0000000000
24190  30.087  -48.933  34.877 0.0000000000
113989  31.187  -51.656  32.487 0.0000000000
42183  48.159  -27.316  29.564 0.0000000000
38963  47.347  -32.184  31.526 0.0000000000
111257  43.384  -40.354  32.418 0.0000000000
116889  43.409  -40.744  30.179 0.0000000000
30684  42.365  -42.347  27.553 0.0000000000
29817  41.166  -42.374  25.768 0.0000000000
106586  40.562  -40.307  27.038 0.0000000000
32533  38.829  -39.310  25.707 0.0000000000
32535  37.004  -39.391  25.442 0.0000000000
26993  34.346  -44.856  25.228 0.0000000000
27938  32.069  -44.136  24.409 0.0000000000
27951  34.428  -44.637  23.405 0.0000000000
46567  55.602  -22.197  25.660 0.0000000000
107974  57.560  -22.580  24.009 0.0000000000
44843  55.751  -23.933  25.744 0.0000000000
21515  29.569  -51.870  27.578 0.0000000000
28781  37.002  -43.008  36.069 0.0000000000
28823  37.107  -43.100  33.169 0.0000000000
29757  36.495  -42.562  31.242 0.0000000000
27874  34.788  -43.722  32.266 0.0000000000
27883  33.301  -44.115  30.681 0.0000000000
26951  31.014  -45.001  28.490 0.0000000000
25948  30.228  -46.802  32.004 0.0000000000
25090  30.990  -46.957  28.858 0.0000000000
25998  32.697  -46.411  27.002 0.0000000000
26009  35.093  -46.826  26.574 0.0000000000
106295  35.792  -48.276  25.267 0.0000000000
118026  49.406  -27.096  22.744 0.0000000000
41430  50.709  -28.780  24.051 0.0000000000
40663  48.795  -29.873  23.229 0.0000000000
16804  26.469  -56.647  32.856 0.0000000000
16819  24.686  -56.097  30.220 0.0000000000
15992  22.789  -57.832  30.455 0.0000000000
103343  23.898  -55.342  28.395 0.0000000000
48313  55.167  -20.484  26.031 0.0000000000
46553  53.647  -22.627  26.998 0.0000000000
44837  52.423  -23.810  27.092 0.0000000000
44867  50.612  -24.575  24.845 0.0000000000
43081  48.666  -26.314  23.503 0.0000000000
41433  46.495  -28.605  23.718 0.0000000000
39855  45.266  -30.401  24.018 0.0000000000
40621  47.059  -29.641  27.391 0.0000000000
39033  45.715  -31.147  26.050 0.0000000000
37531  43.816  -33.300  23.386 0.0000000000
112622  43.089  -35.693  23.651 0.0000000000
33459  42.564  -38.545  22.821 0.0000000000
35785  46.458  -35.587  30.766 0.0000000000
32463  45.698  -40.304  31.175 0.0000000000
33399  45.570  -39.141  29.829 0.0000000000
33406  45.229  -38.072  28.151 0.0000000000
31584  43.998  -41.019  26.074 0.0000000000
28917  43.076  -43.436  23.778 0.0000000000
30738  41.018  -41.347  23.072 0.0000000000
30672  35.963  -40.974  28.965 0.0000000000
31577  35.232  -40.319  26.391 0.0000000000
31611  35.106  -39.977  24.217 0.0000000000
30721  31.885  -41.819  24.196 0.0000000000
31631  32.935  -40.110  22.735 0.0000000000
20489  28.680  -52.579  34.791 0.0000000000
20490  27.776  -52.879  35.441 0.0000000000
122887  38.327  -41.996  33.100 0.0000000000
30612  39.515  -41.302  34.038 0.0000000000
30622  39.439  -41.178  33.045 0.0000000000
31502  39.786  -40.520  32.294 0.0000000000
31515  39.188  -40.712  31.426 0.0000000000
31527  38.990  -40.292  30.540 0.0000000000
30645  38.255  -41.020  31.000 0.0000000000
43975  52.427  -25.628  26.310 0.0000000000
43056  52.854  -26.369  26.498 0.0000000000
43057  52.325  -26.388  25.929 0.0000000000
21498  34.816  -51.755  29.317 0.0000000000
21511  33.635  -51.361  28.150 0.0000000000
21500  33.208  -51.724  28.738 0.0000000000
18546  26.706  -54.423  28.117 0.0000000000
19514  26.771  -53.665  27.578 0.0000000000
19515  25.980  -54.212  27.648 0.0000000000
19524  24.849  -53.521  26.650 0.0000000000
18548  24.704  -54.690  27.540 0.0000000000
26875  31.510  -45.257  37.075 0.0000000000
26860  33.055  -44.487  37.803 0.0000000000
26886  33.609  -44.135  37.265 0.0000000000
26887  32.952  -44.739  36.703 0.0000000000
26904  33.226  -45.100  34.665 0.0000000000
117529  32.326  -45.461  35.018 0.0000000000
125379  34.658  -51.668  30.350 0.0000000000
23326  35.084  -50.428  30.837 0.0000000000
21479  35.784  -51.471  30.096 0.0000000000
22396  35.340  -50.864  29.143 0.0000000000
39100  44.516  -31.737  21.736 0.0000000000
39099  45.071  -31.319  21.613 0.0000000000
38322  44.879  -32.148  21.139 0.0000000000
43952  48.403  -25.288  28.136 0.0000000000
43046  48.643  -25.878  27.780 0.0000000000
43037  48.485  -25.915  28.480 0.0000000000
37466  46.257  -33.671  28.460 0.0000000000
116511  46.219  -32.994  28.271 0.0000000000
35830  45.283  -34.920  27.938 0.0000000000
35007  44.261  -35.797  26.922 0.0000000000
112741  44.942  -35.638  27.907 0.0000000000
28876  43.081  -44.122  27.886 0.0000000000
27897  43.892  -44.631  28.512 0.0000000000
26962  43.574  -45.484  27.233 0.0000000000
26007  44.361  -46.730  26.196 0.0000000000
26989  42.573  -46.045  25.370 0.0000000000
27935  41.618  -45.359  24.077 0.0000000000
119976  41.476  -44.696  24.803 0.0000000000
28879  31.400  -43.917  27.016 0.0000000000
29809  32.555  -42.761  27.196 0.0000000000
28889  31.295  -43.669  26.129 0.0000000000
48361  59.035  -20.471  22.380 0.0000000000
47457  58.149  -21.392  23.336 0.0000000000
20505  31.830  -52.735  32.036 0.0000000000
19473  32.074  -53.938  31.069 0.0000000000
19474  31.439  -54.014  31.511 0.0000000000
18500  28.669  -54.561  32.610 0.0000000000
18530  30.101  -55.203  30.996 0.0000000000
17636  29.170  -55.469  31.045 0.0000000000
105870  27.996  -55.237  30.050 0.0000000000
108094  27.739  -55.069  31.549 0.0000000000
24170  29.754  -47.830  36.346 0.0000000000
24184  29.822  -48.207  35.468 0.0000000000
23271  29.684  -48.788  35.487 0.0000000000
21454  30.270  -51.893  33.088 0.0000000000
21437  30.215  -51.198  33.531 0.0000000000
20494  31.033  -52.220  32.518 0.0000000000
20504  31.889  -52.252  32.120 0.0000000000
31473  41.132  -39.893  35.314 0.0000000000
32431  41.600  -39.618  35.419 0.0000000000
32440  42.643  -39.893  34.671 0.0000000000
32447  43.572  -40.206  33.590 0.0000000000
31488  42.921  -40.674  33.813 0.0000000000
32486  41.772  -39.486  30.006 0.0000000000
32474  42.707  -40.197  30.878 0.0000000000
32496  42.441  -39.926  29.392 0.0000000000
30669  43.086  -41.948  28.731 0.0000000000
31560  41.982  -40.838  27.561 0.0000000000
31574  41.424  -41.098  26.874 0.0000000000
31561  40.364  -39.969  27.777 0.0000000000
32501  37.863  -39.471  28.057 0.0000000000
32511  38.506  -39.435  27.462 0.0000000000
32512  37.749  -39.537  27.249 0.0000000000
32534  37.745  -39.256  25.794 0.0000000000
32524  36.822  -39.690  26.202 0.0000000000
27006  35.258  -45.325  24.849 0.0000000000
27924  34.416  -44.715  24.632 0.0000000000
115370  34.878  -45.269  24.342 0.0000000000
46568  55.298  -22.569  26.073 0.0000000000
45714  55.663  -23.065  25.780 0.0000000000
45715  55.262  -23.669  26.230 0.0000000000
43972  55.092  -25.740  26.121 0.0000000000
23391  34.569  -48.769  24.788 0.0000000000
23379  33.707  -49.273  25.349 0.0000000000
20548  30.782  -53.216  29.160 0.0000000000
20556  31.148  -52.260  28.577 0.0000000000
20558  29.222  -52.938  27.837 0.0000000000
20574  27.215  -52.587  25.527 0.0000000000
20573  27.721  -52.335  25.880 0.0000000000
27817  35.402  -43.507  35.964 0.0000000000
28772  35.839  -42.913  36.205 0.0000000000
28789  36.664  -43.448  35.674 0.0000000000
28794  37.225  -43.194  34.829 0.0000000000
28809  36.557  -43.467  33.783 0.0000000000
28824  36.359  -43.160  32.940 0.0000000000
27866  35.097  -44.203  33.116 0.0000000000
27869  32.700  -44.892  32.060 0.0000000000
27876  33.232  -44.420  31.422 0.0000000000
27877  32.458  -44.791  31.350 0.0000000000
27890  32.249  -44.284  29.959 0.0000000000
26933  31.205  -45.307  30.455 0.0000000000
25048  30.398  -47.854  33.338 0.0000000000
25941  30.569  -46.978  32.960 0.0000000000
110775  30.048  -48.679  31.721 0.0000000000
24237  33.370  -48.401  29.699 0.0000000000
24239  31.253  -48.353  29.459 0.0000000000
125099  32.314  -47.321  28.673 0.0000000000
25987  31.061  -46.795  28.048 0.0000000000
25985  33.820  -47.193  27.658 0.0000000000
25997  33.660  -46.594  27.054 0.0000000000
25984  34.467  -47.564  27.713 0.0000000000
23361  35.371  -49.054  26.299 0.0000000000
24264  35.676  -48.442  26.233 0.0000000000
23377  35.588  -49.004  25.658 0.0000000000
42248  48.320  -27.879  22.764 0.0000000000
41447  49.331  -27.980  22.861 0.0000000000
40674  48.332  -29.159  22.710 0.0000000000
114060  48.068  -31.944  22.544 0.0000000000
16805  25.934  -56.894  32.898 0.0000000000
110043  26.170  -57.131  31.749 0.0000000000
15986  25.100  -57.545  31.831 0.0000000000
16003  21.080  -57.751  29.684 0.0000000000
16002  22.416  -57.520  29.646 0.0000000000
16821  23.503  -56.902  29.245 0.0000000000
16829  22.477  -56.539  28.537 0.0000000000
109447  22.736  -54.999  27.837 0.0000000000
17669  21.870  -55.396  27.755 0.0000000000
48312  55.809  -20.642  25.770 0.0000000000
48302  53.726  -21.135  26.622 0.0000000000
46544  52.604  -22.083  27.698 0.0000000000
124577  52.697  -23.223  27.581 0.0000000000
45706  52.422  -23.075  27.486 0.0000000000
45726  49.956  -23.533  25.767 0.0000000000
44854  50.803  -23.938  25.575 0.0000000000
44868  49.781  -24.767  24.706 0.0000000000
43080  49.183  -25.906  23.523 0.0000000000
43987  49.180  -25.259  24.966 0.0000000000
42206  47.634  -27.925  26.124 0.0000000000
116952  47.070  -27.837  24.812 0.0000000000
41422  46.592  -28.568  24.842 0.0000000000
40649  45.571  -29.656  23.841 0.0000000000
39854  45.663  -29.914  24.714 0.0000000000
40614  47.829  -28.582  29.217 0.0000000000
41394  47.748  -28.661  28.216 0.0000000000
40615  47.200  -29.244  28.802 0.0000000000
114540  45.113  -32.771  26.613 0.0000000000
113489  46.148  -31.433  26.851 0.0000000000
38248  44.819  -32.547  25.937 0.0000000000
38267  44.731  -32.061  24.965 0.0000000000
123940  43.896  -33.188  24.835 0.0000000000
35891  43.105  -34.812  23.581 0.0000000000
35880  43.260  -35.187  24.421 0.0000000000
34261  42.824  -38.346  24.811 0.0000000000
34248  42.805  -37.471  24.267 0.0000000000
33458  42.593  -39.219  23.293 0.0000000000
113181  42.700  -40.370  22.767 0.0000000000
34951  46.448  -36.267  31.155 0.0000000000
31497  44.693  -40.310  31.953 0.0000000000
33379  45.988  -39.372  32.337 0.0000000000
31509  45.550  -41.082  31.002 0.0000000000
30668  45.288  -42.661  28.642 0.0000000000
121395  45.902  -41.655  29.927 0.0000000000
116331  45.662  -40.395  28.593 0.0000000000
33405  45.513  -38.724  28.652 0.0000000000
32508  45.476  -39.939  27.799 0.0000000000
32520  44.698  -39.732  27.133 0.0000000000
115989  44.675  -41.242  26.643 0.0000000000
27014  44.552  -46.435  23.807 0.0000000000
114358  43.674  -43.407  24.906 0.0000000000
110532  43.413  -44.492  23.527 0.0000000000
28927  43.173  -44.011  22.729 0.0000000000
27957  43.253  -45.210  22.244 0.0000000000
115143  43.062  -47.818  21.516 0.0000000000
27964  41.059  -45.270  22.116 0.0000000000
118897  40.785  -45.440  21.543 0.0000000000
30719  40.737  -41.323  24.588 0.0000000000
30727  41.010  -41.590  23.850 0.0000000000
31609  40.470  -40.596  23.385 0.0000000000
123417  40.282  -40.119  21.328 0.0000000000
29770  35.813  -42.779  30.331 0.0000000000
29782  36.229  -42.372  29.991 0.0000000000
29795  34.840  -41.865  29.347 0.0000000000
30699  33.686  -41.606  26.514 0.0000000000
120471  34.899  -40.941  26.920 0.0000000000
30698  34.455  -41.124  26.207 0.0000000000
31588  35.517  -40.126  25.514 0.0000000000
31599  34.431  -40.398  24.650 0.0000000000
28921  31.815  -43.531  23.283 0.0000000000
29850  31.585  -42.588  23.761 0.0000000000
110012  31.629  -42.776  22.961 0.0000000000
31632  32.490  -40.936  22.151 0.0000000000
32586  33.585  -39.649  22.396 0.0000000000
45747  57.300  -23.340  23.582 0.0000000000
45746  57.699  -22.724  23.075 0.0000000000
41420  51.305  -28.748  24.841 0.0000000000
20487  29.981  -52.192  33.512 0.0000000000
19452  30.496  -53.063  32.777 0.0000000000
19448  29.603  -52.995  33.898 0.0000000000
19454  29.131  -53.384  33.849 0.0000000000
18485  27.685  -54.509  33.100 0.0000000000
21420  29.645  -50.972  34.389 0.0000000000
30596  38.878  -41.683  35.952 0.0000000000
31465  39.770  -40.302  36.383 0.0000000000
30595  39.608  -41.435  35.732 0.0000000000
30611  40.286  -40.912  34.592 0.0000000000
31489  41.438  -40.634  33.853 0.0000000000
31500  41.783  -40.541  33.157 0.0000000000
103411  40.930  -40.137  32.325 0.0000000000
31514  40.875  -39.596  31.352 0.0000000000
32477  40.355  -39.367  30.176 0.0000000000
32498  40.392  -39.490  28.696 0.0000000000
119401  39.698  -39.202  29.536 0.0000000000
31536  38.264  -39.720  29.410 0.0000000000
31550  37.132  -39.563  28.692 0.0000000000
26047  34.593  -46.645  23.653 0.0000000000
27025  34.500  -45.774  23.107 0.0000000000
26053  34.279  -46.730  22.791 0.0000000000
122560  53.155  -24.779  27.536 0.0000000000
43973  54.358  -25.507  26.638 0.0000000000
43962  53.260  -25.528  27.256 0.0000000000
43045  53.361  -26.301  26.764 0.0000000000
22417  34.194  -49.842  27.310 0.0000000000
23364  33.240  -49.940  26.151 0.0000000000
110940  32.821  -50.398  26.951 0.0000000000
22408  31.848  -50.533  26.931 0.0000000000
21523  31.151  -50.975  27.262 0.0000000000
107433  28.525  -53.980  28.150 0.0000000000
19511  28.924  -53.700  27.956 0.0000000000
19512  28.134  -53.526  27.693 0.0000000000
19522  26.981  -53.087  26.723 0.0000000000
19533  23.902  -53.163  25.405 0.0000000000
27818  34.371  -43.848  36.107 0.0000000000
27831  35.000  -44.470  35.119 0.0000000000
27859  34.690  -44.924  33.578 0.0000000000
26912  34.118  -45.186  34.054 0.0000000000
26913  33.192  -45.236  33.699 0.0000000000
26921  31.298  -45.637  32.171 0.0000000000
23320  30.977  -50.180  31.341 0.0000000000
23330  30.672  -49.431  30.527 0.0000000000
23328  32.786  -49.906  30.746 0.0000000000
24227  34.087  -48.824  30.190 0.0000000000
24235  34.992  -48.999  29.358 0.0000000000
25085  34.646  -48.240  28.214 0.0000000000
23343  34.858  -49.768  28.574 0.0000000000
123965  34.945  -49.542  27.731 0.0000000000
40676  46.706  -29.449  22.343 0.0000000000
39877  47.151  -30.098  22.109 0.0000000000
39098  45.877  -31.083  21.791 0.0000000000
38303  46.622  -31.792  21.780 0.0000000000
15994  20.348  -57.976  29.983 0.0000000000
16004  20.322  -57.447  29.298 0.0000000000
108580  20.942  -56.494  28.531 0.0000000000
16832  19.602  -56.543  28.348 0.0000000000
43976  49.149  -24.905  26.111 0.0000000000
43068  48.910  -25.743  25.844 0.0000000000
43058  48.708  -25.762  26.809 0.0000000000
42196  48.143  -27.357  27.032 0.0000000000
41411  47.932  -28.112  26.748 0.0000000000
124767  47.147  -30.712  29.480 0.0000000000
39820  47.039  -30.777  28.785 0.0000000000
38204  46.354  -32.270  28.454 0.0000000000
37485  45.175  -33.265  27.108 0.0000000000
107468  44.728  -33.485  26.557 0.0000000000
35879  43.437  -35.459  25.198 0.0000000000
35859  44.244  -35.116  26.534 0.0000000000
116206  43.645  -37.017  26.406 0.0000000000
106346  43.361  -38.340  25.688 0.0000000000
29768  44.946  -42.774  30.089 0.0000000000
120540  45.582  -42.404  30.214 0.0000000000
27889  44.140  -43.923  29.292 0.0000000000
28864  44.445  -43.998  28.857 0.0000000000
28884  45.063  -43.840  27.117 0.0000000000
109499  44.796  -43.745  26.603 0.0000000000
26971  44.769  -45.703  26.345 0.0000000000
118492  44.568  -47.361  24.800 0.0000000000
25132  43.747  -48.048  23.630 0.0000000000
26051  43.268  -48.146  22.053 0.0000000000
117992  42.803  -47.183  23.341 0.0000000000
27948  41.449  -45.627  23.254 0.0000000000
28929  41.490  -43.919  23.070 0.0000000000
32544  39.221  -39.612  23.985 0.0000000000
112612  39.883  -39.832  23.460 0.0000000000
32580  39.251  -39.227  22.600 0.0000000000
32598  38.587  -39.089  21.875 0.0000000000
32615  38.594  -38.931  20.388 0.0000000000
29785  33.652  -42.677  29.202 0.0000000000
29796  34.048  -42.141  28.841 0.0000000000
29797  33.404  -42.515  28.442 0.0000000000
29818  33.045  -42.118  26.838 0.0000000000
29829  32.776  -41.851  25.925 0.0000000000
29866  32.236  -42.621  21.193 0.0000000000
29880  32.564  -42.747  20.382 0.0000000000
48360  59.947  -19.993  21.762 0.0000000000
122339  60.206  -20.702  21.318 0.0000000000
104368  59.224  -21.645  21.367 0.0000000000
20519  33.683  -52.055  30.303 0.0000000000
112640  32.897  -52.528  29.630 0.0000000000
20534  32.570  -53.087  30.134 0.0000000000
18535  31.364  -54.494  29.929 0.0000000000
18536  30.809  -54.822  29.716 0.0000000000
18515  30.876  -54.605  31.272 0.0000000000
106552  30.483  -55.067  30.188 0.0000000000
18537  29.889  -54.690  29.801 0.0000000000
18538  28.342  -54.848  29.473 0.0000000000
17656  27.551  -55.025  29.530 0.0000000000
17661  26.951  -55.010  29.240 0.0000000000
25924  31.031  -46.331  36.851 0.0000000000
25928  31.409  -45.973  35.359 0.0000000000
25033  30.311  -47.382  35.803 0.0000000000
24185  30.076  -47.982  34.901 0.0000000000
23300  30.545  -49.601  33.297 0.0000000000
23279  29.923  -49.710  34.744 0.0000000000
23299  30.615  -50.311  33.768 0.0000000000
23308  30.677  -50.426  33.022 0.0000000000
21472  31.898  -51.771  32.016 0.0000000000
108964  33.141  -51.908  31.183 0.0000000000
111382  42.681  -33.633  21.650 0.0000000000
37568  44.034  -33.429  20.185 0.0000000000
36766  42.841  -34.679  20.357 0.0000000000
110362  48.314  -26.418  29.188 0.0000000000
39813  47.441  -29.810  30.632 0.0000000000
122025  47.339  -31.106  30.034 0.0000000000
38190  46.996  -32.707  29.801 0.0000000000
119936  46.887  -33.425  29.680 0.0000000000
32457  43.979  -40.206  32.734 0.0000000000
31511  44.776  -40.898  31.489 0.0000000000
31512  42.954  -40.482  32.102 0.0000000000
31524  43.220  -40.528  31.151 0.0000000000
30654  43.972  -41.566  29.975 0.0000000000
29781  43.608  -42.823  29.274 0.0000000000
29805  42.633  -43.325  28.000 0.0000000000
122198  42.086  -43.091  26.647 0.0000000000
28887  41.538  -43.104  26.116 0.0000000000
29816  41.649  -42.524  26.419 0.0000000000
30696  41.254  -41.707  26.265 0.0000000000
106442  40.394  -40.160  25.734 0.0000000000
31562  39.726  -39.816  27.434 0.0000000000
31576  40.028  -40.015  26.650 0.0000000000
31586  39.873  -39.545  24.983 0.0000000000
121569  38.853  -39.349  24.763 0.0000000000
32546  37.521  -39.174  24.396 0.0000000000
104636  36.917  -39.330  23.956 0.0000000000
26995  32.265  -45.163  25.522 0.0000000000
27939  31.686  -44.131  24.974 0.0000000000
27925  33.398  -44.552  24.548 0.0000000000
27952  34.008  -44.395  23.798 0.0000000000
28931  33.600  -43.841  22.305 0.0000000000
27959  34.497  -44.737  22.484 0.0000000000
28930  34.280  -44.348  22.234 0.0000000000
47433  56.760  -21.348  24.612 0.0000000000
46593  57.461  -21.875  24.209 0.0000000000
46594  56.647  -22.445  24.676 0.0000000000
45725  56.226  -23.542  25.172 0.0000000000
44865  56.562  -24.446  24.591 0.0000000000
44844  55.480  -24.717  25.916 0.0000000000
43985  55.645  -25.529  25.323 0.0000000000
21501  32.194  -51.946  28.662 0.0000000000
21514  30.508  -51.492  27.974 0.0000000000
21524  30.103  -50.979  26.954 0.0000000000
20563  28.718  -52.259  27.135 0.0000000000
21526  28.324  -51.903  26.343 0.0000000000
30585  37.645  -41.569  36.370 0.0000000000
29718  38.317  -41.941  35.623 0.0000000000
28807  37.588  -42.617  34.317 0.0000000000
29744  37.459  -42.719  32.644 0.0000000000
29756  36.990  -42.055  31.469 0.0000000000
121295  36.985  -43.028  32.448 0.0000000000
28842  36.015  -42.910  30.994 0.0000000000
28843  35.255  -43.003  30.853 0.0000000000
27867  34.353  -44.565  32.707 0.0000000000
27882  33.905  -43.853  31.043 0.0000000000
28845  33.634  -43.486  30.379 0.0000000000
28858  32.333  -43.731  29.363 0.0000000000
28859  31.651  -44.075  28.783 0.0000000000
27905  31.057  -44.820  27.339 0.0000000000
25940  31.077  -46.395  33.535 0.0000000000
25947  30.817  -46.231  32.582 0.0000000000
25957  30.620  -46.053  31.663 0.0000000000
24229  30.156  -48.321  30.288 0.0000000000
122174  30.190  -47.485  30.319 0.0000000000
26928  30.718  -45.970  30.755 0.0000000000
25988  30.670  -46.448  28.392 0.0000000000
25999  30.706  -46.272  27.702 0.0000000000
26014  31.486  -45.689  26.536 0.0000000000
26012  33.418  -46.034  26.544 0.0000000000
26975  34.907  -45.797  26.139 0.0000000000
26025  35.405  -46.353  25.842 0.0000000000
25994  34.889  -47.535  26.953 0.0000000000
25116  35.593  -47.306  26.047 0.0000000000
26036  35.470  -46.745  25.239 0.0000000000
24291  34.807  -47.467  24.172 0.0000000000
43079  50.590  -26.264  23.821 0.0000000000
42220  51.336  -26.922  24.507 0.0000000000
41446  50.156  -27.744  23.356 0.0000000000
39876  48.015  -30.154  22.704 0.0000000000
39866  48.720  -30.632  23.222 0.0000000000
37567  45.069  -33.410  20.414 0.0000000000
19441  27.404  -53.106  36.521 0.0000000000
18477  27.322  -53.766  35.036 0.0000000000
17609  26.921  -55.596  33.730 0.0000000000
17610  26.625  -56.197  33.576 0.0000000000
16803  26.840  -56.171  32.725 0.0000000000
124445  26.481  -55.977  31.887 0.0000000000
17651  25.881  -55.424  30.829 0.0000000000
17662  25.191  -55.123  28.910 0.0000000000
15987  24.004  -57.636  31.925 0.0000000000
123095  24.108  -57.202  30.506 0.0000000000
16820  24.121  -56.380  29.537 0.0000000000
17668  24.638  -55.030  28.264 0.0000000000
109512  24.010  -54.778  26.962 0.0000000000
48341  57.609  -20.363  24.363 0.0000000000
47434  56.294  -20.893  25.323 0.0000000000
116603  55.320  -21.836  25.815 0.0000000000
46569  54.622  -22.864  26.544 0.0000000000
48314  54.291  -20.420  26.514 0.0000000000
47399  54.192  -21.874  26.638 0.0000000000
45704  53.867  -23.615  26.920 0.0000000000
44835  52.905  -23.946  27.627 0.0000000000
44846  52.355  -24.679  26.591 0.0000000000
43986  51.915  -24.988  25.651 0.0000000000
45707  51.557  -22.910  26.923 0.0000000000
44866  51.383  -24.556  25.207 0.0000000000
43999  50.466  -25.302  24.137 0.0000000000
44014  49.797  -25.905  23.458 0.0000000000
43102  48.622  -26.804  22.848 0.0000000000
42235  48.254  -27.423  22.879 0.0000000000
42214  48.124  -26.838  24.433 0.0000000000
42223  47.544  -27.421  24.228 0.0000000000
41448  47.081  -28.245  23.172 0.0000000000
40664  46.006  -29.266  23.157 0.0000000000
39880  45.011  -30.359  22.567 0.0000000000
106985  44.388  -31.634  22.496 0.0000000000
119661  48.337  -27.289  28.764 0.0000000000
41401  48.093  -28.110  27.590 0.0000000000
112428  47.130  -29.171  26.760 0.0000000000
39823  46.916  -30.341  27.609 0.0000000000
39834  46.254  -30.462  26.553 0.0000000000
39842  45.907  -30.255  25.645 0.0000000000
108986  45.077  -31.294  24.593 0.0000000000
110882  44.668  -31.688  24.210 0.0000000000
37546  43.821  -32.922  22.603 0.0000000000
36748  42.908  -34.329  22.718 0.0000000000
35900  42.745  -35.657  22.323 0.0000000000
35020  43.202  -36.273  24.628 0.0000000000
113942  42.733  -37.655  23.208 0.0000000000
37443  47.086  -33.777  31.038 0.0000000000
114973  45.826  -35.868  29.047 0.0000000000
111785  46.585  -38.494  31.596 0.0000000000
30652  46.041  -42.019  29.915 0.0000000000
33392  46.164  -39.207  30.894 0.0000000000
106187  46.464  -38.408  30.997 0.0000000000
34210  45.873  -37.487  30.224 0.0000000000
34217  45.620  -37.277  29.115 0.0000000000
34990  45.005  -36.504  28.120 0.0000000000
114562  44.292  -38.136  27.285 0.0000000000
32531  43.952  -39.309  26.795 0.0000000000
113562  43.673  -40.417  25.627 0.0000000000
29837  44.492  -42.872  25.908 0.0000000000
30718  43.725  -41.724  24.917 0.0000000000
31608  43.492  -40.882  24.124 0.0000000000
30737  43.303  -41.628  22.529 0.0000000000
26052  42.585  -47.705  21.634 0.0000000000
26057  41.486  -46.622  21.104 0.0000000000
28906  40.939  -43.376  24.613 0.0000000000
29849  41.500  -42.908  23.353 0.0000000000
125107  41.469  -42.832  22.184 0.0000000000
31629  40.552  -40.604  22.663 0.0000000000
30750  41.093  -41.377  22.148 0.0000000000
118959  36.706  -41.766  30.130 0.0000000000
30671  36.661  -40.454  29.264 0.0000000000
31551  36.382  -40.170  28.325 0.0000000000
30674  34.506  -41.642  28.419 0.0000000000
30685  35.697  -40.810  28.097 0.0000000000
107503  36.034  -39.896  26.950 0.0000000000
31587  35.927  -39.880  26.118 0.0000000000
32537  35.880  -40.022  24.760 0.0000000000
32548  36.066  -39.743  23.896 0.0000000000
29820  31.582  -43.117  25.478 0.0000000000
30711  32.138  -41.806  25.059 0.0000000000
108284  32.814  -41.297  24.602 0.0000000000
109519  32.088  -41.635  22.430 0.0000000000
30720  32.588  -41.156  23.786 0.0000000000
31600  33.496  -40.611  24.305 0.0000000000
31612  34.133  -39.962  23.775 0.0000000000
32563  35.092  -39.738  23.396 0.0000000000
46603  58.158  -21.844  23.449 0.0000000000
46609  58.404  -22.037  21.907 0.0000000000
46618  58.853  -22.046  21.087 0.0000000000
111414  51.668  -27.915  25.037 0.0000000000
30623  38.504  -41.790  32.672 0.0000000000
29732  38.812  -41.723  33.431 0.0000000000
30632  39.068  -41.196  32.217 0.0000000000
30634  37.638  -41.570  31.514 0.0000000000
115417  52.050  -25.660  25.531 0.0000000000
43067  51.913  -26.146  24.951 0.0000000000
21499  34.054  -51.724  28.838 0.0000000000
20545  33.764  -51.970  29.324 0.0000000000
106373  25.995  -54.721  27.971 0.0000000000
18547  25.429  -54.610  27.730 0.0000000000
18553  25.149  -54.169  27.256 0.0000000000
25914  31.569  -45.502  36.850 0.0000000000
26874  32.397  -44.879  36.858 0.0000000000
26897  32.492  -45.242  35.909 0.0000000000
123388  32.009  -45.614  35.680 0.0000000000
20532  34.747  -51.943  29.973 0.0000000000
21480  35.432  -51.555  30.288 0.0000000000
21489  35.286  -51.754  29.801 0.0000000000
21497  35.456  -51.450  29.608 0.0000000000
36656  46.182  -34.422  28.730 0.0000000000
36666  45.826  -34.246  28.046 0.0000000000
28885  42.783  -44.258  27.144 0.0000000000
27904  43.361  -44.774  27.678 0.0000000000
27911  42.959  -45.047  26.896 0.0000000000
26974  43.142  -45.782  26.590 0.0000000000
27921  42.476  -45.398  26.016 0.0000000000
26990  42.057  -45.359  24.999 0.0000000000
27922  41.830  -44.575  25.499 0.0000000000
48340  58.025  -20.800  23.797 0.0000000000
48350  58.232  -20.693  23.061 0.0000000000
47446  58.071  -21.470  23.685 0.0000000000
20506  31.143  -52.853  32.384 0.0000000000
19461  31.733  -53.357  31.797 0.0000000000
18516  29.189  -54.999  31.847 0.0000000000
17637  28.363  -55.207  31.528 0.0000000000
17638  27.383  -55.329  32.261 0.0000000000
25023  29.459  -47.202  37.166 0.0000000000
109004  29.584  -48.425  36.036 0.0000000000
119235  42.285  -39.393  35.214 0.0000000000
32448  43.197  -40.388  34.068 0.0000000000
31479  42.528  -40.429  34.289 0.0000000000
31547  42.528  -40.546  28.446 0.0000000000
31548  41.411  -40.027  28.038 0.0000000000
32523  37.557  -39.528  26.559 0.0000000000
31563  37.045  -39.946  26.992 0.0000000000
23378  34.881  -49.143  25.595 0.0000000000
27830  35.641  -44.017  35.373 0.0000000000
27829  36.167  -43.600  35.650 0.0000000000
27842  36.313  -43.925  35.140 0.0000000000
28795  36.728  -43.637  34.607 0.0000000000
27857  36.109  -44.066  34.343 0.0000000000
28810  35.829  -43.798  33.484 0.0000000000
27858  35.417  -44.566  33.994 0.0000000000
26926  31.916  -45.175  31.730 0.0000000000
27878  31.803  -44.935  30.954 0.0000000000
24208  30.372  -48.708  32.752 0.0000000000
24236  34.303  -48.167  29.278 0.0000000000
118008  33.077  -47.797  29.012 0.0000000000
25088  33.041  -47.150  28.362 0.0000000000
111494  34.034  -47.662  28.397 0.0000000000
23362  35.108  -49.257  26.371 0.0000000000
23390  35.226  -48.853  25.038 0.0000000000
41463  47.999  -28.565  22.612 0.0000000000
41462  48.640  -28.270  22.742 0.0000000000
15977  25.060  -57.236  33.171 0.0000000000
15985  25.530  -57.350  32.418 0.0000000000
119359  21.721  -57.524  29.489 0.0000000000
16822  22.056  -57.156  28.981 0.0000000000
119352  22.827  -57.134  29.071 0.0000000000
17665  22.465  -55.841  28.126 0.0000000000
16839  21.951  -56.124  28.206 0.0000000000
119199  55.827  -19.799  26.074 0.0000000000
108666  55.839  -19.394  25.249 0.0000000000
114466  52.900  -21.220  26.727 0.0000000000
46555  52.498  -22.557  27.709 0.0000000000
46545  52.204  -21.930  28.024 0.0000000000
44847  49.426  -23.927  25.983 0.0000000000
44855  49.902  -24.135  25.291 0.0000000000
41421  47.112  -28.177  25.615 0.0000000000
40640  46.166  -29.441  25.291 0.0000000000
37509  44.208  -32.730  25.133 0.0000000000
37496  43.795  -33.510  25.338 0.0000000000
36714  43.460  -34.470  24.183 0.0000000000
36693  43.526  -34.474  25.135 0.0000000000
32558  42.882  -39.722  23.503 0.0000000000
30630  45.051  -41.781  31.162 0.0000000000
31510  45.369  -40.970  31.321 0.0000000000
30682  45.089  -42.386  27.589 0.0000000000
31545  45.506  -41.824  28.333 0.0000000000
31559  45.616  -40.893  28.026 0.0000000000
31573  45.077  -40.586  27.226 0.0000000000
30694  44.802  -42.161  26.729 0.0000000000
27015  43.637  -47.008  23.256 0.0000000000
27946  43.897  -45.569  23.759 0.0000000000
121405  43.948  -46.025  23.494 0.0000000000
27947  43.630  -45.226  23.032 0.0000000000
27023  43.321  -46.273  22.777 0.0000000000
27028  42.892  -46.595  22.100 0.0000000000
28936  40.986  -44.373  21.569 0.0000000000
31585  40.525  -40.441  24.801 0.0000000000
31596  40.643  -40.769  24.083 0.0000000000
28855  35.069  -42.610  30.329 0.0000000000
29783  35.547  -42.422  29.891 0.0000000000
105263  34.773  -42.288  29.907 0.0000000000
30709  33.705  -41.420  25.757 0.0000000000
121872  34.223  -41.101  25.614 0.0000000000
31589  34.715  -40.638  25.475 0.0000000000
28932  32.288  -43.466  22.479 0.0000000000
20488  29.584  -52.533  34.179 0.0000000000
20496  30.007  -52.724  33.382 0.0000000000
19449  28.954  -53.037  34.400 0.0000000000
19455  27.940  -53.457  33.884 0.0000000000
21421  28.891  -51.305  35.079 0.0000000000
125392  29.380  -51.318  34.692 0.0000000000
122018  29.726  -51.817  34.211 0.0000000000
106463  39.037  -41.714  35.769 0.0000000000
125186  40.924  -40.454  34.364 0.0000000000
31490  40.627  -40.605  33.883 0.0000000000
105689  40.984  -40.440  33.299 0.0000000000
31501  40.254  -40.522  33.111 0.0000000000
108890  40.146  -40.113  31.465 0.0000000000
31525  40.390  -39.632  30.741 0.0000000000
31526  39.642  -39.550  30.260 0.0000000000
31549  38.072  -39.572  28.789 0.0000000000
31537  37.486  -39.997  29.453 0.0000000000
116057  53.643  -25.201  27.084 0.0000000000
42195  53.546  -27.218  26.342 0.0000000000
22418  33.602  -50.124  27.050 0.0000000000
21512  32.601  -51.190  27.746 0.0000000000
124201  31.825  -51.046  27.421 0.0000000000
18541  28.424  -54.313  28.698 0.0000000000
19530  26.435  -52.935  26.176 0.0000000000
20575  26.367  -52.778  25.417 0.0000000000
19531  25.661  -52.844  26.137 0.0000000000
19532  24.710  -52.860  25.877 0.0000000000
27793  34.215  -44.052  38.645 0.0000000000
124749  33.403  -44.317  36.359 0.0000000000
27804  34.166  -43.984  37.912 0.0000000000
113267  34.960  -43.913  35.677 0.0000000000
26903  34.190  -44.764  34.888 0.0000000000
26905  32.552  -45.398  34.172 0.0000000000
26914  32.340  -45.475  33.405 0.0000000000
26915  31.537  -45.817  33.068 0.0000000000
23319  32.092  -50.653  30.947 0.0000000000
23318  33.294  -50.656  30.896 0.0000000000
110598  35.540  -50.512  30.335 0.0000000000
124896  35.238  -50.083  30.403 0.0000000000
24225  35.267  -49.712  29.947 0.0000000000
107163  34.829  -48.887  29.719 0.0000000000
23335  35.068  -49.555  29.368 0.0000000000
122069  34.780  -50.233  28.368 0.0000000000
22395  34.744  -50.013  28.360 0.0000000000
22416  35.011  -49.342  27.245 0.0000000000
40677  45.710  -29.895  22.444 0.0000000000
39878  46.246  -30.301  22.113 0.0000000000
38321  45.720  -31.895  21.425 0.0000000000
38320  46.581  -32.660  21.450 0.0000000000
16014  20.324  -56.830  28.686 0.0000000000
16015  19.546  -57.146  28.864 0.0000000000
43963  48.854  -25.106  27.244 0.0000000000
43047  48.365  -26.559  27.383 0.0000000000
38993  47.046  -31.356  29.319 0.0000000000
111078  46.761  -31.509  28.567 0.0000000000
113701  45.725  -33.354  27.750 0.0000000000
36678  44.565  -34.404  26.744 0.0000000000
114447  44.175  -36.704  27.045 0.0000000000
35008  43.880  -35.973  26.503 0.0000000000
34239  43.568  -37.974  26.286 0.0000000000
106008  44.271  -43.409  29.602 0.0000000000
29779  44.492  -43.360  29.580 0.0000000000
28853  44.061  -43.928  29.289 0.0000000000
26950  44.095  -44.937  28.156 0.0000000000
27895  44.450  -44.560  28.341 0.0000000000
27902  44.649  -44.921  27.607 0.0000000000
28875  44.955  -44.218  27.931 0.0000000000
26959  44.714  -45.399  26.932 0.0000000000
120340  44.895  -44.672  26.803 0.0000000000
26024  43.194  -46.759  25.210 0.0000000000
26022  44.566  -47.174  25.469 0.0000000000
25115  43.673  -47.697  24.644 0.0000000000
25124  44.269  -47.733  24.222 0.0000000000
25133  43.537  -48.042  23.919 0.0000000000
26045  43.263  -48.144  23.095 0.0000000000
27949  41.302  -44.672  23.600 0.0000000000
27958  41.221  -45.019  22.827 0.0000000000
32559  39.295  -39.539  23.242 0.0000000000
32560  38.589  -39.278  23.361 0.0000000000
114419  38.894  -39.346  21.093 0.0000000000
32616  38.062  -38.989  21.156 0.0000000000
28867  32.906  -43.080  28.866 0.0000000000
29798  32.744  -42.951  28.009 0.0000000000
120504  58.418  -21.151  22.531 0.0000000000
48371  59.876  -20.762  21.789 0.0000000000
47466  59.220  -21.150  21.864 0.0000000000
47476  60.034  -21.304  21.313 0.0000000000
20520  32.929  -52.740  30.450 0.0000000000
19472  32.376  -53.530  30.746 0.0000000000
19487  31.735  -54.219  30.428 0.0000000000
117376  31.308  -54.891  30.147 0.0000000000
18499  30.445  -53.922  32.619 0.0000000000
18498  30.875  -54.123  31.951 0.0000000000
107961  30.245  -54.661  31.969 0.0000000000
103272  29.177  -54.477  29.237 0.0000000000
17654  29.085  -54.888  29.833 0.0000000000
25916  30.646  -46.318  37.108 0.0000000000
25907  30.560  -45.775  37.332 0.0000000000
25915  31.066  -46.018  37.107 0.0000000000
25929  30.833  -46.433  36.229 0.0000000000
25027  30.416  -46.962  36.608 0.0000000000
24191  30.310  -48.968  34.551 0.0000000000
115599  29.671  -50.146  34.957 0.0000000000
23280  29.615  -49.447  35.386 0.0000000000
22356  30.618  -50.854  33.456 0.0000000000
22365  30.859  -51.007  33.046 0.0000000000
22366  31.083  -50.925  32.361 0.0000000000
104096  32.350  -52.616  31.749 0.0000000000
21471  32.563  -52.219  31.710 0.0000000000
37569  42.936  -33.730  20.527 0.0000000000
39807  47.660  -30.790  30.695 0.0000000000
38979  47.625  -31.334  31.273 0.0000000000
38980  47.430  -31.620  30.743 0.0000000000
38180  47.183  -32.453  30.679 0.0000000000
110974  47.062  -33.266  30.466 0.0000000000
31487  43.420  -40.368  33.169 0.0000000000
31498  44.010  -40.159  32.132 0.0000000000
31513  42.044  -40.266  32.340 0.0000000000
31499  42.738  -40.590  33.087 0.0000000000
31523  44.030  -41.052  30.585 0.0000000000
29780  44.155  -42.446  29.827 0.0000000000
30655  43.612  -41.709  29.442 0.0000000000
30670  42.521  -41.632  27.932 0.0000000000
30683  42.656  -42.617  28.277 0.0000000000
29806  42.250  -42.818  27.084 0.0000000000
30695  41.884  -42.027  26.815 0.0000000000
31575  40.830  -40.732  26.366 0.0000000000
32509  39.694  -39.687  28.143 0.0000000000
32510  39.145  -39.561  27.812 0.0000000000
32521  39.154  -39.527  26.813 0.0000000000
107610  39.670  -39.658  25.989 0.0000000000
109100  37.427  -39.194  25.078 0.0000000000
32547  36.746  -39.447  24.701 0.0000000000
26994  33.286  -45.073  25.314 0.0000000000
27926  32.393  -44.597  25.004 0.0000000000
28920  33.278  -43.952  23.069 0.0000000000
28919  34.229  -44.207  22.896 0.0000000000
118021  34.549  -45.129  22.995 0.0000000000
104272  34.520  -45.104  22.309 0.0000000000
27965  34.425  -44.698  21.995 0.0000000000
28937  34.144  -44.397  21.813 0.0000000000
28938  33.915  -44.152  21.554 0.0000000000
46578  56.144  -21.785  25.284 0.0000000000
104735  55.984  -22.597  25.380 0.0000000000
44852  56.000  -24.589  25.279 0.0000000000
23380  32.747  -49.673  25.366 0.0000000000
20535  32.199  -53.186  29.678 0.0000000000
20546  32.689  -52.383  29.290 0.0000000000
20557  30.129  -52.582  28.343 0.0000000000
20559  28.413  -53.027  27.405 0.0000000000
20564  28.031  -52.610  26.648 0.0000000000
28763  34.249  -43.108  36.976 0.0000000000
29700  35.188  -42.678  36.396 0.0000000000
29709  36.757  -42.729  36.206 0.0000000000
29698  37.032  -41.927  36.423 0.0000000000
29708  37.329  -42.327  36.134 0.0000000000
29707  38.015  -41.889  35.995 0.0000000000
29719  37.535  -42.501  35.823 0.0000000000
28808  37.152  -43.093  34.027 0.0000000000
29734  37.607  -42.720  33.403 0.0000000000
28825  35.567  -43.367  32.616 0.0000000000
28834  36.299  -42.862  31.967 0.0000000000
28835  35.392  -43.102  31.696 0.0000000000
28836  34.599  -43.411  31.419 0.0000000000
27875  34.058  -44.102  31.866 0.0000000000
28857  33.263  -43.287  29.646 0.0000000000
28846  32.948  -43.996  30.071 0.0000000000
27891  31.622  -44.438  29.439 0.0000000000
28869  31.496  -44.085  27.954 0.0000000000
116596  30.710  -46.599  35.414 0.0000000000
25935  30.982  -46.472  34.538 0.0000000000
25958  30.235  -46.703  31.019 0.0000000000
125340  30.186  -48.951  30.537 0.0000000000
120679  30.618  -48.767  29.974 0.0000000000
25079  31.140  -47.650  29.227 0.0000000000
24240  30.556  -48.024  29.671 0.0000000000
25080  30.661  -47.261  29.553 0.0000000000
25968  30.526  -46.680  30.132 0.0000000000
26934  30.960  -45.969  29.865 0.0000000000
25976  30.798  -46.562  29.251 0.0000000000
110911  31.559  -46.426  27.278 0.0000000000
26963  30.847  -45.713  27.046 0.0000000000
26013  32.303  -46.045  26.523 0.0000000000
26010  34.892  -46.490  26.628 0.0000000000
26011  34.410  -46.123  26.626 0.0000000000
119746  35.182  -46.171  26.230 0.0000000000
112550  34.666  -48.720  27.706 0.0000000000
25096  34.880  -48.043  27.278 0.0000000000
24254  35.229  -48.512  26.811 0.0000000000
115996  35.879  -47.986  26.033 0.0000000000
110427  35.757  -47.729  25.434 0.0000000000
25126  35.562  -47.618  24.882 0.0000000000
24284  35.338  -48.148  24.611 0.0000000000
43100  49.901  -26.679  23.164 0.0000000000
42221  50.628  -27.079  23.753 0.0000000000
40673  49.096  -28.969  23.014 0.0000000000
41431  49.892  -28.824  23.409 0.0000000000
40662  49.591  -29.725  23.590 0.0000000000
39075  48.304  -31.159  22.944 0.0000000000
39074  49.091  -31.342  23.437 0.0000000000
36764  45.067  -34.330  19.990 0.0000000000
20483  26.838  -52.342  36.014 0.0000000000
18472  27.107  -54.104  36.072 0.0000000000
105580  27.260  -54.330  34.011 0.0000000000
17593  26.799  -54.656  34.701 0.0000000000
16792  26.683  -56.272  33.366 0.0000000000
17639  26.883  -55.498  32.028 0.0000000000
16811  26.493  -56.634  32.194 0.0000000000
16812  25.444  -56.811  31.113 0.0000000000
16815  26.174  -56.436  31.556 0.0000000000
17658  25.170  -55.467  30.183 0.0000000000
15141  22.372  -58.243  31.158 0.0000000000
15988  23.148  -58.017  31.385 0.0000000000
15124  23.256  -58.019  32.342 0.0000000000
15991  23.657  -57.517  30.700 0.0000000000
16828  23.711  -56.232  28.786 0.0000000000
17663  24.326  -55.658  28.859 0.0000000000
122921  24.200  -54.823  27.775 0.0000000000
120773  23.541  -54.845  27.778 0.0000000000
17678  23.186  -54.828  26.737 0.0000000000
17670  20.904  -55.461  27.503 0.0000000000
49236  57.657  -20.082  24.502 0.0000000000
48331  56.980  -20.444  24.768 0.0000000000
48332  56.512  -20.142  25.640 0.0000000000
47415  55.175  -21.173  25.776 0.0000000000
47416  54.945  -21.887  26.189 0.0000000000
49209  55.199  -19.990  26.308 0.0000000000
47400  53.134  -21.845  27.000 0.0000000000
107337  53.353  -24.304  27.427 0.0000000000
45705  53.100  -23.263  27.537 0.0000000000
44853  51.648  -24.350  25.824 0.0000000000
42222  48.136  -27.047  23.451 0.0000000000
43069  48.552  -26.073  24.868 0.0000000000
41432  46.968  -27.972  24.031 0.0000000000
41449  46.710  -28.831  22.928 0.0000000000
39867  45.297  -29.871  23.124 0.0000000000
39076  44.927  -30.428  23.197 0.0000000000
39077  44.629  -30.939  22.852 0.0000000000
39064  44.840  -31.057  23.714 0.0000000000
41402  47.593  -28.798  27.286 0.0000000000
39007  46.369  -31.643  27.738 0.0000000000
39019  46.941  -30.917  27.993 0.0000000000
39824  46.593  -30.846  27.303 0.0000000000
39843  45.489  -30.802  25.094 0.0000000000
112750  44.152  -33.008  24.160 0.0000000000
38268  44.348  -32.275  24.183 0.0000000000
38288  44.160  -32.451  23.170 0.0000000000
37532  43.323  -33.501  22.629 0.0000000000
35899  42.838  -35.224  22.877 0.0000000000
35039  42.732  -36.423  22.206 0.0000000000
35038  42.968  -36.067  22.893 0.0000000000
34271  42.634  -37.570  22.065 0.0000000000
35784  46.730  -34.902  31.171 0.0000000000
36633  46.585  -34.848  30.392 0.0000000000
35800  46.054  -35.533  29.852 0.0000000000
32454  45.993  -39.741  31.778 0.0000000000
33378  46.474  -39.053  32.066 0.0000000000
114426  46.539  -38.379  32.153 0.0000000000
33386  46.274  -39.372  31.422 0.0000000000
112647  45.672  -42.275  30.227 0.0000000000
31534  45.759  -40.878  29.580 0.0000000000
125295  45.858  -41.218  29.961 0.0000000000
32484  45.590  -40.283  30.184 0.0000000000
109619  45.830  -38.474  30.314 0.0000000000
120491  45.490  -37.874  28.690 0.0000000000
34977  45.554  -36.505  28.738 0.0000000000
34218  45.312  -37.298  28.448 0.0000000000
34224  44.872  -37.429  27.899 0.0000000000
107429  44.765  -38.153  27.590 0.0000000000
105952  43.976  -40.146  26.416 0.0000000000
32532  43.571  -39.608  25.833 0.0000000000
124440  44.402  -44.111  25.995 0.0000000000
114479  44.604  -43.509  26.316 0.0000000000
28905  44.261  -43.406  25.693 0.0000000000
29847  43.438  -42.463  24.335 0.0000000000
30726  43.363  -41.613  23.697 0.0000000000
31628  42.961  -40.969  23.140 0.0000000000
29848  43.253  -42.324  23.188 0.0000000000
28935  43.040  -44.010  21.717 0.0000000000
26046  42.509  -47.957  22.527 0.0000000000
27031  40.792  -46.160  20.949 0.0000000000
28897  41.120  -43.193  25.389 0.0000000000
116239  41.337  -42.034  23.485 0.0000000000
29839  41.136  -42.629  24.015 0.0000000000
110897  41.395  -42.176  22.726 0.0000000000
31610  39.947  -39.892  22.950 0.0000000000
31644  40.779  -41.063  21.304 0.0000000000
29769  36.575  -42.186  30.661 0.0000000000
30659  35.757  -41.852  29.434 0.0000000000
30658  36.442  -41.509  29.601 0.0000000000
29807  33.858  -42.004  28.071 0.0000000000
30697  34.950  -41.213  27.727 0.0000000000
31564  35.466  -40.584  27.304 0.0000000000
122844  36.000  -40.263  27.668 0.0000000000
31598  35.184  -40.331  24.909 0.0000000000
28898  31.306  -43.836  25.463 0.0000000000
28908  31.553  -43.459  24.866 0.0000000000
29840  31.651  -42.547  24.751 0.0000000000
110914  31.863  -42.505  22.196 0.0000000000
31614  32.489  -40.957  22.989 0.0000000000
31613  33.141  -40.303  23.509 0.0000000000
121874  33.536  -39.817  23.118 0.0000000000
32585  34.348  -39.353  22.163 0.0000000000
32564  34.311  -39.624  22.908 0.0000000000
32584  35.205  -39.465  22.529 0.0000000000
49284  60.375  -19.564  19.966 0.0000000000
46592  58.015  -21.851  23.759 0.0000000000
108190  57.915  -22.300  23.505 0.0000000000
46610  58.111  -22.165  22.936 0.0000000000
42213  51.012  -27.889  24.265 0.0000000000
21439  28.396  -52.138  34.985 0.0000000000
29725  38.886  -41.693  34.384 0.0000000000
42204  52.077  -27.088  25.388 0.0000000000
21510  34.422  -51.292  28.657 0.0000000000
18554  24.295  -54.383  26.766 0.0000000000
27794  33.838  -44.142  38.685 0.0000000000
119146  33.843  -44.306  38.182 0.0000000000
26873  33.243  -44.597  37.633 0.0000000000
26896  33.305  -44.737  35.634 0.0000000000
123363  32.843  -45.117  35.284 0.0000000000
23317  34.373  -50.604  31.026 0.0000000000
22374  35.036  -51.032  31.055 0.0000000000
22382  35.595  -51.160  30.622 0.0000000000
22381  35.829  -50.895  30.107 0.0000000000
22380  35.499  -50.494  29.594 0.0000000000
22397  35.126  -51.268  29.117 0.0000000000
39088  44.754  -31.005  22.130 0.0000000000
115946  45.136  -32.822  20.810 0.0000000000
16006  18.605  -57.324  29.791 0.0000000000
44828  48.545  -24.412  27.718 0.0000000000
43038  48.468  -26.596  28.277 0.0000000000
38191  46.624  -33.042  28.968 0.0000000000
112703  44.627  -35.130  27.283 0.0000000000
34999  44.546  -36.084  27.476 0.0000000000
28866  43.367  -43.926  28.450 0.0000000000
28865  43.903  -44.264  28.842 0.0000000000
27898  43.624  -44.527  28.251 0.0000000000
27903  43.727  -44.919  27.959 0.0000000000
26973  43.934  -45.906  26.905 0.0000000000
26972  44.544  -46.043  26.608 0.0000000000
26008  43.586  -46.438  26.388 0.0000000000
119085  42.903  -46.216  26.049 0.0000000000
27004  42.513  -46.318  24.294 0.0000000000
28878  32.002  -43.383  27.564 0.0000000000
28888  31.876  -43.201  26.716 0.0000000000
122266  31.761  -42.930  26.073 0.0000000000
49258  59.209  -19.595  22.480 0.0000000000
20513  32.327  -53.190  31.452 0.0000000000
17655  28.687  -55.181  30.103 0.0000000000
17648  28.498  -55.309  30.709 0.0000000000
17649  27.326  -54.803  31.021 0.0000000000
25022  30.134  -47.146  36.740 0.0000000000
25028  30.190  -47.233  36.515 0.0000000000
24176  29.960  -47.959  35.755 0.0000000000
21438  29.881  -51.595  33.862 0.0000000000
21453  30.624  -51.483  32.936 0.0000000000
31474  40.759  -40.368  35.875 0.0000000000
32432  41.041  -39.933  36.064 0.0000000000
32421  41.163  -39.436  36.331 0.0000000000
33363  42.980  -39.436  34.964 0.0000000000
32439  43.282  -39.948  34.362 0.0000000000
32464  42.369  -40.126  31.580 0.0000000000
32475  41.962  -39.656  30.842 0.0000000000
32485  42.654  -39.933  30.168 0.0000000000
31546  43.159  -40.731  29.361 0.0000000000
121290  42.091  -41.581  27.293 0.0000000000
122235  41.204  -40.420  27.336 0.0000000000
32500  38.657  -39.455  28.281 0.0000000000
32522  38.283  -39.327  26.603 0.0000000000
123177  34.827  -45.198  25.600 0.0000000000
27007  35.022  -44.900  25.100 0.0000000000
27936  34.714  -44.921  24.252 0.0000000000
27950  34.553  -44.925  23.414 0.0000000000
113573  54.570  -26.319  26.420 0.0000000000
22430  31.397  -50.010  26.119 0.0000000000
19507  31.445  -53.804  29.742 0.0000000000
20565  27.422  -52.808  26.227 0.0000000000
28782  35.375  -43.257  36.126 0.0000000000
27816  36.329  -43.215  36.000 0.0000000000
28788  37.161  -43.148  35.540 0.0000000000
116344  36.835  -43.588  35.221 0.0000000000
26919  32.980  -45.157  32.854 0.0000000000
27868  33.546  -44.707  32.345 0.0000000000
27884  32.559  -44.480  30.646 0.0000000000
27885  31.738  -44.736  30.189 0.0000000000
26941  31.152  -45.193  29.584 0.0000000000
25047  30.675  -47.130  33.916 0.0000000000
25056  30.193  -47.733  32.359 0.0000000000
25065  29.978  -47.658  31.284 0.0000000000
24238  32.282  -48.442  29.516 0.0000000000
25078  31.918  -47.848  29.067 0.0000000000
25089  31.538  -47.178  28.726 0.0000000000
112802  32.008  -46.885  28.158 0.0000000000
25986  32.769  -46.772  27.618 0.0000000000
25996  34.487  -46.935  27.054 0.0000000000
25995  34.553  -47.281  27.148 0.0000000000
23360  35.406  -48.891  26.427 0.0000000000
23376  35.704  -48.707  25.778 0.0000000000
24274  35.561  -48.635  25.194 0.0000000000
42247  48.820  -27.275  22.667 0.0000000000
113659  47.327  -31.641  22.085 0.0000000000
104261  26.194  -57.153  32.267 0.0000000000
124411  25.851  -57.379  31.824 0.0000000000
112453  21.067  -58.080  30.378 0.0000000000
16001  23.192  -57.382  29.799 0.0000000000
124939  23.150  -56.611  28.748 0.0000000000
17664  23.160  -55.891  28.273 0.0000000000
106589  56.518  -19.861  25.758 0.0000000000
48333  55.998  -20.060  26.155 0.0000000000
118216  53.400  -20.666  26.652 0.0000000000
46554  52.939  -22.421  27.505 0.0000000000
117379  50.643  -23.241  26.268 0.0000000000
44000  49.478  -25.334  24.059 0.0000000000
43988  48.961  -25.706  24.113 0.0000000000
42205  47.994  -27.380  26.155 0.0000000000
42215  47.577  -27.408  25.289 0.0000000000
40648  46.012  -29.190  24.278 0.0000000000
124988  48.181  -27.877  29.159 0.0000000000
114574  47.301  -29.255  27.981 0.0000000000
38232  45.526  -32.082  26.470 0.0000000000
39047  45.217  -31.695  25.538 0.0000000000
36738  43.402  -34.029  23.489 0.0000000000
36737  43.744  -33.721  24.355 0.0000000000
34247  43.232  -37.388  25.514 0.0000000000
33446  42.674  -38.435  23.757 0.0000000000
32579  42.579  -39.308  22.510 0.0000000000
32578  42.608  -39.787  22.598 0.0000000000
32456  44.704  -40.116  32.612 0.0000000000
33380  45.285  -39.656  32.600 0.0000000000
32455  45.413  -40.077  31.951 0.0000000000
123155  45.564  -40.415  31.385 0.0000000000
124393  45.657  -42.182  29.300 0.0000000000
30667  45.926  -42.000  29.841 0.0000000000
31544  45.782  -41.423  29.174 0.0000000000
32495  45.530  -39.824  29.208 0.0000000000
32507  45.599  -39.527  28.283 0.0000000000
33412  45.173  -38.954  27.786 0.0000000000
123335  44.501  -40.501  26.669 0.0000000000
27934  44.123  -45.459  24.657 0.0000000000
118050  43.950  -44.337  25.332 0.0000000000
28916  43.549  -44.480  24.391 0.0000000000
112451  43.176  -42.977  22.732 0.0000000000
27963  42.846  -45.242  21.558 0.0000000000
27030  41.435  -46.190  21.598 0.0000000000
29828  40.934  -42.287  24.813 0.0000000000
32597  39.577  -39.393  21.710 0.0000000000
125416  36.213  -42.631  30.593 0.0000000000
124041  34.263  -41.570  27.725 0.0000000000
116370  34.322  -41.327  27.073 0.0000000000
27937  32.696  -44.075  23.780 0.0000000000
28907  31.594  -43.373  24.115 0.0000000000
31646  32.282  -40.934  21.222 0.0000000000
45737  56.915  -23.520  24.299 0.0000000000
19453  29.785  -53.470  33.273 0.0000000000
18484  28.828  -53.926  33.228 0.0000000000
22330  29.273  -50.545  35.220 0.0000000000
30584  38.359  -41.319  36.241 0.0000000000
30583  39.280  -41.070  36.134 0.0000000000
30594  40.303  -40.857  36.085 0.0000000000
30604  39.718  -41.477  35.016 0.0000000000
30603  40.339  -40.976  35.556 0.0000000000
31481  40.739  -40.296  35.063 0.0000000000
109113  41.589  -40.322  34.486 0.0000000000
105924  42.316  -40.730  33.844 0.0000000000
32476  41.115  -39.340  30.664 0.0000000000
32487  40.820  -39.341  29.711 0.0000000000
32488  38.814  -39.327  29.087 0.0000000000
31535  38.852  -39.498  29.862 0.0000000000
27017  34.861  -45.953  24.056 0.0000000000
103679  34.258  -45.817  22.307 0.0000000000
44834  54.063  -24.581  26.817 0.0000000000
43055  54.042  -27.093  26.525 0.0000000000
22407  33.330  -50.813  27.508 0.0000000000
22420  30.895  -50.525  26.582 0.0000000000
19509  29.178  -54.126  28.618 0.0000000000
19513  27.489  -53.415  27.432 0.0000000000
20566  26.914  -52.895  25.787 0.0000000000
27803  34.218  -43.382  36.534 0.0000000000
27844  34.933  -44.914  34.434 0.0000000000
26920  32.119  -45.366  32.553 0.0000000000
115629  30.222  -49.285  31.169 0.0000000000
23329  31.729  -49.755  30.585 0.0000000000
112675  32.835  -48.959  30.442 0.0000000000
23327  33.962  -49.748  30.796 0.0000000000
25077  34.899  -48.334  29.028 0.0000000000
25086  34.712  -47.995  28.494 0.0000000000
24248  34.889  -48.510  28.941 0.0000000000
24247  34.830  -48.862  28.605 0.0000000000
22388  35.345  -50.608  29.150 0.0000000000
23352  35.006  -49.231  27.079 0.0000000000
40675  47.578  -29.330  22.414 0.0000000000
39087  46.765  -30.965  22.041 0.0000000000
16013  21.158  -57.126  29.027 0.0000000000
16831  20.351  -56.076  28.084 0.0000000000
113062  18.982  -56.814  28.484 0.0000000000
43059  48.304  -26.462  26.250 0.0000000000
41412  47.381  -28.549  26.437 0.0000000000
40609  47.048  -30.018  29.218 0.0000000000
38215  45.952  -32.481  27.789 0.0000000000
123482  45.517  -32.653  27.174 0.0000000000
36692  44.021  -34.141  26.134 0.0000000000
35860  43.810  -35.223  25.880 0.0000000000
33433  43.337  -39.064  25.311 0.0000000000
34924  46.430  -36.433  32.328 0.0000000000
29767  45.301  -42.802  29.971 0.0000000000
28852  44.768  -43.321  29.492 0.0000000000
119284  43.993  -44.212  29.019 0.0000000000
29793  44.953  -43.397  28.846 0.0000000000
29804  45.039  -43.274  27.829 0.0000000000
29815  44.846  -43.081  26.933 0.0000000000
28895  44.706  -44.362  26.367 0.0000000000
26988  44.913  -46.681  26.008 0.0000000000
117278  44.952  -46.919  25.209 0.0000000000
27003  44.747  -46.289  24.809 0.0000000000
26034  44.820  -47.106  24.295 0.0000000000
26043  44.233  -47.512  23.633 0.0000000000
26044  43.597  -48.034  22.816 0.0000000000
27016  42.067  -46.501  23.261 0.0000000000
28928  41.364  -44.154  22.331 0.0000000000
29856  41.403  -43.412  21.902 0.0000000000
29784  34.232  -42.287  29.497 0.0000000000
29808  33.223  -42.337  27.655 0.0000000000
30710  33.028  -41.455  25.284 0.0000000000
112939  33.065  -43.167  21.046 0.0000000000
30751  32.035  -41.885  20.695 0.0000000000
30767  32.145  -41.966  19.948 0.0000000000
47475  60.185  -21.021  20.718 0.0000000000
47483  59.589  -21.647  20.696 0.0000000000
44878  56.891  -24.465  23.435 0.0000000000
20533  33.564  -52.246  29.812 0.0000000000
19502  31.908  -53.813  30.143 0.0000000000
19508  30.677  -54.237  29.599 0.0000000000
18540  29.968  -54.305  29.331 0.0000000000
19462  31.077  -53.496  32.195 0.0000000000
18529  30.936  -54.997  30.607 0.0000000000
105882  27.421  -54.639  28.816 0.0000000000
18542  26.303  -54.865  28.577 0.0000000000
26861  31.117  -44.946  37.419 0.0000000000
25923  31.627  -45.717  36.303 0.0000000000
25040  30.277  -47.997  34.294 0.0000000000
24199  30.440  -48.762  33.763 0.0000000000
23272  29.356  -49.131  35.990 0.0000000000
23288  30.395  -49.617  34.369 0.0000000000
22342  30.345  -50.441  34.042 0.0000000000
23289  30.526  -49.538  34.122 0.0000000000
119065  31.712  -51.109  31.589 0.0000000000
22376  32.694  -51.524  31.304 0.0000000000
21470  33.772  -51.649  30.665 0.0000000000
37547  43.402  -32.861  21.832 0.0000000000
37560  43.315  -32.840  20.890 0.0000000000
36765  43.725  -34.311  19.785 0.0000000000
41388  48.031  -28.144  29.854 0.0000000000
40601  47.323  -28.841  30.126 0.0000000000
39814  47.223  -30.276  30.029 0.0000000000
104506  47.115  -31.885  29.966 0.0000000000
37455  46.617  -33.888  29.219 0.0000000000
30631  44.772  -41.480  31.020 0.0000000000
109881  43.922  -40.489  31.429 0.0000000000
30644  44.567  -42.006  30.384 0.0000000000
29794  43.076  -43.167  28.666 0.0000000000
28877  42.532  -43.546  27.252 0.0000000000
28886  42.219  -43.646  26.522 0.0000000000
28896  41.597  -43.811  25.844 0.0000000000
30708  40.778  -41.336  25.527 0.0000000000
105280  38.303  -39.207  24.174 0.0000000000
32545  38.107  -39.123  24.995 0.0000000000
32561  37.592  -39.221  23.481 0.0000000000
26979  31.460  -45.073  25.953 0.0000000000
27913  31.138  -44.366  25.983 0.0000000000
27927  31.594  -44.519  25.442 0.0000000000
27018  34.668  -45.389  23.820 0.0000000000
27960  34.465  -44.565  22.770 0.0000000000
28939  33.666  -43.838  21.489 0.0000000000
44845  54.844  -24.702  26.438 0.0000000000
21525  29.082  -51.396  26.741 0.0000000000
22422  29.449  -50.658  26.194 0.0000000000
29699  36.222  -42.302  36.372 0.0000000000
30574  37.303  -41.095  36.766 0.0000000000
30573  37.860  -40.824  36.645 0.0000000000
28787  37.639  -42.595  35.193 0.0000000000
29726  38.161  -41.984  34.784 0.0000000000
29733  38.035  -41.999  33.713 0.0000000000
109000  37.963  -42.347  32.893 0.0000000000
29743  37.661  -42.142  32.215 0.0000000000
28833  37.037  -42.616  31.990 0.0000000000
28844  34.406  -43.116  30.694 0.0000000000
24217  29.925  -48.558  30.932 0.0000000000
26942  30.703  -45.898  28.900 0.0000000000
26952  30.496  -45.949  28.154 0.0000000000
122022  30.660  -45.645  27.716 0.0000000000
118044  31.117  -44.981  26.573 0.0000000000
26978  32.050  -45.616  26.013 0.0000000000
26977  32.905  -45.713  25.864 0.0000000000
26976  34.128  -45.443  25.945 0.0000000000
26992  35.236  -45.624  25.548 0.0000000000
26991  35.438  -45.875  25.194 0.0000000000
25983  34.707  -47.696  27.977 0.0000000000
25104  35.478  -47.919  26.566 0.0000000000
124075  35.279  -47.403  26.576 0.0000000000
105363  35.105  -46.665  24.507 0.0000000000
122308  34.617  -47.947  23.718 0.0000000000
39865  49.495  -30.558  23.669 0.0000000000
37559  44.405  -32.777  20.721 0.0000000000
36757  45.855  -34.127  20.819 0.0000000000
21423  27.567  -52.380  35.328 0.0000000000
19444  27.524  -53.544  36.184 0.0000000000
17625  27.177  -55.638  32.959 0.0000000000
17594  26.626  -55.604  34.037 0.0000000000
17650  26.367  -55.187  31.398 0.0000000000
103358  26.132  -55.016  29.593 0.0000000000
15990  24.506  -57.310  31.054 0.0000000000
16816  24.431  -56.830  30.396 0.0000000000
16817  23.865  -57.117  29.948 0.0000000000
17659  24.589  -55.656  29.503 0.0000000000
16840  21.269  -56.002  28.134 0.0000000000
49235  57.904  -20.295  24.078 0.0000000000
47414  55.667  -21.386  25.599 0.0000000000
49227  54.869  -19.521  25.836 0.0000000000
47398  54.573  -21.113  26.195 0.0000000000
44836  52.885  -24.743  27.371 0.0000000000
43998  51.491  -25.251  24.813 0.0000000000
47402  51.871  -21.844  28.025 0.0000000000
45717  51.607  -23.769  26.337 0.0000000000
43101  49.140  -26.482  22.876 0.0000000000
42249  47.788  -28.090  22.811 0.0000000000
42236  47.597  -27.667  23.372 0.0000000000
38304  44.077  -32.312  22.131 0.0000000000
41393  48.176  -28.016  28.465 0.0000000000
114595  47.139  -30.048  28.225 0.0000000000
39833  46.685  -30.188  27.127 0.0000000000
40631  46.652  -29.701  26.676 0.0000000000
40632  46.292  -29.765  26.070 0.0000000000
39065  44.451  -31.648  23.413 0.0000000000
106250  42.968  -36.654  23.545 0.0000000000
34270  42.829  -36.861  22.777 0.0000000000
38172  47.168  -33.053  31.351 0.0000000000
37454  46.916  -34.071  30.145 0.0000000000
36646  46.381  -34.638  29.555 0.0000000000
35813  45.996  -35.168  28.960 0.0000000000
34185  46.350  -37.623  32.467 0.0000000000
34194  46.527  -37.520  31.941 0.0000000000
30642  45.642  -42.107  30.421 0.0000000000
122410  45.530  -41.598  30.704 0.0000000000
31508  45.717  -40.936  30.511 0.0000000000
31522  45.926  -41.259  29.932 0.0000000000
125215  46.517  -38.862  31.270 0.0000000000
34202  46.419  -37.327  31.191 0.0000000000
34964  46.153  -36.439  30.487 0.0000000000
111621  45.622  -38.111  29.425 0.0000000000
34976  45.773  -36.487  29.563 0.0000000000
35814  45.518  -35.635  28.451 0.0000000000
115553  44.569  -36.864  27.564 0.0000000000
34231  44.422  -37.521  27.379 0.0000000000
33420  44.474  -38.809  27.306 0.0000000000
33426  43.919  -38.481  26.998 0.0000000000
33427  43.546  -38.804  26.129 0.0000000000
32543  43.453  -39.988  24.639 0.0000000000
29827  44.641  -42.843  26.278 0.0000000000
117760  44.506  -41.857  26.055 0.0000000000
30706  44.023  -41.587  25.581 0.0000000000
29838  44.031  -42.599  25.337 0.0000000000
30707  43.684  -40.939  25.157 0.0000000000
119390  43.171  -40.321  23.599 0.0000000000
26056  41.793  -46.689  21.463 0.0000000000
27923  41.076  -44.044  25.153 0.0000000000
28918  41.105  -43.652  23.850 0.0000000000
29857  41.537  -43.223  22.552 0.0000000000
117295  40.674  -40.537  21.974 0.0000000000
30646  37.243  -41.380  30.705 0.0000000000
30657  37.126  -41.009  29.858 0.0000000000
30673  35.266  -41.343  28.693 0.0000000000
124793  36.525  -39.992  27.549 0.0000000000
32536  36.317  -39.774  25.443 0.0000000000
112348  35.844  -39.663  23.086 0.0000000000
29830  31.917  -42.385  25.603 0.0000000000
30728  31.786  -41.882  23.195 0.0000000000
46602  58.313  -21.726  22.784 0.0000000000
41410  52.380  -27.961  25.595 0.0000000000
21469  34.978  -51.326  30.704 0.0000000000
22389  35.717  -51.054  29.649 0.0000000000
24218  29.981  -47.986  30.690 0.0000000000
24226  34.796  -49.590  30.362 0.0000000000
25097  34.789  -47.720  27.763 0.0000000000
25114  44.130  -47.709  24.851 0.0000000000
25125  43.841  -48.023  24.279 0.0000000000
26023  43.941  -47.311  25.587 0.0000000000
26961  43.847  -45.311  27.706 0.0000000000
26987  44.820  -46.055  25.743 0.0000000000
27896  44.066  -44.398  28.831 0.0000000000
27920  44.759  -45.093  26.148 0.0000000000
28765  34.087  -43.941  38.954 0.0000000000
30628  45.692  -41.894  30.383 0.0000000000
30629  45.504  -41.686  30.735 0.0000000000
32473  45.739  -40.302  30.862 0.0000000000
113459  44.314  -42.249  25.676 0.0000000000
124599  43.792  -44.923  28.116 0.0000000000
