#!ascii label  , from subject 001 vox2ras=TkReg
1008
37513  33.594  -33.314  23.128 0.0000000000
109505  44.859  -12.656  14.599 0.0000000000
45797  37.173  -23.752  17.672 0.0000000000
25991  16.913  -46.529  27.828 0.0000000000
38224  26.904  -32.087  27.227 0.0000000000
123377  38.249  -18.575  18.641 0.0000000000
30715  22.468  -41.696  25.554 0.0000000000
25120  21.269  -47.342  25.040 0.0000000000
32567  25.418  -39.340  23.354 0.0000000000
54334  48.739  -13.908  15.316 0.0000000000
114566  35.599  -30.168  24.963 0.0000000000
40690  36.413  -29.667  20.461 0.0000000000
36740  37.481  -34.515  23.191 0.0000000000
109582  48.929  -9.488  13.169 0.0000000000
55262  50.756  -12.467  11.606 0.0000000000
55203  41.524  -11.151  17.135 0.0000000000
51013  44.627  -17.506  15.831 0.0000000000
51000  40.879  -17.954  16.485 0.0000000000
45795  41.900  -24.121  17.623 0.0000000000
35852  31.230  -35.867  25.582 0.0000000000
117187  14.986  -50.875  28.992 0.0000000000
22378  11.894  -50.032  31.358 0.0000000000
21430  11.288  -51.236  35.399 0.0000000000
39054  30.585  -30.613  24.750 0.0000000000
107673  29.171  -37.432  23.851 0.0000000000
106578  32.696  -23.849  20.604 0.0000000000
42265  38.303  -26.886  22.020 0.0000000000
59696  49.832  -7.289  10.177 0.0000000000
54358  46.674  -13.210  14.579 0.0000000000
124128  46.964  -15.771  15.181 0.0000000000
38271  34.924  -32.233  24.027 0.0000000000
37550  35.268  -33.818  21.840 0.0000000000
36719  35.461  -34.949  23.724 0.0000000000
57926  44.617  -9.763  15.207 0.0000000000
58800  48.143  -7.783  14.729 0.0000000000
57132  46.356  -10.316  13.396 0.0000000000
55242  47.367  -12.129  13.491 0.0000000000
20509  8.950  -52.815  32.513 0.0000000000
53465  40.286  -14.865  16.518 0.0000000000
52606  39.615  -14.680  18.316 0.0000000000
47524  37.457  -21.232  17.349 0.0000000000
47522  39.488  -21.309  17.158 0.0000000000
45809  39.665  -23.732  17.296 0.0000000000
44058  39.773  -26.554  18.559 0.0000000000
25108  19.099  -47.068  26.307 0.0000000000
23369  20.250  -49.985  26.201 0.0000000000
118902  18.440  -49.394  27.361 0.0000000000
21507  17.315  -51.349  28.191 0.0000000000
121878  16.092  -48.827  27.983 0.0000000000
24215  13.787  -48.694  31.740 0.0000000000
22362  11.052  -49.964  33.176 0.0000000000
39042  28.196  -30.936  25.864 0.0000000000
37518  28.663  -33.273  23.654 0.0000000000
36727  26.392  -34.565  24.146 0.0000000000
28909  25.478  -43.346  23.907 0.0000000000
30713  27.025  -41.883  24.801 0.0000000000
39079  39.972  -31.342  22.466 0.0000000000
41473  38.168  -28.493  20.962 0.0000000000
52592  39.459  -15.368  19.898 0.0000000000
49292  37.519  -19.195  20.792 0.0000000000
47511  35.790  -20.746  18.708 0.0000000000
27953  23.948  -44.548  23.459 0.0000000000
25118  23.657  -47.751  25.187 0.0000000000
26998  22.022  -45.425  24.690 0.0000000000
26982  20.542  -45.470  26.414 0.0000000000
26956  18.850  -44.131  28.489 0.0000000000
118054  24.902  -35.268  25.267 0.0000000000
34235  23.247  -36.664  25.799 0.0000000000
31603  23.346  -39.516  24.205 0.0000000000
42217  35.319  -27.795  25.689 0.0000000000
42238  33.721  -28.194  23.505 0.0000000000
40680  35.498  -30.253  22.697 0.0000000000
38323  37.923  -32.614  20.887 0.0000000000
57134  50.668  -9.885  11.845 0.0000000000
56198  49.034  -11.381  12.483 0.0000000000
54373  49.385  -13.545  13.286 0.0000000000
55221  42.993  -11.925  15.391 0.0000000000
52634  44.570  -15.282  15.143 0.0000000000
52625  42.717  -15.353  15.670 0.0000000000
51015  42.274  -17.481  16.037 0.0000000000
48416  43.463  -20.531  17.242 0.0000000000
50148  39.261  -18.056  17.905 0.0000000000
48417  41.330  -20.822  17.120 0.0000000000
36701  31.788  -34.225  24.276 0.0000000000
35864  34.330  -35.387  25.461 0.0000000000
57908  43.714  -9.687  17.081 0.0000000000
25975  15.636  -46.406  29.915 0.0000000000
24244  14.070  -48.073  29.552 0.0000000000
22384  12.828  -49.963  30.178 0.0000000000
20529  12.487  -52.753  30.290 0.0000000000
105189  11.136  -52.419  30.867 0.0000000000
21458  9.961  -51.429  33.029 0.0000000000
21447  9.553  -51.611  34.357 0.0000000000
20481  8.397  -52.180  36.894 0.0000000000
38274  32.430  -32.440  23.483 0.0000000000
117011  30.195  -32.857  23.753 0.0000000000
35009  30.044  -36.479  24.660 0.0000000000
33447  26.933  -38.152  23.368 0.0000000000
45800  34.603  -23.671  18.518 0.0000000000
43138  33.475  -27.039  21.081 0.0000000000
44048  35.223  -26.229  19.724 0.0000000000
119912  37.356  -26.479  18.955 0.0000000000
35846  36.526  -35.662  26.197 0.0000000000
107036  51.894  -7.952  8.793 0.0000000000
57147  51.219  -10.669  10.486 0.0000000000
57158  52.275  -10.368  9.374 0.0000000000
54359  45.825  -13.003  14.447 0.0000000000
53471  46.778  -14.185  15.332 0.0000000000
53472  45.863  -14.250  15.218 0.0000000000
38272  34.349  -32.760  23.343 0.0000000000
37537  34.691  -33.620  22.821 0.0000000000
36743  34.303  -33.948  23.026 0.0000000000
112826  44.660  -10.906  14.549 0.0000000000
57125  45.267  -10.398  14.201 0.0000000000
56184  45.329  -11.278  14.134 0.0000000000
55233  46.306  -12.510  14.006 0.0000000000
20510  8.255  -52.633  32.986 0.0000000000
54296  40.374  -13.228  18.642 0.0000000000
53428  40.168  -13.882  20.174 0.0000000000
46658  37.485  -22.187  17.236 0.0000000000
46657  38.384  -22.431  17.168 0.0000000000
45810  38.630  -23.588  17.353 0.0000000000
44930  39.466  -25.296  17.548 0.0000000000
44931  38.695  -25.379  17.685 0.0000000000
25109  18.329  -46.754  26.785 0.0000000000
119004  18.941  -48.567  26.560 0.0000000000
24259  17.447  -48.089  27.506 0.0000000000
24250  16.938  -48.661  27.928 0.0000000000
25093  16.612  -47.445  27.802 0.0000000000
38239  27.594  -31.523  26.619 0.0000000000
38257  27.401  -32.577  25.126 0.0000000000
114054  27.081  -33.052  25.818 0.0000000000
27008  25.589  -45.039  24.619 0.0000000000
44004  32.775  -25.603  24.923 0.0000000000
39869  39.952  -30.387  22.681 0.0000000000
48394  36.632  -19.724  19.270 0.0000000000
48384  36.703  -20.230  21.051 0.0000000000
28911  22.953  -43.340  23.720 0.0000000000
27942  22.610  -45.008  24.001 0.0000000000
124963  22.174  -43.146  25.213 0.0000000000
28882  21.000  -43.426  27.524 0.0000000000
124931  20.558  -44.389  27.700 0.0000000000
26967  20.137  -44.713  27.194 0.0000000000
35003  23.295  -35.014  26.729 0.0000000000
119489  22.698  -39.543  25.918 0.0000000000
109355  22.823  -38.766  25.859 0.0000000000
30714  23.030  -41.126  24.908 0.0000000000
29853  23.322  -42.341  23.639 0.0000000000
41435  35.231  -29.305  24.455 0.0000000000
103726  35.994  -30.355  23.859 0.0000000000
125390  36.473  -34.364  21.885 0.0000000000
37561  36.321  -33.756  21.217 0.0000000000
37535  37.934  -34.249  22.682 0.0000000000
38291  39.232  -33.125  22.544 0.0000000000
37512  39.221  -34.657  23.778 0.0000000000
58813  48.197  -8.242  13.823 0.0000000000
57128  50.116  -9.825  12.686 0.0000000000
57130  48.822  -10.544  12.846 0.0000000000
55231  47.698  -13.055  13.697 0.0000000000
54374  48.531  -13.304  13.455 0.0000000000
54355  49.240  -13.612  14.278 0.0000000000
55211  41.979  -12.040  16.270 0.0000000000
53475  42.696  -13.576  15.351 0.0000000000
54323  41.902  -12.976  16.027 0.0000000000
52628  40.474  -15.907  16.540 0.0000000000
51832  41.882  -16.601  15.830 0.0000000000
50184  41.713  -18.124  16.252 0.0000000000
50165  43.017  -19.117  16.658 0.0000000000
116541  42.136  -18.888  16.631 0.0000000000
50982  38.949  -16.865  19.731 0.0000000000
51812  39.160  -16.275  18.540 0.0000000000
50149  38.634  -18.001  18.614 0.0000000000
106205  40.887  -22.261  17.223 0.0000000000
47521  40.524  -21.240  17.083 0.0000000000
46654  41.793  -22.412  17.440 0.0000000000
46645  42.614  -22.474  17.766 0.0000000000
35867  31.179  -34.840  25.158 0.0000000000
35850  32.547  -35.476  26.323 0.0000000000
56169  42.160  -11.081  18.267 0.0000000000
57116  42.994  -10.386  17.160 0.0000000000
56175  42.841  -10.654  16.241 0.0000000000
25119  22.200  -47.604  24.810 0.0000000000
23385  22.009  -48.940  25.642 0.0000000000
22391  15.867  -51.110  28.811 0.0000000000
20542  16.834  -52.364  29.576 0.0000000000
21493  16.120  -51.838  29.484 0.0000000000
21483  14.803  -51.935  29.883 0.0000000000
25966  15.773  -46.249  30.968 0.0000000000
25083  14.868  -46.837  29.416 0.0000000000
25071  14.459  -47.332  30.953 0.0000000000
23315  12.529  -49.466  31.808 0.0000000000
23333  12.907  -49.090  30.391 0.0000000000
22385  12.217  -50.370  30.538 0.0000000000
105418  12.977  -50.988  30.119 0.0000000000
21485  12.174  -51.159  30.286 0.0000000000
20530  11.692  -52.919  30.532 0.0000000000
21475  11.121  -51.509  31.212 0.0000000000
104853  11.700  -50.997  34.999 0.0000000000
121694  10.301  -51.180  32.715 0.0000000000
21445  11.021  -51.177  34.577 0.0000000000
123325  10.096  -51.342  33.640 0.0000000000
121725  10.690  -51.391  35.062 0.0000000000
39022  32.244  -31.136  26.445 0.0000000000
38238  32.941  -31.563  25.705 0.0000000000
39068  31.310  -31.660  24.200 0.0000000000
37516  31.224  -32.918  23.602 0.0000000000
115239  30.688  -31.943  23.928 0.0000000000
123977  28.083  -34.769  23.345 0.0000000000
36724  29.106  -34.204  23.676 0.0000000000
35010  29.261  -36.402  23.891 0.0000000000
35024  24.673  -36.676  24.423 0.0000000000
35023  25.399  -36.327  23.951 0.0000000000
33448  26.196  -38.169  23.327 0.0000000000
30712  28.035  -41.817  25.082 0.0000000000
52624  44.339  -16.073  15.361 0.0000000000
51828  46.132  -16.884  15.571 0.0000000000
50180  45.862  -18.163  16.275 0.0000000000
114634  33.032  -22.188  20.883 0.0000000000
46627  33.792  -22.411  19.517 0.0000000000
44909  33.216  -24.190  19.657 0.0000000000
40682  34.774  -29.371  21.432 0.0000000000
42255  33.043  -27.533  22.231 0.0000000000
125398  34.853  -28.676  20.833 0.0000000000
117438  37.889  -27.347  21.457 0.0000000000
42279  36.005  -27.097  20.496 0.0000000000
42266  37.457  -26.936  21.192 0.0000000000
44047  36.215  -26.278  19.661 0.0000000000
43136  37.998  -26.671  21.405 0.0000000000
43149  38.820  -26.682  20.843 0.0000000000
118675  35.807  -35.709  25.944 0.0000000000
108872  50.553  -7.466  9.426 0.0000000000
56208  50.524  -11.720  11.533 0.0000000000
57940  50.769  -9.849  11.287 0.0000000000
56207  51.305  -11.908  11.086 0.0000000000
117868  52.399  -11.634  10.145 0.0000000000
56218  53.128  -11.719  10.147 0.0000000000
30689  21.645  -40.542  26.807 0.0000000000
29823  22.023  -42.182  26.345 0.0000000000
54335  47.944  -13.909  15.112 0.0000000000
53460  48.969  -14.282  16.106 0.0000000000
53470  47.675  -14.238  15.378 0.0000000000
39067  35.872  -31.464  24.322 0.0000000000
39080  35.432  -31.375  23.168 0.0000000000
38292  35.030  -32.007  23.402 0.0000000000
37536  35.037  -33.954  22.576 0.0000000000
36741  36.740  -34.719  23.218 0.0000000000
59673  47.778  -7.767  15.581 0.0000000000
58815  46.552  -8.433  14.423 0.0000000000
58820  46.901  -8.813  13.725 0.0000000000
57933  47.390  -9.366  13.252 0.0000000000
118662  47.999  -10.785  12.913 0.0000000000
111451  47.080  -11.365  13.287 0.0000000000
55232  46.996  -12.746  13.993 0.0000000000
19467  9.174  -53.629  32.197 0.0000000000
55200  41.165  -11.245  18.142 0.0000000000
54324  40.246  -12.592  16.911 0.0000000000
121276  39.963  -13.250  17.507 0.0000000000
53451  39.798  -14.225  17.300 0.0000000000
51820  40.002  -16.226  17.271 0.0000000000
48406  37.864  -19.788  18.310 0.0000000000
48420  38.657  -19.998  17.715 0.0000000000
47523  38.490  -21.416  17.158 0.0000000000
46656  39.343  -22.805  17.246 0.0000000000
45808  40.459  -23.792  17.351 0.0000000000
44067  41.160  -25.784  18.099 0.0000000000
44068  40.616  -26.403  18.408 0.0000000000
34232  30.972  -37.494  25.996 0.0000000000
25107  20.000  -47.448  26.052 0.0000000000
107694  20.966  -49.773  25.960 0.0000000000
23370  19.650  -49.117  26.328 0.0000000000
23355  19.485  -50.028  26.688 0.0000000000
22399  18.766  -50.928  27.529 0.0000000000
23347  16.529  -49.581  28.068 0.0000000000
23348  15.550  -49.362  28.328 0.0000000000
24214  14.401  -48.286  32.015 0.0000000000
23306  13.751  -49.098  33.183 0.0000000000
22369  12.792  -49.298  32.777 0.0000000000
22371  11.167  -50.550  31.921 0.0000000000
22361  11.909  -49.246  33.513 0.0000000000
21444  11.908  -50.286  34.845 0.0000000000
118412  11.913  -51.216  35.657 0.0000000000
39838  29.454  -30.010  25.860 0.0000000000
39055  29.077  -30.755  23.994 0.0000000000
39056  28.339  -31.214  24.706 0.0000000000
36726  26.864  -33.501  23.819 0.0000000000
105558  27.211  -34.546  23.455 0.0000000000
31616  25.087  -40.744  23.409 0.0000000000
31615  25.745  -40.116  23.464 0.0000000000
29841  26.338  -42.210  24.210 0.0000000000
112877  44.776  -19.425  16.973 0.0000000000
44887  32.163  -24.159  21.983 0.0000000000
39891  38.101  -30.633  20.382 0.0000000000
40689  37.509  -29.220  20.376 0.0000000000
40688  38.437  -29.656  20.760 0.0000000000
40678  39.716  -29.599  22.419 0.0000000000
59691  49.861  -7.266  11.170 0.0000000000
103737  7.255  -51.509  34.280 0.0000000000
51791  40.181  -16.615  20.968 0.0000000000
50977  38.347  -17.555  20.005 0.0000000000
121058  37.310  -18.708  19.835 0.0000000000
49317  37.146  -19.521  18.990 0.0000000000
47510  36.609  -20.944  18.056 0.0000000000
46647  36.768  -22.709  17.719 0.0000000000
26997  24.988  -45.833  24.636 0.0000000000
25117  24.479  -47.450  25.435 0.0000000000
26037  24.114  -46.289  24.252 0.0000000000
27011  22.582  -45.996  24.205 0.0000000000
111538  21.699  -46.950  24.618 0.0000000000
27916  21.584  -44.261  25.584 0.0000000000
26981  21.180  -45.244  26.062 0.0000000000
26031  20.663  -46.311  26.009 0.0000000000
26017  19.854  -46.482  26.228 0.0000000000
26018  18.936  -46.063  26.665 0.0000000000
26957  18.210  -44.857  28.079 0.0000000000
36683  25.959  -33.642  26.722 0.0000000000
117213  24.475  -34.586  26.146 0.0000000000
35012  23.914  -36.307  25.229 0.0000000000
33430  23.905  -37.515  24.426 0.0000000000
33416  22.929  -37.196  26.565 0.0000000000
33431  23.245  -37.990  25.101 0.0000000000
32551  23.918  -39.132  23.717 0.0000000000
30731  24.697  -41.599  23.379 0.0000000000
28923  24.589  -43.798  23.515 0.0000000000
43075  34.781  -26.797  26.004 0.0000000000
43090  33.520  -27.059  24.880 0.0000000000
42227  34.055  -27.780  24.463 0.0000000000
41466  34.758  -29.481  22.501 0.0000000000
39892  35.657  -30.280  20.858 0.0000000000
39090  34.596  -31.471  21.902 0.0000000000
38325  35.771  -32.219  20.515 0.0000000000
39112  37.310  -31.203  20.146 0.0000000000
105598  38.815  -32.135  21.291 0.0000000000
38290  40.041  -32.435  22.860 0.0000000000
57939  50.503  -9.316  12.591 0.0000000000
57135  50.401  -10.578  12.026 0.0000000000
56197  49.678  -11.691  12.016 0.0000000000
56189  48.355  -11.500  12.708 0.0000000000
55252  48.872  -12.164  12.392 0.0000000000
55220  43.894  -12.396  14.822 0.0000000000
53473  44.764  -14.346  15.007 0.0000000000
106391  43.675  -13.941  15.033 0.0000000000
52635  43.656  -15.419  15.281 0.0000000000
107145  43.422  -16.254  15.762 0.0000000000
53464  40.990  -14.426  16.082 0.0000000000
110550  42.429  -15.941  15.926 0.0000000000
113021  43.965  -17.844  16.105 0.0000000000
50164  43.894  -19.389  16.686 0.0000000000
48415  44.210  -20.132  17.236 0.0000000000
52607  39.302  -15.397  18.960 0.0000000000
51821  39.469  -16.616  17.804 0.0000000000
51001  40.273  -17.638  17.082 0.0000000000
49329  39.244  -19.544  17.495 0.0000000000
49328  40.125  -19.492  17.046 0.0000000000
49327  41.019  -19.413  17.012 0.0000000000
113014  42.118  -20.954  17.336 0.0000000000
36721  33.161  -33.614  23.126 0.0000000000
36720  33.801  -34.325  23.389 0.0000000000
36699  33.577  -34.836  24.698 0.0000000000
35849  33.313  -35.433  26.482 0.0000000000
57916  44.407  -9.407  15.869 0.0000000000
109514  43.492  -10.569  15.624 0.0000000000
25979  17.430  -45.342  29.653 0.0000000000
25973  17.140  -45.921  29.946 0.0000000000
25992  16.379  -46.561  28.283 0.0000000000
25094  15.893  -46.991  28.335 0.0000000000
24243  14.799  -48.474  28.860 0.0000000000
23338  14.765  -49.412  28.847 0.0000000000
24223  13.448  -48.516  30.823 0.0000000000
23340  13.347  -49.429  29.687 0.0000000000
21495  14.460  -51.114  29.492 0.0000000000
118152  13.934  -51.428  29.908 0.0000000000
20528  13.567  -52.768  30.164 0.0000000000
20516  10.623  -52.907  31.154 0.0000000000
21465  10.586  -51.270  31.974 0.0000000000
21476  10.562  -52.072  31.418 0.0000000000
118878  10.132  -52.604  31.591 0.0000000000
20499  9.442  -52.010  32.561 0.0000000000
20500  8.862  -52.099  32.904 0.0000000000
21448  8.784  -51.698  34.384 0.0000000000
20486  9.721  -51.843  36.035 0.0000000000
21415  8.987  -52.007  35.732 0.0000000000
21433  8.539  -51.724  35.115 0.0000000000
103398  33.966  -32.590  24.032 0.0000000000
38254  33.620  -32.111  24.953 0.0000000000
38273  33.125  -32.476  23.441 0.0000000000
37515  32.098  -32.926  23.265 0.0000000000
117326  31.679  -33.462  23.568 0.0000000000
122031  30.392  -34.641  24.487 0.0000000000
37517  29.294  -32.818  23.753 0.0000000000
36702  29.907  -34.873  24.331 0.0000000000
35853  30.751  -36.124  25.262 0.0000000000
35871  25.637  -34.697  25.153 0.0000000000
35892  26.155  -36.104  23.549 0.0000000000
34249  28.084  -37.444  23.514 0.0000000000
32549  27.390  -39.557  23.863 0.0000000000
33429  28.121  -38.938  24.150 0.0000000000
33428  29.076  -39.142  24.684 0.0000000000
52633  45.573  -15.175  15.138 0.0000000000
47489  35.019  -21.126  20.005 0.0000000000
47512  34.954  -21.904  18.553 0.0000000000
45798  36.387  -23.607  18.079 0.0000000000
43111  32.848  -26.979  23.114 0.0000000000
43124  32.542  -26.776  22.146 0.0000000000
116295  32.610  -25.665  21.072 0.0000000000
42268  35.575  -28.014  20.476 0.0000000000
43153  34.748  -26.615  20.246 0.0000000000
44908  33.592  -25.231  19.783 0.0000000000
110570  34.826  -25.059  18.681 0.0000000000
44920  35.729  -25.221  18.437 0.0000000000
44932  37.265  -25.375  18.269 0.0000000000
44059  38.765  -26.583  18.783 0.0000000000
122705  35.104  -35.158  24.255 0.0000000000
35881  35.881  -35.346  24.519 0.0000000000
36697  37.759  -35.067  25.046 0.0000000000
36682  38.021  -35.295  25.893 0.0000000000
36696  38.676  -34.959  25.281 0.0000000000
110657  52.061  -5.998  8.785 0.0000000000
58830  50.349  -9.223  10.792 0.0000000000
57944  50.528  -9.701  10.114 0.0000000000
56219  51.921  -11.786  10.517 0.0000000000
57159  51.342  -10.273  9.854 0.0000000000
57956  50.947  -9.212  9.592 0.0000000000
57965  52.308  -9.483  8.980 0.0000000000
105203  53.139  -8.926  8.550 0.0000000000
54337  45.325  -13.575  14.851 0.0000000000
56185  44.750  -11.763  14.490 0.0000000000
55234  45.519  -12.180  14.186 0.0000000000
105800  8.346  -52.149  33.316 0.0000000000
45811  37.713  -23.114  17.408 0.0000000000
124183  37.868  -23.918  17.514 0.0000000000
44944  38.302  -24.559  17.582 0.0000000000
26003  17.581  -46.532  27.302 0.0000000000
25099  17.921  -47.492  27.111 0.0000000000
25100  17.191  -47.211  27.365 0.0000000000
38240  27.282  -32.370  26.214 0.0000000000
37476  26.615  -33.022  26.786 0.0000000000
26026  25.585  -46.287  25.526 0.0000000000
26980  26.344  -45.718  25.914 0.0000000000
43994  32.801  -25.251  25.884 0.0000000000
29843  22.691  -42.683  24.205 0.0000000000
121578  22.348  -43.238  24.510 0.0000000000
29834  22.398  -42.584  25.194 0.0000000000
30702  22.267  -40.755  25.865 0.0000000000
31593  22.835  -40.245  25.456 0.0000000000
29833  22.902  -42.008  24.563 0.0000000000
40652  35.513  -29.788  24.688 0.0000000000
37549  37.390  -34.302  21.783 0.0000000000
37534  39.152  -34.150  22.990 0.0000000000
36739  38.253  -34.451  23.554 0.0000000000
57932  48.181  -8.993  13.276 0.0000000000
57923  48.988  -8.620  13.559 0.0000000000
57129  49.612  -9.728  13.009 0.0000000000
54356  48.320  -13.687  14.409 0.0000000000
122544  48.966  -13.809  14.816 0.0000000000
54333  49.547  -13.852  15.265 0.0000000000
18526  10.388  -54.306  31.463 0.0000000000
55212  41.103  -12.205  16.611 0.0000000000
51017  40.516  -16.956  16.418 0.0000000000
51016  41.248  -17.318  15.816 0.0000000000
50166  41.302  -18.739  16.784 0.0000000000
50983  38.610  -17.402  19.246 0.0000000000
45807  41.221  -23.281  17.437 0.0000000000
35851  31.872  -35.645  25.974 0.0000000000
35000  31.620  -36.309  26.414 0.0000000000
56173  42.271  -10.737  17.491 0.0000000000
56176  42.298  -10.820  16.830 0.0000000000
24278  21.660  -48.210  25.338 0.0000000000
24277  22.497  -48.428  25.325 0.0000000000
21494  15.302  -51.519  29.395 0.0000000000
25070  15.145  -46.795  31.481 0.0000000000
23324  12.481  -49.630  30.905 0.0000000000
21474  11.651  -50.889  30.867 0.0000000000
118531  30.966  -30.618  25.471 0.0000000000
39039  31.564  -30.825  25.875 0.0000000000
39038  32.136  -31.375  25.244 0.0000000000
39053  31.347  -31.104  24.829 0.0000000000
112766  30.833  -31.187  24.295 0.0000000000
35883  28.100  -35.487  23.425 0.0000000000
34240  30.017  -37.341  24.563 0.0000000000
34252  24.609  -37.288  23.996 0.0000000000
34263  25.408  -37.746  23.522 0.0000000000
33449  25.629  -38.614  23.314 0.0000000000
51012  45.561  -17.510  15.819 0.0000000000
113022  45.183  -18.146  15.917 0.0000000000
114982  32.401  -23.419  21.471 0.0000000000
46621  32.673  -22.334  21.732 0.0000000000
45763  32.712  -22.892  20.804 0.0000000000
45774  33.024  -23.362  20.077 0.0000000000
41477  34.090  -28.640  21.397 0.0000000000
41476  35.645  -29.039  20.697 0.0000000000
116968  38.696  -27.788  21.854 0.0000000000
105307  37.373  -26.675  20.766 0.0000000000
59697  49.761  -6.377  10.462 0.0000000000
60540  50.266  -6.528  9.696 0.0000000000
57140  51.048  -10.918  11.248 0.0000000000
31568  22.128  -39.700  27.111 0.0000000000
30677  21.496  -40.344  27.826 0.0000000000
32516  22.760  -39.125  27.369 0.0000000000
54336  47.127  -13.704  15.162 0.0000000000
52632  46.399  -14.847  15.175 0.0000000000
53462  47.272  -15.132  15.227 0.0000000000
38270  35.610  -31.955  24.746 0.0000000000
36742  35.031  -34.342  23.109 0.0000000000
113768  35.800  -34.649  23.128 0.0000000000
118920  36.034  -34.464  22.538 0.0000000000
57915  45.028  -9.029  15.310 0.0000000000
58802  46.379  -8.262  15.392 0.0000000000
58816  45.717  -8.654  14.770 0.0000000000
57935  45.829  -9.854  13.762 0.0000000000
57924  46.028  -8.979  13.932 0.0000000000
57934  46.560  -9.574  13.420 0.0000000000
57131  47.159  -10.440  13.052 0.0000000000
56191  46.517  -11.062  13.403 0.0000000000
55243  46.759  -11.883  13.719 0.0000000000
54357  47.411  -13.461  14.497 0.0000000000
55201  40.955  -11.758  18.500 0.0000000000
54306  40.389  -12.391  18.020 0.0000000000
125276  39.974  -13.865  18.170 0.0000000000
52614  39.880  -15.280  17.322 0.0000000000
48421  38.091  -20.536  17.598 0.0000000000
46655  40.262  -22.988  17.270 0.0000000000
121800  40.863  -25.102  17.741 0.0000000000
44942  40.117  -24.675  17.385 0.0000000000
43162  40.515  -26.958  19.133 0.0000000000
43148  40.518  -27.207  20.057 0.0000000000
110501  41.878  -11.705  18.849 0.0000000000
24268  20.246  -48.438  26.021 0.0000000000
24269  19.378  -48.056  26.237 0.0000000000
24257  18.950  -49.295  26.884 0.0000000000
109597  18.894  -50.023  27.298 0.0000000000
23356  18.262  -49.950  27.696 0.0000000000
22402  16.120  -50.319  28.351 0.0000000000
22360  12.933  -48.984  33.897 0.0000000000
21429  12.517  -50.980  35.515 0.0000000000
110010  28.973  -30.537  27.763 0.0000000000
39025  29.222  -30.225  26.904 0.0000000000
39828  30.101  -30.082  26.606 0.0000000000
108647  28.735  -30.334  26.175 0.0000000000
39041  28.826  -30.405  25.163 0.0000000000
37499  26.893  -33.242  24.909 0.0000000000
38278  27.200  -32.763  24.137 0.0000000000
29842  25.615  -42.553  23.670 0.0000000000
30730  25.684  -41.674  23.468 0.0000000000
29832  26.076  -42.966  24.543 0.0000000000
44882  31.997  -24.048  22.969 0.0000000000
44018  32.035  -24.907  23.342 0.0000000000
39089  39.343  -31.417  21.418 0.0000000000
39882  38.885  -30.585  21.075 0.0000000000
39881  39.621  -30.540  21.849 0.0000000000
39868  40.447  -30.662  23.296 0.0000000000
50976  39.139  -17.103  20.459 0.0000000000
122714  37.225  -19.144  19.459 0.0000000000
49303  37.007  -19.330  20.008 0.0000000000
48408  36.373  -20.212  18.675 0.0000000000
104691  36.226  -21.725  18.179 0.0000000000
27009  24.262  -45.410  23.844 0.0000000000
27019  23.410  -45.009  23.681 0.0000000000
26039  22.428  -46.835  24.388 0.0000000000
26029  21.894  -46.255  24.651 0.0000000000
29812  21.387  -41.947  27.332 0.0000000000
105131  22.057  -43.071  25.927 0.0000000000
106591  21.562  -42.842  26.888 0.0000000000
26966  20.726  -44.654  26.790 0.0000000000
27917  21.218  -44.459  26.255 0.0000000000
27000  21.097  -45.942  25.866 0.0000000000
125348  20.188  -45.949  26.339 0.0000000000
119596  19.486  -44.642  27.610 0.0000000000
26001  18.830  -45.041  27.404 0.0000000000
26002  18.181  -45.753  27.330 0.0000000000
36673  25.019  -33.903  27.009 0.0000000000
36661  25.125  -34.058  28.156 0.0000000000
35004  23.277  -36.017  26.226 0.0000000000
34241  23.875  -36.912  24.806 0.0000000000
32540  22.983  -39.502  25.119 0.0000000000
32539  23.229  -38.776  24.606 0.0000000000
33437  23.873  -38.270  23.989 0.0000000000
31617  23.945  -40.123  23.651 0.0000000000
115685  24.242  -41.009  23.508 0.0000000000
121374  23.581  -43.795  23.385 0.0000000000
28924  23.818  -43.055  23.308 0.0000000000
123917  24.949  -45.302  24.162 0.0000000000
43089  34.381  -27.396  25.292 0.0000000000
42226  34.718  -28.059  24.977 0.0000000000
40667  35.543  -29.812  23.666 0.0000000000
41452  34.959  -29.349  23.475 0.0000000000
40668  35.323  -29.767  22.883 0.0000000000
40681  35.201  -29.889  22.059 0.0000000000
39884  35.221  -30.201  21.645 0.0000000000
109715  34.434  -32.061  22.279 0.0000000000
38308  34.835  -32.620  21.245 0.0000000000
38324  36.563  -32.994  20.642 0.0000000000
39113  36.223  -31.462  20.332 0.0000000000
39102  37.035  -32.139  20.223 0.0000000000
39101  38.327  -31.577  20.597 0.0000000000
37533  40.083  -33.596  23.167 0.0000000000
116970  50.894  -8.644  13.072 0.0000000000
57136  49.629  -10.667  12.493 0.0000000000
56190  47.675  -11.433  13.060 0.0000000000
55241  48.146  -12.418  12.975 0.0000000000
55240  49.002  -12.968  12.737 0.0000000000
55251  49.553  -12.664  12.183 0.0000000000
54339  43.294  -12.973  15.056 0.0000000000
53463  42.059  -14.205  15.844 0.0000000000
53474  43.083  -14.583  15.245 0.0000000000
54307  40.076  -13.675  16.518 0.0000000000
103499  40.919  -13.263  16.174 0.0000000000
51831  42.884  -16.814  16.080 0.0000000000
51014  43.219  -17.678  16.202 0.0000000000
50182  43.678  -18.556  16.309 0.0000000000
49325  43.273  -19.861  17.040 0.0000000000
52591  39.957  -14.683  20.469 0.0000000000
50990  39.073  -17.222  18.383 0.0000000000
51002  39.601  -17.433  17.608 0.0000000000
116760  40.004  -16.958  17.265 0.0000000000
105142  39.815  -18.110  17.388 0.0000000000
110338  39.185  -20.157  17.379 0.0000000000
48419  39.756  -20.385  17.066 0.0000000000
48418  40.738  -20.236  16.995 0.0000000000
121894  41.730  -20.101  17.144 0.0000000000
36722  32.482  -33.632  23.416 0.0000000000
122206  33.162  -34.133  23.717 0.0000000000
36700  32.711  -34.452  24.542 0.0000000000
58790  45.595  -8.619  16.893 0.0000000000
57911  44.308  -9.230  16.701 0.0000000000
56179  43.071  -11.132  15.674 0.0000000000
124741  43.905  -11.388  15.035 0.0000000000
24275  24.296  -48.254  25.814 0.0000000000
108136  20.449  -49.266  26.044 0.0000000000
21492  17.639  -52.154  28.461 0.0000000000
26948  17.884  -44.395  29.063 0.0000000000
25974  16.516  -46.118  30.362 0.0000000000
120834  17.299  -45.755  30.817 0.0000000000
25981  16.261  -46.302  29.211 0.0000000000
25082  15.502  -46.654  28.991 0.0000000000
25075  14.394  -47.346  29.981 0.0000000000
107382  14.505  -47.546  29.169 0.0000000000
23339  13.954  -48.918  29.267 0.0000000000
24222  14.132  -48.064  31.297 0.0000000000
21496  13.618  -50.483  29.777 0.0000000000
104024  12.753  -51.887  30.203 0.0000000000
125060  13.496  -51.832  30.104 0.0000000000
120825  11.143  -53.137  30.810 0.0000000000
19483  10.821  -53.670  31.072 0.0000000000
21457  10.779  -50.803  32.918 0.0000000000
21466  10.025  -51.868  32.132 0.0000000000
20517  9.601  -52.760  32.023 0.0000000000
21459  9.609  -51.562  33.475 0.0000000000
21460  8.918  -51.752  33.605 0.0000000000
113892  10.344  -51.947  36.822 0.0000000000
20480  9.059  -52.195  36.482 0.0000000000
21416  8.362  -51.997  35.958 0.0000000000
117912  34.574  -32.371  24.367 0.0000000000
38255  32.700  -31.926  24.377 0.0000000000
37514  32.809  -33.000  22.993 0.0000000000
36723  30.824  -33.886  23.888 0.0000000000
111576  28.558  -32.368  23.802 0.0000000000
38276  29.479  -31.792  23.720 0.0000000000
35870  29.211  -35.218  23.779 0.0000000000
35869  30.161  -35.751  24.839 0.0000000000
35868  30.525  -35.281  25.103 0.0000000000
35002  30.526  -36.753  25.271 0.0000000000
36684  25.598  -34.028  25.940 0.0000000000
35031  26.149  -36.805  23.398 0.0000000000
34250  27.084  -37.464  23.321 0.0000000000
35022  27.085  -36.624  23.326 0.0000000000
30722  26.549  -41.379  24.009 0.0000000000
31602  26.759  -40.449  23.835 0.0000000000
31592  27.475  -41.221  24.423 0.0000000000
31591  28.413  -41.074  24.723 0.0000000000
31601  27.798  -40.501  24.258 0.0000000000
32538  28.568  -40.080  24.530 0.0000000000
121454  45.096  -15.864  15.264 0.0000000000
46636  34.098  -22.983  18.880 0.0000000000
47500  34.394  -22.060  18.969 0.0000000000
46635  34.809  -22.764  18.478 0.0000000000
46648  35.769  -22.550  18.280 0.0000000000
45799  35.465  -23.577  18.286 0.0000000000
43110  33.327  -27.396  23.914 0.0000000000
43091  32.751  -26.441  24.246 0.0000000000
42239  33.225  -27.736  23.021 0.0000000000
42269  33.560  -27.785  21.350 0.0000000000
42270  33.112  -27.148  21.607 0.0000000000
112408  32.166  -25.914  21.863 0.0000000000
43139  32.921  -26.472  21.212 0.0000000000
41475  36.578  -28.570  20.397 0.0000000000
43152  35.908  -26.662  20.193 0.0000000000
44049  34.175  -26.013  20.004 0.0000000000
44064  34.457  -25.621  19.240 0.0000000000
44046  36.978  -26.325  19.526 0.0000000000
44062  36.379  -25.965  18.895 0.0000000000
44061  36.969  -26.098  18.685 0.0000000000
44919  36.629  -25.360  18.391 0.0000000000
44071  37.512  -26.279  18.364 0.0000000000
44060  37.892  -26.655  18.832 0.0000000000
35882  34.405  -35.087  24.348 0.0000000000
35862  36.249  -35.606  25.354 0.0000000000
36698  36.823  -35.309  24.748 0.0000000000
35861  37.124  -35.473  25.620 0.0000000000
36695  39.622  -34.991  25.431 0.0000000000
59708  51.484  -7.156  8.778 0.0000000000
60549  51.539  -6.270  8.844 0.0000000000
59707  52.334  -7.365  8.619 0.0000000000
58847  52.718  -8.027  8.569 0.0000000000
57938  50.789  -8.769  12.276 0.0000000000
58831  49.877  -8.817  10.239 0.0000000000
56227  52.715  -11.175  9.679 0.0000000000
56228  51.857  -11.130  9.975 0.0000000000
123234  51.007  -9.777  9.795 0.0000000000
57955  51.553  -9.737  9.449 0.0000000000
57966  51.672  -9.156  9.176 0.0000000000
117789  46.274  -13.616  15.057 0.0000000000
38293  34.538  -32.743  23.018 0.0000000000
57126  44.791  -10.191  14.697 0.0000000000
57925  45.286  -9.474  14.491 0.0000000000
56192  45.869  -10.753  13.731 0.0000000000
56183  46.034  -11.632  13.784 0.0000000000
54295  40.887  -12.550  19.049 0.0000000000
54291  40.635  -13.226  19.700 0.0000000000
53438  40.217  -13.931  19.139 0.0000000000
122776  37.927  -21.818  17.055 0.0000000000
44943  39.149  -24.545  17.413 0.0000000000
44069  39.181  -26.032  18.037 0.0000000000
24270  18.607  -47.755  26.595 0.0000000000
24258  18.325  -48.529  27.136 0.0000000000
23357  17.874  -49.056  27.760 0.0000000000
24251  16.056  -47.989  28.085 0.0000000000
22351  13.320  -49.442  34.697 0.0000000000
39026  28.337  -30.813  27.074 0.0000000000
38256  27.792  -31.799  25.474 0.0000000000
36703  26.292  -33.915  24.849 0.0000000000
28910  25.507  -44.157  24.224 0.0000000000
120428  25.936  -43.628  24.677 0.0000000000
27928  26.230  -44.975  25.532 0.0000000000
44017  32.413  -25.295  24.091 0.0000000000
39078  40.575  -31.643  23.381 0.0000000000
48383  36.857  -19.897  20.467 0.0000000000
48395  36.105  -20.077  19.652 0.0000000000
27941  23.056  -44.265  23.640 0.0000000000
28912  22.367  -44.012  24.142 0.0000000000
27929  21.999  -44.564  24.799 0.0000000000
27906  21.053  -44.155  27.416 0.0000000000
32527  23.124  -38.716  26.953 0.0000000000
31604  23.233  -40.336  24.434 0.0000000000
31618  23.654  -40.939  23.805 0.0000000000
30723  23.316  -41.514  23.946 0.0000000000
42225  35.315  -28.625  25.104 0.0000000000
118093  37.653  -33.539  21.274 0.0000000000
38307  38.572  -32.873  21.767 0.0000000000
37548  38.364  -33.801  22.109 0.0000000000
37511  40.173  -34.495  23.716 0.0000000000
121870  49.609  -8.266  13.843 0.0000000000
118812  49.899  -13.613  13.893 0.0000000000
122734  42.447  -11.965  15.842 0.0000000000
54340  42.528  -12.592  15.621 0.0000000000
52627  41.289  -15.594  16.034 0.0000000000
51833  40.954  -16.527  15.785 0.0000000000
50183  42.677  -18.315  16.349 0.0000000000
117193  42.427  -19.595  17.023 0.0000000000
51792  39.485  -16.268  20.163 0.0000000000
51803  39.210  -16.129  19.369 0.0000000000
110032  38.970  -16.738  19.044 0.0000000000
108712  39.953  -22.097  17.236 0.0000000000
47520  41.508  -21.568  17.251 0.0000000000
35866  32.151  -34.909  25.453 0.0000000000
56168  43.457  -11.163  18.866 0.0000000000
56172  43.033  -10.707  18.037 0.0000000000
57115  43.747  -10.073  17.888 0.0000000000
117908  42.374  -11.309  16.222 0.0000000000
121720  22.949  -47.936  25.070 0.0000000000
24276  23.412  -48.591  25.563 0.0000000000
23384  22.726  -49.160  25.811 0.0000000000
21508  16.605  -51.015  28.381 0.0000000000
109259  16.833  -51.723  28.864 0.0000000000
21482  15.592  -52.028  29.865 0.0000000000
25074  14.924  -46.662  30.481 0.0000000000
23323  13.060  -49.144  31.311 0.0000000000
21486  11.743  -51.898  30.404 0.0000000000
21456  11.055  -50.632  34.189 0.0000000000
103670  10.553  -51.116  33.643 0.0000000000
21446  10.258  -51.384  34.298 0.0000000000
21431  10.071  -51.599  35.140 0.0000000000
39052  31.949  -31.825  24.254 0.0000000000
38275  31.676  -32.377  23.774 0.0000000000
36725  27.951  -33.900  23.328 0.0000000000
116022  24.805  -35.982  24.868 0.0000000000
34251  25.306  -37.018  23.671 0.0000000000
34262  26.169  -37.536  23.348 0.0000000000
30701  27.453  -42.344  25.606 0.0000000000
51829  45.123  -16.682  15.508 0.0000000000
46614  33.641  -21.705  21.479 0.0000000000
46620  33.708  -22.015  20.399 0.0000000000
46628  33.205  -22.645  20.127 0.0000000000
45786  33.441  -23.234  19.437 0.0000000000
45785  33.918  -23.865  18.964 0.0000000000
41467  34.106  -29.068  22.106 0.0000000000
42254  33.500  -28.409  22.334 0.0000000000
109612  34.480  -27.971  20.770 0.0000000000
41474  37.414  -27.982  20.591 0.0000000000
43137  36.715  -26.830  20.617 0.0000000000
43151  36.821  -26.517  20.222 0.0000000000
108995  37.369  -26.401  20.218 0.0000000000
44045  37.633  -26.384  19.664 0.0000000000
43150  37.863  -26.410  20.542 0.0000000000
35863  35.253  -35.490  25.167 0.0000000000
35847  35.020  -35.834  26.303 0.0000000000
60539  50.904  -6.628  9.089 0.0000000000
107156  51.524  -11.334  10.628 0.0000000000
57157  53.237  -10.636  9.255 0.0000000000
56226  53.589  -11.219  9.671 0.0000000000
30703  21.781  -41.256  26.250 0.0000000000
30690  21.546  -41.396  26.891 0.0000000000
32528  22.927  -39.386  26.701 0.0000000000
31580  22.438  -39.997  26.314 0.0000000000
54322  48.478  -14.019  15.777 0.0000000000
53461  48.263  -14.709  15.683 0.0000000000
121649  47.993  -15.566  15.643 0.0000000000
39857  36.037  -30.721  24.640 0.0000000000
111304  36.034  -31.041  23.724 0.0000000000
37551  34.363  -32.980  22.332 0.0000000000
36717  37.415  -34.753  24.080 0.0000000000
58801  47.229  -8.086  15.038 0.0000000000
58814  47.435  -8.314  14.187 0.0000000000
58819  47.612  -8.690  13.613 0.0000000000
105400  48.049  -9.920  13.000 0.0000000000
18527  9.681  -54.199  31.835 0.0000000000
55204  40.734  -11.784  17.574 0.0000000000
106223  37.597  -18.944  18.975 0.0000000000
118514  38.425  -19.271  18.191 0.0000000000
104376  38.964  -20.639  17.336 0.0000000000
113341  39.142  -22.015  17.154 0.0000000000
45796  41.040  -24.298  17.628 0.0000000000
43161  41.404  -26.603  18.723 0.0000000000
121857  40.184  -25.743  17.858 0.0000000000
35001  31.103  -36.668  25.838 0.0000000000
34994  31.277  -36.982  26.776 0.0000000000
24279  20.810  -47.889  25.674 0.0000000000
24267  21.157  -48.924  25.784 0.0000000000
23346  17.477  -49.725  27.937 0.0000000000
22401  16.971  -50.475  28.075 0.0000000000
22403  15.238  -50.229  28.670 0.0000000000
23313  14.323  -48.804  32.657 0.0000000000
23314  13.399  -49.165  32.260 0.0000000000
22370  11.769  -49.588  32.376 0.0000000000
122265  11.375  -49.734  34.207 0.0000000000
22352  12.285  -49.464  34.494 0.0000000000
39847  30.306  -30.192  25.607 0.0000000000
39069  30.084  -30.913  23.985 0.0000000000
120285  28.601  -31.570  23.894 0.0000000000
38277  27.905  -32.134  24.296 0.0000000000
37519  27.678  -32.890  23.708 0.0000000000
35021  28.129  -36.499  23.471 0.0000000000
32568  24.786  -39.696  23.421 0.0000000000
30729  26.006  -40.888  23.558 0.0000000000
28899  26.476  -43.473  25.464 0.0000000000
29831  26.706  -42.644  25.157 0.0000000000
50181  44.542  -18.362  16.054 0.0000000000
50163  45.242  -18.800  16.394 0.0000000000
45757  32.316  -23.179  22.406 0.0000000000
44895  32.415  -24.279  21.193 0.0000000000
39895  37.429  -30.549  20.229 0.0000000000
40696  37.160  -30.050  20.286 0.0000000000
40695  37.781  -30.057  20.344 0.0000000000
40679  39.184  -29.673  21.578 0.0000000000
106663  38.814  -28.876  21.380 0.0000000000
41465  39.275  -28.705  22.162 0.0000000000
59693  49.736  -7.845  10.594 0.0000000000
54396  51.052  -13.131  11.951 0.0000000000
21449  7.997  -51.645  34.312 0.0000000000
52582  40.153  -15.681  20.700 0.0000000000
50137  37.905  -18.123  19.424 0.0000000000
48407  37.078  -20.171  18.149 0.0000000000
117043  36.857  -21.752  17.624 0.0000000000
26027  24.714  -46.681  25.030 0.0000000000
26028  23.874  -47.040  24.722 0.0000000000
27010  23.365  -45.759  23.909 0.0000000000
26038  23.234  -46.585  24.229 0.0000000000
25127  23.060  -47.356  24.574 0.0000000000
28901  21.986  -43.719  25.184 0.0000000000
28892  21.503  -43.690  26.411 0.0000000000
27930  21.573  -44.951  25.442 0.0000000000
26999  21.482  -45.740  25.273 0.0000000000
26030  21.188  -46.572  25.148 0.0000000000
25121  20.573  -46.999  25.574 0.0000000000
26983  19.654  -45.425  26.736 0.0000000000
36672  25.902  -33.444  27.744 0.0000000000
35840  24.071  -34.300  27.464 0.0000000000
35011  24.053  -35.522  25.729 0.0000000000
33436  24.719  -38.019  23.733 0.0000000000
33424  22.882  -37.910  26.235 0.0000000000
33423  23.238  -37.256  25.468 0.0000000000
32550  24.688  -38.794  23.495 0.0000000000
29851  25.036  -42.202  23.360 0.0000000000
29852  24.228  -42.273  23.349 0.0000000000
28922  24.803  -42.868  23.426 0.0000000000
43993  33.903  -25.979  25.929 0.0000000000
43076  33.976  -26.693  25.489 0.0000000000
41436  34.591  -28.604  24.159 0.0000000000
41453  34.154  -28.932  23.018 0.0000000000
40691  35.420  -29.828  21.083 0.0000000000
39870  35.445  -30.860  22.979 0.0000000000
39883  34.978  -30.712  21.584 0.0000000000
39103  35.006  -31.553  20.892 0.0000000000
111301  35.555  -30.866  20.639 0.0000000000
39896  36.557  -30.613  20.301 0.0000000000
38306  39.429  -32.218  22.020 0.0000000000
55263  50.099  -12.347  11.798 0.0000000000
55250  50.224  -13.052  11.991 0.0000000000
123411  44.328  -12.067  14.662 0.0000000000
54338  44.301  -13.344  14.823 0.0000000000
109496  43.957  -14.741  15.076 0.0000000000
120547  44.246  -16.740  15.709 0.0000000000
52626  41.980  -15.109  16.061 0.0000000000
51830  43.746  -17.111  16.061 0.0000000000
122926  44.435  -18.980  16.347 0.0000000000
53429  39.594  -14.558  19.566 0.0000000000
52615  39.428  -15.701  17.982 0.0000000000
50169  38.945  -18.721  18.084 0.0000000000
50168  39.622  -18.758  17.437 0.0000000000
50167  40.455  -18.588  17.083 0.0000000000
49326  41.717  -19.352  17.004 0.0000000000
122532  42.681  -20.384  17.211 0.0000000000
47519  42.375  -21.748  17.486 0.0000000000
47518  43.103  -21.203  17.451 0.0000000000
35865  33.027  -35.034  25.602 0.0000000000
105861  33.678  -35.278  25.756 0.0000000000
58804  44.955  -8.898  16.234 0.0000000000
57917  43.902  -9.666  16.351 0.0000000000
57122  43.992  -9.995  15.745 0.0000000000
57121  44.237  -10.464  15.149 0.0000000000
24266  24.194  -49.110  26.133 0.0000000000
25990  17.471  -45.543  28.205 0.0000000000
25980  16.892  -46.022  28.807 0.0000000000
24252  15.242  -47.545  28.609 0.0000000000
109628  15.545  -48.474  28.281 0.0000000000
24221  14.730  -47.605  31.800 0.0000000000
24232  14.024  -48.017  30.419 0.0000000000
24233  13.398  -48.556  29.917 0.0000000000
22392  14.282  -50.079  29.167 0.0000000000
21484  14.121  -52.144  30.068 0.0000000000
19498  12.244  -53.557  30.489 0.0000000000
19484  10.050  -53.467  31.565 0.0000000000
21461  8.269  -51.844  33.760 0.0000000000
21413  11.579  -51.415  36.195 0.0000000000
21414  10.675  -51.431  35.969 0.0000000000
116699  9.667  -52.213  36.858 0.0000000000
21432  9.294  -51.768  35.127 0.0000000000
120618  29.738  -33.844  23.840 0.0000000000
37488  26.442  -33.508  25.842 0.0000000000
35885  25.714  -35.499  24.336 0.0000000000
35884  26.823  -35.534  23.453 0.0000000000
113033  26.287  -39.497  23.419 0.0000000000
32566  26.672  -38.789  23.395 0.0000000000
32565  27.424  -38.728  23.606 0.0000000000
33435  27.809  -38.190  23.573 0.0000000000
33434  28.764  -38.293  23.970 0.0000000000
52622  46.464  -15.558  15.140 0.0000000000
52623  45.845  -16.090  15.247 0.0000000000
108224  46.665  -16.249  15.319 0.0000000000
50162  46.170  -18.757  16.851 0.0000000000
47488  35.835  -20.574  20.492 0.0000000000
47499  35.471  -20.643  19.474 0.0000000000
47490  34.320  -21.669  19.685 0.0000000000
105854  34.911  -21.236  18.970 0.0000000000
110280  35.479  -21.530  18.504 0.0000000000
44003  33.127  -26.256  25.340 0.0000000000
122360  32.103  -26.010  23.049 0.0000000000
44026  31.959  -25.045  22.444 0.0000000000
44034  32.235  -25.030  21.485 0.0000000000
103531  32.821  -24.892  20.564 0.0000000000
42281  34.175  -27.167  20.724 0.0000000000
42280  35.119  -27.192  20.494 0.0000000000
43154  33.759  -26.541  20.577 0.0000000000
44050  33.265  -25.831  20.476 0.0000000000
44921  34.021  -24.742  19.076 0.0000000000
121961  34.473  -24.362  18.639 0.0000000000
44063  35.445  -25.851  18.989 0.0000000000
44934  35.164  -24.414  18.396 0.0000000000
44933  36.050  -24.471  18.202 0.0000000000
105461  36.860  -24.514  18.054 0.0000000000
118572  37.566  -24.565  17.834 0.0000000000
106222  37.891  -25.410  18.000 0.0000000000
44070  38.245  -26.266  18.150 0.0000000000
44044  38.381  -26.519  19.720 0.0000000000
43163  39.504  -26.765  19.678 0.0000000000
114058  34.613  -34.741  23.507 0.0000000000
36718  36.384  -34.935  23.913 0.0000000000
35834  36.681  -35.806  27.054 0.0000000000
35845  37.357  -35.594  26.473 0.0000000000
36716  38.448  -34.758  24.426 0.0000000000
36715  39.487  -34.889  24.502 0.0000000000
58828  50.233  -8.259  11.288 0.0000000000
121297  50.123  -8.979  9.882 0.0000000000
58836  50.632  -8.428  9.508 0.0000000000
58849  51.416  -8.569  9.135 0.0000000000
58848  52.193  -8.695  8.823 0.0000000000
57164  53.086  -9.900  8.823 0.0000000000
26996  25.792  -45.607  25.248 0.0000000000
27940  24.850  -44.743  23.858 0.0000000000
30732  23.831  -41.616  23.505 0.0000000000
36750  37.081  -34.574  22.455 0.0000000000
39040  30.882  -30.436  26.295 0.0000000000
39848  29.757  -30.251  24.768 0.0000000000
42267  36.595  -27.420  20.584 0.0000000000
56171  43.876  -10.638  18.576 0.0000000000
57118  43.391  -10.088  16.338 0.0000000000
58837  49.924  -8.259  9.973 0.0000000000
105916  51.182  -7.919  9.075 0.0000000000
118751  23.343  -40.993  24.239 0.0000000000
