#!ascii label  , from subject 001 vox2ras=TkReg
533
63512  16.383  -3.394  -33.882 0.0000000000
69720  23.728  2.091  -38.073 0.0000000000
76040  20.686  11.729  -34.438 0.0000000000
74478  14.577  10.050  -35.717 0.0000000000
59302  18.831  -8.272  -34.308 0.0000000000
61861  22.627  -5.816  -36.250 0.0000000000
66075  19.571  -0.121  -37.003 0.0000000000
70523  16.508  4.395  -36.194 0.0000000000
72944  22.516  7.346  -36.757 0.0000000000
74501  21.203  8.928  -39.375 0.0000000000
80135  20.190  17.085  -32.742 0.0000000000
61836  17.565  -5.787  -34.286 0.0000000000
111817  20.826  -6.931  -35.324 0.0000000000
63524  19.268  -4.011  -35.908 0.0000000000
108130  15.233  2.843  -34.443 0.0000000000
110457  14.308  5.497  -33.649 0.0000000000
76059  17.788  11.676  -35.132 0.0000000000
73726  17.183  8.874  -36.265 0.0000000000
74472  21.055  9.600  -35.592 0.0000000000
74487  24.984  9.232  -37.199 0.0000000000
76070  24.442  11.233  -36.622 0.0000000000
81636  16.490  18.525  -33.095 0.0000000000
80147  17.723  16.784  -34.422 0.0000000000
81647  19.270  18.249  -35.057 0.0000000000
107860  22.132  1.222  -37.327 0.0000000000
66072  22.366  -1.131  -36.932 0.0000000000
66098  23.392  -0.212  -40.258 0.0000000000
76924  18.103  13.095  -34.040 0.0000000000
70545  26.194  4.003  -39.151 0.0000000000
66029  14.832  -0.775  -33.756 0.0000000000
65231  17.525  -1.491  -35.371 0.0000000000
66877  16.462  0.927  -35.187 0.0000000000
68759  18.437  2.475  -36.421 0.0000000000
69710  20.403  3.269  -37.888 0.0000000000
72154  15.075  6.991  -36.653 0.0000000000
72169  19.654  6.126  -37.045 0.0000000000
114838  22.845  5.242  -37.818 0.0000000000
71363  25.806  6.287  -38.110 0.0000000000
79421  18.623  15.155  -33.909 0.0000000000
118607  21.377  14.154  -33.244 0.0000000000
116965  21.238  18.812  -33.591 0.0000000000
79417  23.087  16.003  -34.373 0.0000000000
77815  23.875  13.757  -35.588 0.0000000000
77829  22.572  13.783  -38.837 0.0000000000
64380  20.300  -2.988  -36.607 0.0000000000
121244  14.841  -2.700  -32.683 0.0000000000
63500  15.905  -3.770  -33.152 0.0000000000
62669  16.436  -4.322  -33.754 0.0000000000
62667  18.144  -5.156  -34.856 0.0000000000
63526  17.841  -3.500  -35.234 0.0000000000
117378  19.659  11.580  -34.652 0.0000000000
75224  18.923  10.401  -35.114 0.0000000000
76039  21.471  11.087  -35.020 0.0000000000
75220  23.001  10.486  -35.481 0.0000000000
108732  22.502  11.154  -35.037 0.0000000000
82416  17.976  19.508  -34.147 0.0000000000
81648  18.234  18.549  -34.711 0.0000000000
82415  18.957  19.249  -34.723 0.0000000000
67789  22.559  1.454  -37.596 0.0000000000
67788  22.365  0.058  -39.816 0.0000000000
67798  22.708  0.688  -40.475 0.0000000000
76942  17.292  12.681  -34.421 0.0000000000
123954  18.179  13.366  -34.159 0.0000000000
60171  17.798  -7.088  -34.006 0.0000000000
59289  18.396  -8.773  -33.878 0.0000000000
58389  19.273  -9.259  -33.880 0.0000000000
59287  20.098  -8.758  -34.075 0.0000000000
61849  21.047  -6.217  -35.799 0.0000000000
60166  21.931  -7.049  -34.875 0.0000000000
66049  15.373  -0.187  -34.380 0.0000000000
66862  14.763  1.037  -34.000 0.0000000000
69687  15.962  3.635  -35.241 0.0000000000
68745  16.290  2.444  -35.285 0.0000000000
69701  17.400  3.544  -36.353 0.0000000000
68770  19.227  2.888  -37.136 0.0000000000
70538  18.589  3.792  -37.134 0.0000000000
115118  14.432  7.544  -34.877 0.0000000000
73727  14.925  9.190  -36.170 0.0000000000
73745  20.189  8.150  -36.321 0.0000000000
72948  18.722  7.430  -36.457 0.0000000000
72148  21.008  6.873  -37.147 0.0000000000
117402  20.992  5.553  -37.707 0.0000000000
71366  22.988  6.074  -37.649 0.0000000000
111163  24.804  5.884  -37.744 0.0000000000
72164  24.599  6.743  -37.374 0.0000000000
107519  24.055  9.064  -38.805 0.0000000000
109602  25.996  8.988  -38.641 0.0000000000
80137  18.505  16.475  -34.341 0.0000000000
79403  18.314  15.719  -34.180 0.0000000000
79402  19.060  15.964  -33.863 0.0000000000
78613  19.144  14.572  -33.648 0.0000000000
79419  20.875  15.227  -33.047 0.0000000000
78634  23.289  15.039  -35.072 0.0000000000
78643  23.622  14.679  -36.398 0.0000000000
77828  23.506  13.864  -37.688 0.0000000000
113553  18.635  -0.731  -36.498 0.0000000000
64382  18.920  -2.321  -36.349 0.0000000000
119073  19.840  -1.448  -36.996 0.0000000000
65246  24.283  -1.983  -37.145 0.0000000000
121644  23.144  -2.538  -36.815 0.0000000000
61026  16.844  -5.931  -33.481 0.0000000000
61046  18.168  -6.673  -34.541 0.0000000000
118537  20.204  -7.385  -34.925 0.0000000000
61057  19.458  -6.497  -35.270 0.0000000000
61850  19.477  -5.872  -35.520 0.0000000000
62691  20.780  -4.779  -36.300 0.0000000000
69658  13.684  3.697  -33.355 0.0000000000
70496  14.874  4.455  -33.972 0.0000000000
111202  15.604  5.140  -35.672 0.0000000000
75226  16.448  10.736  -35.739 0.0000000000
74490  15.754  9.433  -36.547 0.0000000000
74475  17.353  9.834  -35.969 0.0000000000
73724  19.836  8.831  -35.860 0.0000000000
73744  21.744  8.293  -36.145 0.0000000000
73760  24.121  7.937  -36.539 0.0000000000
73722  22.898  9.103  -35.668 0.0000000000
112513  24.692  9.960  -36.872 0.0000000000
75247  24.028  10.086  -38.065 0.0000000000
80845  16.452  17.309  -32.424 0.0000000000
80857  17.150  17.227  -33.900 0.0000000000
111501  18.655  17.499  -35.105 0.0000000000
81635  19.445  17.817  -34.762 0.0000000000
66898  20.495  0.951  -37.092 0.0000000000
66073  21.348  -0.824  -36.765 0.0000000000
123738  22.891  0.329  -37.680 0.0000000000
66089  23.504  -0.449  -38.883 0.0000000000
76046  14.087  12.215  -35.214 0.0000000000
76044  16.603  12.458  -34.901 0.0000000000
76042  18.090  12.267  -34.610 0.0000000000
76923  18.880  12.862  -34.141 0.0000000000
60152  21.208  -7.679  -34.402 0.0000000000
69719  24.819  2.382  -38.080 0.0000000000
67797  23.909  0.945  -39.930 0.0000000000
64347  15.700  -1.994  -33.748 0.0000000000
65218  16.935  -1.950  -34.682 0.0000000000
65219  16.153  -1.518  -34.420 0.0000000000
66062  16.570  -0.029  -35.204 0.0000000000
66876  17.394  0.548  -35.568 0.0000000000
67776  15.727  1.928  -35.008 0.0000000000
67774  17.104  1.500  -35.454 0.0000000000
66885  18.693  1.058  -36.502 0.0000000000
118326  20.090  1.713  -37.380 0.0000000000
69709  21.084  2.619  -37.676 0.0000000000
69708  21.996  3.196  -37.721 0.0000000000
72137  14.398  6.839  -35.142 0.0000000000
71354  16.092  5.978  -36.709 0.0000000000
113065  17.091  7.999  -36.639 0.0000000000
72152  16.593  6.707  -36.944 0.0000000000
71352  18.188  5.578  -36.644 0.0000000000
107498  19.504  4.701  -37.491 0.0000000000
107167  21.684  4.043  -38.009 0.0000000000
69707  23.217  3.278  -37.803 0.0000000000
70547  25.105  3.829  -38.186 0.0000000000
71377  26.282  5.783  -38.468 0.0000000000
72959  25.197  7.587  -37.277 0.0000000000
77790  18.186  13.607  -34.484 0.0000000000
77808  19.984  13.264  -33.680 0.0000000000
105522  20.996  13.006  -33.888 0.0000000000
82405  20.547  18.699  -33.933 0.0000000000
80853  20.539  17.894  -32.734 0.0000000000
80865  22.221  17.371  -33.175 0.0000000000
79399  22.081  16.519  -33.150 0.0000000000
78612  22.096  15.028  -33.733 0.0000000000
77806  22.712  13.404  -34.353 0.0000000000
76937  23.081  12.785  -34.880 0.0000000000
108335  24.264  12.886  -36.089 0.0000000000
76965  24.000  12.028  -37.782 0.0000000000
115020  21.981  11.308  -39.619 0.0000000000
106823  18.377  -2.837  -35.832 0.0000000000
63542  19.843  -3.477  -36.280 0.0000000000
104837  21.258  -4.252  -36.448 0.0000000000
103899  21.578  -1.810  -36.654 0.0000000000
63540  22.079  -3.833  -36.450 0.0000000000
64331  15.783  -2.906  -33.413 0.0000000000
63501  15.267  -3.301  -32.708 0.0000000000
63511  17.110  -3.883  -34.430 0.0000000000
75204  20.422  10.995  -35.006 0.0000000000
76058  21.993  11.771  -34.440 0.0000000000
68766  23.369  1.621  -38.277 0.0000000000
107237  23.245  0.867  -38.642 0.0000000000
68777  23.072  1.079  -39.541 0.0000000000
60170  18.611  -7.384  -34.419 0.0000000000
60154  18.113  -7.893  -33.952 0.0000000000
59288  18.898  -9.025  -34.172 0.0000000000
59301  19.456  -8.560  -34.360 0.0000000000
61848  21.917  -6.116  -36.139 0.0000000000
61055  21.703  -6.573  -35.697 0.0000000000
61054  22.412  -6.316  -35.950 0.0000000000
61847  23.044  -5.900  -35.967 0.0000000000
67741  14.151  1.424  -33.394 0.0000000000
70510  16.029  4.396  -35.756 0.0000000000
69686  16.415  3.711  -35.776 0.0000000000
70522  17.115  4.260  -36.429 0.0000000000
70521  17.929  4.057  -36.736 0.0000000000
112631  14.614  9.463  -35.419 0.0000000000
124683  15.032  9.587  -36.183 0.0000000000
72945  21.581  7.526  -36.652 0.0000000000
72946  20.596  7.481  -36.710 0.0000000000
72147  21.900  6.893  -37.211 0.0000000000
112509  22.199  6.342  -37.490 0.0000000000
72166  22.753  6.793  -37.277 0.0000000000
72165  23.649  6.707  -37.292 0.0000000000
72961  23.416  7.280  -36.837 0.0000000000
74500  22.776  9.149  -38.993 0.0000000000
80136  19.219  16.829  -33.351 0.0000000000
79401  19.972  16.052  -32.988 0.0000000000
79420  19.577  15.166  -33.307 0.0000000000
79437  23.508  15.951  -35.884 0.0000000000
79441  23.185  15.665  -36.744 0.0000000000
78649  23.268  14.742  -37.192 0.0000000000
108622  19.256  -0.918  -36.922 0.0000000000
65245  24.764  -2.027  -37.501 0.0000000000
61837  16.587  -5.180  -33.642 0.0000000000
125062  17.503  -6.431  -33.953 0.0000000000
61045  19.076  -6.882  -34.870 0.0000000000
61058  18.630  -6.119  -35.080 0.0000000000
62681  18.536  -4.442  -35.454 0.0000000000
61851  18.829  -5.374  -35.390 0.0000000000
62680  19.407  -4.974  -35.756 0.0000000000
62679  20.286  -5.520  -35.957 0.0000000000
62692  20.029  -4.436  -36.090 0.0000000000
111405  13.126  5.232  -33.078 0.0000000000
70479  13.764  4.556  -33.424 0.0000000000
71329  15.170  5.283  -34.654 0.0000000000
111176  17.260  10.791  -35.681 0.0000000000
120539  16.705  10.174  -36.260 0.0000000000
75225  18.034  10.694  -35.457 0.0000000000
75223  20.124  10.197  -35.315 0.0000000000
74473  19.450  9.558  -35.464 0.0000000000
117514  20.299  9.381  -35.640 0.0000000000
73723  20.887  8.740  -35.891 0.0000000000
74471  21.963  9.053  -35.622 0.0000000000
73743  22.662  8.497  -35.996 0.0000000000
75219  23.871  10.550  -35.836 0.0000000000
74468  24.171  10.044  -36.237 0.0000000000
75238  24.406  10.595  -36.463 0.0000000000
75246  24.781  10.510  -37.139 0.0000000000
76078  24.421  11.171  -37.437 0.0000000000
82407  16.892  19.464  -32.623 0.0000000000
114194  16.611  18.052  -32.008 0.0000000000
81626  16.375  17.761  -32.839 0.0000000000
80858  16.468  17.188  -33.078 0.0000000000
81637  16.595  17.748  -33.401 0.0000000000
107075  21.270  0.975  -37.151 0.0000000000
66883  21.101  0.231  -36.909 0.0000000000
66897  22.172  0.656  -37.192 0.0000000000
124929  21.875  -0.052  -40.536 0.0000000000
66895  22.725  0.343  -39.498 0.0000000000
66910  22.475  -0.329  -40.325 0.0000000000
66088  23.762  -0.666  -39.435 0.0000000000
125057  13.974  12.495  -34.361 0.0000000000
76927  14.312  12.898  -34.920 0.0000000000
76045  15.136  12.741  -35.231 0.0000000000
116544  17.811  12.799  -34.206 0.0000000000
76941  17.976  12.771  -34.189 0.0000000000
76940  18.303  12.621  -34.360 0.0000000000
112603  19.870  -6.975  -35.153 0.0000000000
60168  20.698  -7.532  -34.809 0.0000000000
120764  21.868  -7.376  -34.185 0.0000000000
69718  25.606  3.090  -38.610 0.0000000000
65197  14.381  -1.295  -33.083 0.0000000000
65196  14.996  -1.629  -33.528 0.0000000000
65220  15.461  -1.134  -34.167 0.0000000000
66860  15.898  0.395  -34.856 0.0000000000
68732  14.762  2.517  -34.057 0.0000000000
68731  15.225  2.162  -34.656 0.0000000000
68760  17.596  2.800  -36.052 0.0000000000
68744  16.975  2.282  -35.498 0.0000000000
67784  17.745  2.048  -35.820 0.0000000000
66886  17.942  1.288  -35.857 0.0000000000
67783  18.425  1.784  -36.259 0.0000000000
68758  19.216  1.891  -36.791 0.0000000000
69711  19.468  3.081  -37.886 0.0000000000
68768  20.125  2.491  -37.844 0.0000000000
123285  21.188  3.470  -37.817 0.0000000000
72930  14.573  7.612  -35.863 0.0000000000
72155  14.627  7.067  -36.143 0.0000000000
72136  14.854  6.385  -35.996 0.0000000000
109664  15.430  6.398  -36.644 0.0000000000
73748  16.372  8.725  -36.572 0.0000000000
115458  19.250  6.818  -36.741 0.0000000000
72150  18.464  6.880  -36.627 0.0000000000
72151  17.712  6.565  -36.631 0.0000000000
71353  17.124  5.803  -36.569 0.0000000000
71369  19.118  5.460  -37.129 0.0000000000
112915  19.925  5.505  -37.497 0.0000000000
71367  21.995  5.571  -37.693 0.0000000000
70535  21.359  4.820  -37.896 0.0000000000
70534  22.275  4.666  -37.898 0.0000000000
113644  22.503  3.854  -37.931 0.0000000000
70533  23.343  4.363  -37.857 0.0000000000
69706  24.299  3.310  -37.750 0.0000000000
70532  24.494  4.629  -37.905 0.0000000000
71364  25.343  5.156  -38.210 0.0000000000
120080  26.637  6.786  -38.384 0.0000000000
73741  24.768  8.594  -36.866 0.0000000000
73759  24.829  7.957  -36.944 0.0000000000
72943  25.278  8.201  -37.356 0.0000000000
80139  17.144  16.683  -33.564 0.0000000000
80138  17.947  16.225  -34.360 0.0000000000
106817  17.953  15.560  -34.001 0.0000000000
79422  18.208  15.003  -33.984 0.0000000000
78615  18.176  14.112  -34.314 0.0000000000
78614  18.178  14.312  -33.991 0.0000000000
78630  20.155  14.389  -33.179 0.0000000000
77788  19.367  13.925  -33.599 0.0000000000
118699  20.432  13.786  -33.273 0.0000000000
107547  21.026  13.538  -33.656 0.0000000000
82413  20.903  19.276  -34.183 0.0000000000
81633  20.905  18.508  -33.005 0.0000000000
123883  23.235  16.523  -34.365 0.0000000000
80864  22.973  17.791  -33.820 0.0000000000
80146  22.902  16.705  -33.818 0.0000000000
114135  21.813  15.762  -33.261 0.0000000000
79418  22.652  15.863  -33.764 0.0000000000
78633  23.639  14.393  -35.466 0.0000000000
78627  23.186  14.149  -34.670 0.0000000000
77805  23.343  13.499  -34.987 0.0000000000
77816  23.615  13.046  -35.387 0.0000000000
76952  23.634  12.309  -35.402 0.0000000000
76958  24.224  12.988  -37.162 0.0000000000
76966  23.369  12.880  -38.242 0.0000000000
114055  22.720  11.748  -38.693 0.0000000000
76967  22.170  12.514  -39.427 0.0000000000
64362  17.675  -2.425  -35.223 0.0000000000
64381  19.614  -2.641  -36.570 0.0000000000
63541  20.537  -3.851  -36.383 0.0000000000
103952  21.083  -3.366  -36.522 0.0000000000
64378  23.669  -2.943  -36.765 0.0000000000
103853  22.741  -3.021  -36.633 0.0000000000
63539  23.156  -3.879  -36.497 0.0000000000
62668  17.243  -4.788  -34.316 0.0000000000
62682  17.784  -4.346  -34.864 0.0000000000
75206  18.420  11.416  -34.953 0.0000000000
75205  19.336  11.043  -34.801 0.0000000000
75222  21.167  10.370  -35.356 0.0000000000
74470  22.511  9.779  -35.572 0.0000000000
75221  22.070  10.432  -35.308 0.0000000000
76057  23.538  11.327  -35.439 0.0000000000
82406  17.515  19.915  -32.902 0.0000000000
82417  17.139  19.048  -33.729 0.0000000000
66896  22.861  0.725  -37.884 0.0000000000
123186  22.943  0.816  -37.985 0.0000000000
67799  22.179  0.438  -40.521 0.0000000000
109256  22.267  0.106  -40.999 0.0000000000
77810  17.392  12.995  -34.179 0.0000000000
77809  17.984  13.164  -34.030 0.0000000000
60155  17.158  -6.601  -33.337 0.0000000000
60156  16.786  -6.837  -32.544 0.0000000000
118681  17.386  -7.407  -33.333 0.0000000000
59290  17.636  -8.307  -33.316 0.0000000000
58388  19.952  -9.295  -33.437 0.0000000000
59265  20.671  -8.989  -33.254 0.0000000000
61044  21.581  -6.896  -35.334 0.0000000000
66030  14.211  -0.493  -33.198 0.0000000000
66843  14.754  0.144  -33.886 0.0000000000
66861  15.351  0.726  -34.489 0.0000000000
66878  15.827  1.222  -34.910 0.0000000000
69675  15.472  3.582  -34.511 0.0000000000
68746  15.738  2.751  -34.965 0.0000000000
114453  16.271  3.103  -35.374 0.0000000000
68761  16.861  3.104  -35.704 0.0000000000
69700  18.355  3.285  -36.659 0.0000000000
69712  19.063  3.322  -37.365 0.0000000000
70537  19.151  3.835  -37.513 0.0000000000
73728  14.682  8.437  -35.606 0.0000000000
73751  14.835  8.313  -36.272 0.0000000000
73746  19.073  8.193  -36.073 0.0000000000
73747  17.962  8.090  -36.300 0.0000000000
72947  19.670  7.477  -36.597 0.0000000000
72149  20.117  6.794  -36.967 0.0000000000
123591  20.422  5.550  -37.658 0.0000000000
72168  20.487  6.110  -37.439 0.0000000000
71365  23.731  5.404  -37.759 0.0000000000
114827  23.941  6.154  -37.570 0.0000000000
73740  25.465  8.629  -37.625 0.0000000000
74498  25.324  9.271  -38.138 0.0000000000
74508  24.465  8.927  -39.352 0.0000000000
80856  18.334  16.776  -34.914 0.0000000000
80155  23.417  16.448  -35.119 0.0000000000
79436  23.622  14.974  -35.851 0.0000000000
78642  23.866  14.332  -35.917 0.0000000000
77822  24.024  13.906  -36.527 0.0000000000
78650  22.615  14.813  -38.295 0.0000000000
65230  18.175  -1.058  -35.948 0.0000000000
64361  18.281  -1.929  -35.818 0.0000000000
65251  18.772  -1.482  -36.493 0.0000000000
65250  19.392  -1.839  -36.818 0.0000000000
104811  20.056  -2.184  -36.912 0.0000000000
65260  23.844  -1.155  -37.581 0.0000000000
65247  23.549  -1.976  -36.944 0.0000000000
60169  19.481  -7.605  -34.650 0.0000000000
61056  20.154  -6.389  -35.531 0.0000000000
61863  21.258  -5.556  -36.214 0.0000000000
69676  14.748  3.444  -33.830 0.0000000000
119806  14.309  4.062  -33.596 0.0000000000
70495  15.605  4.421  -34.944 0.0000000000
70524  16.024  5.125  -36.302 0.0000000000
75228  14.484  10.676  -35.518 0.0000000000
74477  15.154  9.880  -36.207 0.0000000000
74476  16.005  10.093  -36.478 0.0000000000
74489  16.496  9.612  -36.451 0.0000000000
73725  18.118  8.905  -35.893 0.0000000000
74474  18.461  9.708  -35.534 0.0000000000
117495  18.983  8.977  -35.651 0.0000000000
113658  21.004  8.030  -36.340 0.0000000000
112657  22.345  7.881  -36.337 0.0000000000
73761  23.174  7.889  -36.288 0.0000000000
73742  23.735  8.713  -36.061 0.0000000000
74488  24.376  9.394  -36.398 0.0000000000
74469  23.531  9.716  -35.784 0.0000000000
74499  24.738  9.660  -37.756 0.0000000000
75248  22.371  9.656  -38.945 0.0000000000
81649  17.344  17.989  -34.229 0.0000000000
80866  17.911  17.157  -34.769 0.0000000000
80855  18.846  17.192  -34.536 0.0000000000
80854  19.558  17.657  -33.196 0.0000000000
66884  20.185  0.240  -37.032 0.0000000000
66074  20.222  -0.646  -36.974 0.0000000000
66091  22.211  -0.162  -37.116 0.0000000000
66090  23.191  -0.358  -37.655 0.0000000000
76063  14.000  11.461  -35.273 0.0000000000
76062  14.672  11.634  -35.387 0.0000000000
76061  15.901  11.613  -35.293 0.0000000000
76060  17.019  11.655  -35.233 0.0000000000
76043  17.640  12.427  -34.570 0.0000000000
76041  18.759  11.898  -34.605 0.0000000000
110953  19.293  12.232  -34.414 0.0000000000
59300  20.104  -7.990  -34.574 0.0000000000
60153  20.573  -8.043  -34.356 0.0000000000
124961  21.549  -7.331  -34.679 0.0000000000
68776  23.768  1.163  -39.147 0.0000000000
68775  25.007  1.839  -39.007 0.0000000000
64332  15.147  -2.470  -33.180 0.0000000000
64346  16.326  -2.434  -34.050 0.0000000000
65232  16.679  -1.034  -35.084 0.0000000000
66048  15.970  -0.577  -34.741 0.0000000000
66061  17.409  -0.533  -35.524 0.0000000000
66060  18.151  -0.162  -35.995 0.0000000000
66076  18.834  0.056  -36.683 0.0000000000
67759  14.744  1.800  -34.148 0.0000000000
67758  15.289  1.491  -34.610 0.0000000000
67775  16.329  1.713  -35.225 0.0000000000
118483  18.233  0.584  -36.078 0.0000000000
66899  19.612  0.831  -36.941 0.0000000000
67790  20.922  1.436  -37.382 0.0000000000
68769  19.641  2.434  -37.491 0.0000000000
109927  20.650  1.979  -37.625 0.0000000000
112025  21.460  1.803  -37.436 0.0000000000
68767  22.107  2.269  -37.539 0.0000000000
104594  22.845  2.545  -37.847 0.0000000000
71312  13.536  6.014  -33.136 0.0000000000
72123  14.366  6.400  -33.783 0.0000000000
71342  14.812  6.112  -34.694 0.0000000000
71355  15.517  5.792  -36.265 0.0000000000
74491  15.259  9.249  -36.447 0.0000000000
73749  15.624  8.623  -36.666 0.0000000000
72950  15.406  7.735  -36.814 0.0000000000
72949  17.824  7.362  -36.602 0.0000000000
120960  17.064  7.257  -36.854 0.0000000000
72153  15.751  6.886  -37.032 0.0000000000
112391  16.687  5.074  -36.402 0.0000000000
71370  18.574  4.586  -37.084 0.0000000000
70536  19.957  3.961  -37.723 0.0000000000
71368  20.420  4.900  -37.723 0.0000000000
105887  20.838  4.090  -37.889 0.0000000000
118156  22.618  3.275  -37.822 0.0000000000
70546  25.808  4.562  -38.703 0.0000000000
72960  24.321  7.334  -37.009 0.0000000000
72958  26.017  8.085  -37.748 0.0000000000
72177  26.374  7.365  -38.187 0.0000000000
77789  18.534  13.461  -33.947 0.0000000000
76939  20.252  12.552  -34.093 0.0000000000
122598  21.513  12.455  -34.158 0.0000000000
82437  19.553  19.820  -35.467 0.0000000000
82414  19.837  19.146  -34.695 0.0000000000
81646  19.734  18.425  -34.594 0.0000000000
81634  20.124  18.241  -33.425 0.0000000000
117544  21.755  18.479  -33.314 0.0000000000
80852  21.458  18.011  -32.825 0.0000000000
80134  21.256  17.237  -32.718 0.0000000000
79400  21.044  16.314  -32.814 0.0000000000
79432  22.933  15.020  -34.757 0.0000000000
78628  22.461  14.222  -34.166 0.0000000000
78629  21.890  13.741  -33.999 0.0000000000
77807  21.827  13.148  -34.068 0.0000000000
115429  22.452  12.540  -34.242 0.0000000000
76938  22.899  11.926  -34.762 0.0000000000
76951  24.220  11.836  -36.010 0.0000000000
115097  24.416  12.049  -36.798 0.0000000000
76079  23.449  10.902  -38.354 0.0000000000
76080  22.134  10.458  -39.309 0.0000000000
75254  20.966  9.274  -39.557 0.0000000000
115006  21.844  12.585  -40.145 0.0000000000
76975  21.680  11.549  -40.048 0.0000000000
76096  21.704  10.539  -39.994 0.0000000000
75265  20.564  9.266  -40.018 0.0000000000
64345  17.035  -2.923  -34.546 0.0000000000
63525  18.585  -3.600  -35.777 0.0000000000
63543  19.093  -3.142  -36.167 0.0000000000
107662  21.423  -4.968  -36.411 0.0000000000
65249  20.602  -1.558  -36.768 0.0000000000
103945  20.859  -2.445  -36.598 0.0000000000
65248  22.604  -2.119  -36.841 0.0000000000
64379  21.811  -2.764  -36.548 0.0000000000
62690  21.877  -4.700  -36.463 0.0000000000
66920  23.303  0.421  -40.672 0.0000000000
60167  21.290  -7.246  -34.992 0.0000000000
61043  22.144  -6.606  -35.453 0.0000000000
61862  22.000  -5.443  -36.405 0.0000000000
69702  16.833  3.780  -36.162 0.0000000000
71341  15.211  5.759  -35.497 0.0000000000
71351  18.769  6.230  -36.722 0.0000000000
72167  21.421  6.248  -37.481 0.0000000000
72951  14.894  7.701  -36.487 0.0000000000
73750  15.130  8.543  -36.573 0.0000000000
74510  21.294  8.737  -39.704 0.0000000000
74511  20.623  8.862  -39.757 0.0000000000
75227  15.442  10.657  -35.701 0.0000000000
75229  13.947  10.942  -35.234 0.0000000000
76056  24.177  11.117  -36.030 0.0000000000
76087  21.542  10.200  -39.930 0.0000000000
77804  23.506  14.143  -35.099 0.0000000000
77835  22.182  13.579  -39.883 0.0000000000
108591  22.893  1.771  -37.910 0.0000000000
110825  21.756  9.843  -35.497 0.0000000000
112081  16.254  7.720  -36.953 0.0000000000
112771  16.805  18.971  -32.114 0.0000000000
114172  17.603  4.879  -36.556 0.0000000000
114503  13.755  11.612  -35.077 0.0000000000
121719  21.336  9.292  -40.398 0.0000000000
122661  22.258  18.021  -33.284 0.0000000000
124920  23.170  -1.350  -37.148 0.0000000000
