#!ascii label  , from subject 001 vox2ras=TkReg
1171
32336  40.755  -40.059  -42.050 0.6000000238
31376  41.775  -40.772  -43.731 0.5000000000
34036  40.145  -38.849  -41.238 0.6999999881
33242  39.453  -39.471  -41.537 0.6000000238
34037  39.033  -39.155  -41.428 0.6000000238
34027  38.377  -38.466  -41.256 0.6000000238
113395  40.837  -39.351  -41.952 0.6999999881
32325  40.130  -39.610  -41.439 0.6000000238
33254  38.935  -40.019  -42.384 0.5000000000
33243  38.735  -39.511  -42.004 0.5000000000
32335  41.525  -39.903  -42.705 0.5000000000
31377  41.301  -40.611  -42.952 0.5000000000
31364  40.144  -40.596  -41.455 0.6000000238
34028  37.367  -38.159  -41.407 0.6000000238
108869  42.334  -41.328  -43.600 0.5000000000
31372  42.899  -40.935  -42.642 0.5000000000
34749  39.398  -37.439  -39.001 0.6000000238
34750  38.625  -37.248  -38.891 0.6999999881
34025  40.623  -38.410  -41.475 0.6000000238
34772  40.092  -38.286  -40.827 0.6999999881
34018  39.071  -38.448  -40.516 0.6000000238
34019  38.243  -37.783  -40.637 0.6000000238
34035  40.946  -38.122  -41.912 0.6000000238
33241  40.396  -38.939  -41.563 0.6999999881
34762  37.563  -37.223  -40.209 0.6000000238
33252  41.937  -39.366  -42.610 0.5000000000
34046  41.543  -38.384  -42.205 0.5000000000
34773  37.400  -37.690  -41.185 0.6000000238
32334  42.121  -40.544  -43.574 0.5000000000
34763  36.618  -37.129  -40.644 0.6000000238
104422  42.377  -40.893  -43.719 0.5000000000
34774  36.368  -37.641  -41.298 0.6000000238
35588  35.619  -36.936  -41.299 0.6999999881
35578  35.361  -36.007  -40.815 0.6999999881
121059  34.934  -37.374  -41.805 0.6000000238
35589  34.738  -36.709  -41.570 0.6000000238
35590  33.844  -36.824  -41.229 0.6000000238
34781  34.327  -37.552  -41.692 0.6000000238
35569  31.357  -36.918  -39.365 0.5000000000
36414  29.602  -35.596  -38.805 0.6999999881
35570  30.241  -36.811  -39.131 0.6000000238
36403  29.635  -35.512  -38.092 0.8000000119
35561  29.912  -36.373  -38.387 0.6999999881
34741  39.160  -37.113  -38.090 0.6000000238
34759  40.491  -37.679  -40.297 0.6999999881
34760  39.630  -37.775  -40.007 0.6999999881
121656  38.263  -37.349  -39.711 0.6999999881
34751  37.890  -36.901  -39.109 0.6999999881
34779  40.825  -38.032  -42.611 0.6000000238
34771  40.978  -37.931  -41.398 0.6000000238
35567  37.474  -36.438  -38.497 0.8000000119
34033  41.982  -38.171  -42.079 0.5000000000
34778  41.551  -37.790  -42.427 0.5000000000
35576  37.102  -36.645  -39.576 0.8000000119
34045  42.364  -38.792  -42.298 0.5000000000
35568  36.783  -35.943  -39.018 0.8000000119
32333  42.903  -40.471  -42.533 0.5000000000
35577  36.224  -36.368  -40.174 0.8000000119
36410  35.853  -35.480  -39.544 0.8000000119
36419  34.929  -35.483  -40.087 0.6999999881
36429  33.658  -36.124  -40.844 0.6999999881
36420  33.975  -35.585  -40.280 0.6999999881
36421  32.926  -35.732  -40.575 0.6000000238
35579  34.429  -36.031  -40.968 0.6000000238
36422  31.760  -35.826  -40.377 0.6999999881
34775  32.586  -36.952  -40.596 0.6999999881
35591  33.116  -36.552  -40.784 0.6000000238
35581  30.940  -36.412  -39.880 0.6999999881
35580  31.824  -36.728  -40.316 0.6000000238
36413  29.752  -36.182  -39.264 0.8000000119
35582  30.166  -36.284  -39.622 0.8000000119
37265  29.754  -34.724  -39.127 0.8999999762
36402  30.485  -35.638  -37.178 0.6999999881
37256  29.503  -34.691  -38.467 0.8000000119
112875  38.898  -36.680  -37.421 0.6000000238
35557  38.228  -36.817  -38.008 0.6999999881
35543  38.173  -36.346  -36.977 0.6999999881
36389  37.628  -35.696  -36.328 0.6000000238
34739  40.812  -36.874  -38.597 0.4000000060
34740  40.054  -37.205  -38.212 0.6000000238
112654  37.647  -36.369  -37.638 0.6999999881
34758  41.013  -37.117  -39.607 0.6000000238
35586  42.730  -37.336  -41.630 0.4000000060
34770  41.810  -37.469  -41.183 0.5000000000
103425  41.240  -37.492  -40.504 0.6000000238
35558  37.076  -35.948  -37.960 0.8000000119
34777  42.628  -37.857  -42.162 0.5000000000
36409  36.330  -35.513  -38.301 0.8000000119
34044  43.151  -39.001  -42.153 0.4000000060
37261  35.597  -35.031  -38.566 0.8000000119
33250  43.943  -39.141  -42.246 0.5000000000
36411  34.452  -35.050  -39.446 0.8000000119
37263  32.858  -34.502  -38.814 0.8000000119
107418  33.978  -34.529  -38.758 0.6999999881
103863  35.214  -35.045  -39.303 0.8000000119
37270  32.305  -34.990  -39.955 0.8000000119
36412  33.421  -35.026  -39.686 0.6999999881
37264  31.577  -34.359  -39.080 0.8999999762
109766  31.373  -35.038  -39.966 0.8999999762
35592  32.379  -36.412  -40.742 0.6999999881
37273  29.985  -34.906  -39.481 0.8999999762
36424  30.040  -35.610  -39.623 0.8999999762
38038  30.223  -33.789  -36.965 0.8000000119
120918  30.863  -33.849  -36.148 0.8000000119
37255  29.819  -34.698  -37.576 0.8000000119
107825  30.705  -34.576  -36.526 0.8000000119
38039  29.450  -33.605  -38.134 0.8000000119
36388  38.633  -35.722  -36.307 0.6999999881
36374  38.141  -35.127  -35.836 0.6000000238
35556  39.789  -36.820  -37.363 0.6000000238
35542  39.251  -36.275  -36.793 0.5000000000
36375  37.356  -34.989  -35.903 0.6999999881
35555  40.795  -36.619  -37.503 0.4000000060
106398  36.986  -35.628  -36.716 0.6999999881
35566  41.585  -36.519  -38.953 0.5000000000
36400  36.663  -35.629  -37.349 0.6999999881
35565  42.623  -36.176  -39.153 0.5000000000
35575  41.945  -36.897  -40.047 0.6000000238
105895  43.232  -36.712  -40.914 0.4000000060
37244  34.931  -34.258  -37.268 0.8000000119
36401  35.940  -35.168  -37.536 0.8000000119
34776  43.596  -37.409  -42.009 0.4000000060
37262  34.864  -34.728  -38.660 0.8000000119
37252  35.212  -34.725  -37.752 0.8000000119
104466  43.999  -38.307  -42.478 0.3000000119
38042  32.799  -33.882  -38.227 0.8000000119
37254  33.607  -34.153  -37.967 0.8000000119
116353  31.074  -33.252  -39.272 0.8999999762
37271  30.774  -34.782  -39.707 0.8999999762
116042  30.248  -32.896  -39.530 0.8999999762
38046  30.381  -33.872  -39.501 0.8999999762
37272  30.291  -34.783  -39.563 0.8999999762
37227  30.950  -34.357  -35.736 0.8000000119
111012  29.886  -33.940  -39.467 0.8999999762
38044  29.554  -33.731  -38.984 0.8999999762
116382  29.304  -32.755  -38.811 0.8000000119
37241  39.163  -34.892  -35.989 0.6000000238
119835  37.803  -34.460  -35.750 0.6000000238
36387  39.757  -35.553  -36.309 0.6000000238
35540  41.176  -35.803  -36.928 0.4000000060
35541  40.365  -36.187  -36.733 0.4000000060
105377  37.000  -35.295  -36.314 0.6999999881
35554  41.357  -35.964  -37.607 0.4000000060
36390  36.446  -35.221  -36.730 0.6999999881
36408  41.997  -35.727  -38.298 0.5000000000
37243  35.724  -34.459  -36.694 0.6999999881
36407  43.007  -35.162  -38.852 0.5000000000
38027  35.036  -33.732  -36.758 0.8000000119
38036  33.583  -33.612  -37.578 0.8000000119
37253  34.440  -34.380  -37.872 0.8000000119
38037  32.921  -33.130  -37.786 0.8000000119
38806  31.684  -32.404  -38.956 0.8999999762
38043  32.061  -33.353  -38.428 0.8999999762
38807  30.787  -32.249  -39.466 0.8999999762
38047  29.849  -32.923  -39.502 0.8999999762
38793  30.395  -32.056  -36.590 0.8000000119
38048  29.591  -32.822  -39.271 1.0000000000
115911  29.815  -32.844  -37.374 0.8000000119
38808  29.271  -31.883  -39.110 1.0000000000
116592  29.362  -32.553  -38.385 0.8000000119
37225  38.636  -34.229  -35.742 0.6000000238
38007  37.950  -33.546  -35.584 0.6000000238
37224  39.685  -34.006  -35.683 0.6000000238
114840  37.561  -32.656  -35.335 0.6999999881
37239  40.927  -34.401  -36.282 0.4000000060
36386  40.759  -35.303  -36.377 0.4000000060
37240  40.227  -34.668  -35.964 0.4000000060
36399  41.690  -35.224  -37.543 0.4000000060
38025  36.326  -33.908  -35.814 0.6999999881
36398  42.475  -34.694  -38.224 0.5000000000
37238  41.527  -34.072  -36.972 0.4000000060
38035  34.269  -33.945  -37.340 0.8000000119
38791  35.297  -32.926  -36.298 0.8000000119
121746  33.602  -32.898  -37.337 0.8000000119
38028  34.350  -33.098  -36.930 0.8000000119
39608  32.708  -31.464  -37.742 0.8000000119
38801  32.382  -32.377  -38.034 0.8999999762
39615  31.321  -31.473  -39.387 0.8999999762
38810  30.036  -31.971  -39.612 1.0000000000
39621  29.739  -30.987  -39.479 1.0000000000
39622  29.393  -31.220  -39.179 1.0000000000
38802  29.539  -31.852  -37.935 0.8000000119
38029  30.586  -33.098  -36.281 0.8000000119
39616  29.269  -31.055  -38.982 1.0000000000
39610  29.337  -30.997  -38.570 0.8000000119
38803  29.208  -31.788  -38.796 0.8000000119
38005  40.095  -33.187  -35.606 0.6000000238
116483  38.593  -32.661  -35.481 0.6000000238
38008  36.919  -33.304  -35.388 0.6999999881
38778  36.753  -32.395  -35.343 0.6999999881
37223  40.465  -33.844  -35.842 0.5000000000
36385  41.371  -34.880  -36.839 0.4000000060
38009  36.084  -32.929  -35.682 0.8000000119
38023  41.456  -33.350  -37.326 0.4000000060
38792  33.967  -32.227  -36.981 0.8000000119
38800  33.177  -32.279  -37.478 0.8000000119
39614  32.034  -31.506  -38.598 0.8999999762
40411  32.395  -30.709  -38.338 0.8000000119
40418  30.932  -30.652  -39.728 1.0000000000
39620  30.433  -31.263  -39.660 1.0000000000
40423  31.095  -29.932  -39.790 1.0000000000
108816  30.228  -30.167  -39.811 1.0000000000
40419  29.583  -29.734  -39.160 1.0000000000
39609  29.873  -31.076  -37.508 0.8999999762
39602  30.729  -31.228  -36.373 0.8999999762
40413  29.690  -30.222  -38.381 1.0000000000
40412  30.728  -29.674  -37.629 1.0000000000
40405  30.653  -30.511  -36.962 1.0000000000
41214  30.171  -28.610  -39.105 1.0000000000
42856  31.121  -27.424  -39.063 1.0000000000
41994  30.845  -28.064  -38.733 1.0000000000
41986  31.499  -28.344  -37.536 1.0000000000
38777  38.175  -32.016  -35.535 0.6999999881
116535  38.250  -31.423  -35.775 0.6999999881
38776  39.651  -32.418  -35.541 0.6000000238
125332  38.970  -32.161  -35.534 0.6000000238
109647  40.747  -33.084  -36.261 0.5000000000
39585  36.632  -31.508  -35.432 0.8000000119
38798  41.110  -32.926  -37.083 0.4000000060
38779  36.057  -31.983  -35.542 0.8000000119
38781  34.804  -31.997  -36.311 0.8000000119
39600  34.535  -31.200  -36.265 0.8000000119
39607  33.583  -31.512  -37.228 0.8000000119
39601  34.207  -31.562  -36.705 0.8000000119
41202  32.811  -30.148  -38.319 0.8000000119
41213  32.086  -29.935  -39.127 0.8999999762
41212  32.998  -29.677  -38.985 1.0000000000
41222  31.449  -29.197  -39.681 1.0000000000
114444  32.404  -29.344  -39.519 1.0000000000
42008  33.596  -28.660  -40.329 1.0000000000
41223  30.417  -29.245  -39.885 1.0000000000
42009  32.195  -28.626  -39.762 1.0000000000
42010  30.810  -28.582  -39.668 1.0000000000
42864  31.281  -27.782  -39.544 1.0000000000
42001  30.483  -28.360  -39.395 1.0000000000
40393  31.188  -29.928  -36.351 1.0000000000
42855  31.686  -26.942  -39.391 1.0000000000
41203  30.816  -28.842  -38.213 1.0000000000
41196  31.364  -29.125  -36.957 1.0000000000
42845  31.746  -26.751  -38.680 1.0000000000
42846  31.720  -27.511  -37.918 1.0000000000
39584  37.486  -31.457  -35.569 0.6999999881
39582  40.071  -32.018  -35.740 0.5000000000
39583  39.197  -31.723  -35.698 0.6999999881
38789  40.581  -32.548  -36.239 0.5000000000
38775  40.366  -32.677  -35.755 0.5000000000
39586  35.747  -31.241  -35.550 0.8000000119
39587  35.012  -31.175  -35.806 0.6999999881
40392  34.702  -30.593  -36.231 0.8000000119
40409  34.194  -30.304  -37.148 0.8000000119
40404  34.089  -30.944  -36.795 0.8000000119
41201  33.603  -29.952  -38.068 0.6999999881
40410  33.293  -30.682  -37.591 0.6999999881
41211  34.028  -29.493  -38.949 0.8999999762
107070  35.445  -28.743  -39.146 0.8000000119
42854  35.674  -27.857  -39.739 0.8000000119
41220  34.131  -29.241  -40.014 0.8999999762
42000  34.853  -29.232  -39.669 0.8000000119
41999  35.256  -28.619  -40.199 0.8000000119
41221  33.260  -29.294  -39.807 1.0000000000
42861  35.418  -27.977  -40.813 0.8999999762
113213  35.814  -26.971  -40.608 0.8000000119
42007  34.621  -28.907  -40.475 0.8999999762
42013  34.498  -28.347  -40.902 1.0000000000
42863  32.416  -27.689  -40.024 1.0000000000
43767  32.579  -26.815  -39.764 1.0000000000
104060  31.729  -27.834  -36.907 1.0000000000
43766  33.514  -26.631  -40.142 1.0000000000
43760  32.268  -26.324  -39.055 1.0000000000
42835  32.075  -27.234  -36.828 1.0000000000
125168  32.767  -26.362  -39.531 1.0000000000
43759  33.063  -25.885  -39.250 1.0000000000
43751  32.340  -26.011  -37.469 1.0000000000
40401  38.943  -30.899  -36.570 0.6999999881
39599  38.668  -31.109  -36.032 0.6999999881
40388  37.778  -30.821  -35.905 0.6999999881
114296  39.143  -30.874  -37.472 0.6000000238
40389  37.026  -30.928  -35.590 0.6999999881
38790  40.164  -31.997  -36.400 0.5000000000
40390  36.248  -30.697  -35.658 0.6999999881
38799  40.409  -32.621  -37.479 0.5000000000
41183  35.738  -30.286  -36.040 0.6999999881
41195  34.856  -29.932  -36.733 0.6999999881
41184  35.191  -30.226  -36.182 0.6999999881
41200  34.512  -29.743  -37.762 0.6999999881
42853  35.992  -27.209  -38.628 0.8000000119
43757  36.139  -26.329  -38.668 0.8000000119
43764  36.249  -26.213  -39.988 0.8000000119
42866  35.125  -28.065  -41.136 1.0000000000
43770  35.432  -27.237  -41.019 1.0000000000
43768  36.262  -25.960  -40.700 0.8000000119
42862  33.499  -27.647  -40.450 1.0000000000
44654  33.935  -25.793  -40.027 1.0000000000
42820  31.579  -27.546  -36.157 1.0000000000
44649  33.145  -25.231  -38.450 1.0000000000
44650  32.584  -25.799  -38.333 1.0000000000
43739  32.223  -26.445  -36.713 1.0000000000
40408  38.597  -30.138  -36.851 0.6999999881
40402  38.264  -30.448  -36.331 0.6999999881
117006  37.726  -30.167  -36.237 0.6000000238
40403  37.094  -30.369  -35.964 0.6000000238
41193  36.443  -30.056  -36.285 0.6000000238
41194  35.694  -29.792  -36.638 0.6999999881
105354  36.601  -29.376  -36.878 0.6999999881
41985  36.046  -29.309  -37.332 0.6999999881
41199  35.300  -29.509  -37.425 0.6999999881
42844  35.943  -28.131  -38.416 0.8000000119
41993  35.768  -28.958  -38.055 0.6999999881
44642  36.397  -25.505  -37.994 0.8000000119
44648  36.595  -25.543  -39.308 0.8000000119
44653  36.969  -25.417  -40.541 0.8000000119
43769  36.029  -26.175  -40.791 0.8000000119
44656  37.381  -24.988  -41.108 0.8000000119
43765  34.647  -26.601  -40.750 1.0000000000
44658  36.187  -25.345  -41.044 1.0000000000
44660  37.208  -24.702  -41.405 0.6999999881
103820  35.498  -26.109  -40.770 1.0000000000
44661  36.754  -24.586  -41.384 0.8999999762
121380  34.743  -25.675  -40.455 1.0000000000
45520  34.507  -24.768  -39.855 1.0000000000
43720  31.241  -27.068  -35.615 1.0000000000
44655  33.685  -25.306  -39.241 1.0000000000
45514  33.821  -24.677  -38.722 1.0000000000
44635  32.246  -25.646  -36.724 1.0000000000
43740  31.747  -26.786  -36.063 1.0000000000
44643  32.593  -25.220  -37.506 1.0000000000
41984  36.483  -28.523  -37.393 0.6999999881
42843  36.430  -27.362  -37.622 0.8000000119
119200  36.221  -26.790  -38.071 0.6999999881
46344  37.296  -24.190  -39.148 0.6999999881
45512  37.314  -24.850  -39.859 0.6999999881
45518  37.693  -24.660  -40.718 0.6999999881
45521  37.706  -24.263  -41.278 0.8000000119
109993  38.157  -24.039  -40.906 0.6999999881
45523  36.133  -24.325  -41.023 0.8999999762
45519  35.514  -24.008  -40.447 1.0000000000
46354  35.983  -23.275  -40.267 1.0000000000
44615  31.108  -26.248  -35.421 1.0000000000
45513  34.508  -24.193  -38.969 1.0000000000
45501  33.197  -24.558  -37.832 1.0000000000
41191  38.051  -29.575  -36.598 0.6000000238
41982  37.793  -28.955  -36.734 0.6000000238
41192  37.338  -29.638  -36.545 0.6000000238
105485  37.903  -28.219  -36.537 0.6000000238
41983  37.337  -28.651  -36.834 0.6000000238
42833  37.139  -27.745  -36.881 0.6000000238
43738  37.007  -26.801  -36.801 0.6999999881
43750  36.466  -26.388  -37.612 0.6999999881
45483  36.822  -24.773  -37.447 0.6999999881
45500  36.805  -24.785  -38.602 0.6999999881
46335  37.138  -24.038  -38.104 0.6999999881
45511  37.994  -23.996  -40.137 0.6999999881
50672  40.088  -18.692  -35.273 0.3000000119
46353  38.421  -23.335  -40.772 0.6999999881
50682  40.734  -17.979  -35.740 0.3000000119
46358  38.008  -22.908  -41.516 0.8000000119
119358  28.368  -28.372  -34.619 0.8999999762
45522  36.665  -23.586  -41.392 1.0000000000
42803  29.499  -27.555  -34.686 1.0000000000
117694  30.634  -26.911  -35.109 1.0000000000
43700  29.785  -26.804  -34.779 1.0000000000
113655  31.814  -25.962  -36.048 1.0000000000
45502  32.609  -24.463  -37.133 1.0000000000
119476  38.138  -28.601  -36.695 0.6000000238
42832  38.035  -27.523  -36.077 0.6000000238
43719  38.150  -26.707  -35.672 0.6000000238
121081  37.610  -27.193  -36.242 0.6999999881
43737  37.478  -26.342  -36.037 0.6999999881
109174  40.244  -24.061  -34.444 0.3000000119
115477  36.965  -25.737  -36.847 0.6999999881
49795  39.591  -19.249  -35.589 0.4000000060
50683  40.016  -18.383  -36.507 0.4000000060
114601  26.843  -28.907  -34.610 0.6999999881
42806  26.420  -28.093  -34.492 0.6999999881
52325  41.135  -16.870  -37.166 0.3000000119
51510  41.131  -17.633  -36.697 0.3000000119
47159  38.328  -22.427  -40.690 0.6999999881
43702  27.903  -26.906  -34.825 0.8999999762
50693  40.865  -18.010  -37.242 0.3000000119
47170  37.331  -22.860  -41.530 0.8000000119
43701  28.848  -26.823  -34.843 0.8999999762
51518  41.034  -17.651  -37.329 0.3000000119
120189  36.715  -22.589  -40.924 0.8000000119
46345  35.509  -23.039  -39.511 1.0000000000
44616  30.439  -25.399  -35.291 1.0000000000
46346  34.849  -23.541  -38.680 1.0000000000
44636  31.695  -25.043  -36.205 1.0000000000
121895  31.233  -25.463  -35.632 1.0000000000
46347  33.937  -23.886  -38.062 1.0000000000
108807  32.282  -24.966  -36.791 1.0000000000
107242  33.140  -23.863  -37.298 1.0000000000
45484  31.909  -24.332  -36.697 1.0000000000
46338  32.285  -23.717  -37.023 1.0000000000
44614  37.901  -25.771  -35.545 0.6999999881
45452  40.036  -24.835  -34.594 0.3000000119
44634  37.434  -25.560  -36.003 0.6999999881
120046  39.686  -23.538  -34.493 0.4000000060
46321  37.085  -24.046  -36.996 0.6999999881
47107  39.465  -22.748  -34.438 0.3000000119
46307  39.018  -23.455  -34.711 0.5000000000
46334  37.412  -23.287  -37.660 0.6999999881
46343  37.600  -23.309  -38.942 0.6999999881
48905  39.449  -20.250  -34.731 0.4000000060
48906  38.793  -20.845  -35.188 0.6000000238
48915  38.982  -19.883  -35.845 0.5000000000
47160  38.364  -22.936  -39.945 0.6999999881
52327  38.837  -16.519  -37.355 0.4000000060
49804  39.638  -19.130  -36.957 0.4000000060
43704  25.922  -27.211  -34.638 0.6999999881
53142  38.912  -15.888  -36.598 0.4000000060
114767  25.938  -29.017  -34.666 0.6000000238
53141  40.259  -16.085  -36.503 0.3000000119
52326  40.302  -17.021  -37.392 0.3000000119
50694  40.543  -18.737  -37.844 0.4000000060
48037  38.053  -22.026  -40.931 0.6999999881
48030  38.156  -21.613  -40.052 0.6999999881
42805  27.553  -27.977  -34.630 0.6999999881
109347  40.290  -19.087  -37.940 0.4000000060
48038  37.436  -22.124  -40.865 0.8000000119
51519  40.844  -18.238  -37.977 0.4000000060
47161  36.805  -22.315  -40.676 0.8000000119
43721  30.129  -26.114  -34.982 1.0000000000
48033  36.411  -22.148  -39.885 0.8999999762
106933  32.831  -23.127  -37.160 1.0000000000
46336  34.569  -23.112  -37.645 1.0000000000
46322  31.370  -23.529  -36.826 1.0000000000
45485  31.041  -24.123  -36.311 1.0000000000
46339  31.854  -22.912  -37.154 1.0000000000
44613  38.621  -25.869  -35.257 0.6000000238
111075  38.264  -25.008  -35.190 0.6000000238
44603  39.181  -25.086  -34.857 0.5000000000
45462  37.626  -24.930  -35.644 0.6999999881
45453  39.460  -24.189  -34.649 0.5000000000
45461  38.634  -24.204  -34.904 0.4000000060
45482  37.250  -24.864  -36.474 0.6999999881
106787  37.339  -24.101  -35.995 0.6999999881
47108  38.660  -22.765  -34.784 0.6000000238
46320  37.258  -23.268  -36.574 0.6999999881
47987  38.796  -21.890  -34.745 0.6000000238
47124  37.483  -22.467  -37.219 0.6999999881
48916  38.469  -20.521  -36.179 0.6000000238
48001  37.987  -21.093  -36.572 0.6000000238
47139  37.865  -22.507  -38.263 0.6000000238
51520  38.334  -16.785  -38.078 0.4000000060
47152  38.097  -22.472  -39.169 0.6999999881
48918  38.958  -19.778  -36.946 0.5000000000
47151  38.313  -22.041  -39.738 0.6999999881
52337  39.748  -17.430  -38.177 0.4000000060
51531  39.125  -17.633  -38.447 0.5000000000
49811  39.583  -19.297  -37.669 0.4000000060
43703  26.931  -27.049  -34.813 0.6999999881
50705  40.483  -18.808  -38.143 0.4000000060
48032  37.110  -21.831  -40.200 0.6999999881
48031  37.829  -21.654  -40.259 0.6999999881
44618  28.725  -25.500  -35.355 0.8999999762
47153  35.610  -22.386  -39.319 0.8999999762
44617  29.463  -25.416  -35.277 0.8999999762
45463  30.749  -24.717  -35.704 1.0000000000
46337  33.742  -23.239  -37.364 1.0000000000
45464  29.743  -24.649  -35.558 1.0000000000
47142  33.472  -22.583  -37.282 1.0000000000
48015  31.932  -21.393  -37.516 0.8999999762
47143  32.433  -22.277  -37.408 1.0000000000
47127  30.878  -22.714  -37.055 1.0000000000
46323  30.444  -23.267  -36.487 1.0000000000
47144  31.379  -22.078  -37.418 1.0000000000
47128  29.907  -22.602  -37.000 0.8999999762
48016  30.870  -21.259  -37.619 1.0000000000
47145  30.372  -21.982  -37.457 0.8999999762
111449  37.839  -24.155  -35.292 0.6999999881
46311  38.197  -23.372  -35.011 0.6999999881
46312  37.562  -23.299  -35.633 0.6999999881
47116  37.960  -22.418  -35.311 0.6000000238
47117  37.475  -22.475  -36.238 0.6999999881
48002  37.604  -21.717  -36.909 0.6000000238
48011  38.063  -21.782  -37.870 0.6000000238
52328  37.862  -16.327  -37.106 0.3000000119
47995  38.205  -21.408  -35.599 0.6000000238
51511  37.561  -17.174  -36.742 0.4000000060
48919  38.467  -20.367  -37.203 0.6000000238
48920  38.190  -21.055  -37.560 0.6000000238
48024  38.267  -21.844  -38.836 0.6000000238
49812  38.945  -19.665  -37.714 0.4000000060
113028  38.289  -21.430  -39.367 0.6000000238
51532  37.995  -17.571  -38.232 0.5000000000
49826  39.710  -19.241  -38.111 0.4000000060
48945  38.236  -20.990  -39.358 0.6000000238
50706  39.377  -18.540  -38.486 0.5000000000
48947  37.443  -21.151  -39.586 0.6000000238
43723  28.228  -25.967  -35.151 0.8999999762
48026  35.653  -21.711  -39.055 0.8999999762
48025  36.526  -21.429  -39.447 0.8000000119
120568  28.163  -25.237  -35.556 0.8999999762
45465  28.684  -24.757  -35.628 0.8999999762
45486  30.093  -23.867  -35.900 1.0000000000
46324  29.493  -23.082  -36.247 0.8999999762
48017  29.852  -21.235  -37.738 1.0000000000
47146  29.368  -21.992  -37.538 0.8999999762
48936  30.359  -20.509  -37.667 1.0000000000
48018  28.882  -21.294  -37.817 0.8999999762
52304  37.953  -15.827  -35.489 0.3000000119
52319  37.640  -16.320  -36.090 0.3000000119
51512  37.180  -17.935  -35.595 0.3000000119
50695  37.202  -18.152  -36.784 0.5000000000
48931  38.482  -20.339  -38.058 0.5000000000
48942  38.251  -20.398  -38.811 0.5000000000
49827  38.591  -19.698  -38.133 0.5000000000
50707  37.867  -18.530  -38.182 0.5000000000
48946  38.045  -20.959  -39.573 0.6000000238
107095  38.846  -19.116  -38.265 0.5000000000
49828  37.747  -19.214  -38.203 0.5000000000
47141  35.126  -22.712  -37.038 0.8999999762
47154  35.097  -22.876  -38.331 0.8999999762
107580  34.562  -22.727  -37.089 0.8999999762
48934  32.530  -20.771  -37.451 0.8999999762
48014  33.036  -21.656  -37.501 0.8999999762
45487  29.084  -23.855  -35.847 0.8999999762
48935  31.405  -20.606  -37.495 0.8000000119
46325  28.543  -23.106  -36.254 0.8999999762
47129  28.949  -22.560  -36.995 0.8999999762
51499  37.474  -17.387  -35.147 0.3000000119
52306  37.159  -17.242  -34.263 0.3000000119
51500  36.935  -18.069  -34.681 0.4000000060
48023  38.349  -21.061  -38.603 0.6000000238
49813  36.911  -18.652  -37.289 0.5000000000
50696  36.510  -18.656  -36.441 0.4000000060
124908  36.528  -19.079  -37.654 0.5000000000
48943  37.705  -20.399  -38.981 0.5000000000
49838  36.922  -19.863  -38.236 0.5000000000
116197  36.697  -20.654  -38.841 0.5000000000
48932  35.610  -20.488  -37.902 0.6000000238
48944  35.792  -21.042  -38.744 0.6000000238
48921  35.126  -20.456  -36.856 0.6999999881
48003  35.199  -21.295  -36.980 0.6999999881
47140  35.174  -22.176  -38.069 0.6999999881
48004  34.988  -21.557  -36.601 0.6999999881
47126  34.993  -22.247  -36.603 0.8000000119
47125  35.254  -22.067  -36.817 0.8000000119
48933  33.583  -21.132  -37.183 0.8999999762
48013  34.118  -22.068  -37.074 0.8999999762
47130  28.099  -22.444  -36.673 0.8999999762
47147  28.486  -21.933  -37.405 0.8999999762
48937  29.362  -20.498  -37.846 1.0000000000
125111  36.558  -17.452  -34.242 0.3000000119
50684  36.597  -18.599  -35.504 0.4000000060
50673  36.244  -18.610  -34.834 0.4000000060
49814  35.986  -18.899  -36.907 0.4000000060
49805  36.017  -19.120  -36.011 0.4000000060
125291  35.412  -19.384  -36.005 0.4000000060
49815  35.487  -19.538  -36.520 0.4000000060
49829  35.762  -19.594  -37.379 0.5000000000
48922  34.514  -20.691  -36.505 0.6000000238
48005  34.530  -21.493  -36.596 0.8000000119
105546  27.995  -21.308  -37.477 0.8999999762
49831  29.867  -19.824  -37.537 0.8999999762
48938  28.462  -20.578  -37.758 0.8000000119
49832  28.768  -19.826  -37.649 0.6999999881
50708  28.477  -19.118  -37.290 0.8000000119
52292  36.455  -16.630  -33.792 0.3000000119
51501  36.000  -17.929  -34.522 0.3000000119
50685  35.660  -19.004  -35.455 0.4000000060
50674  35.293  -18.356  -34.985 0.4000000060
49806  34.756  -19.423  -35.819 0.5000000000
49807  33.910  -19.455  -35.568 0.5000000000
114079  34.861  -19.865  -36.357 0.5000000000
49816  34.146  -20.014  -36.067 0.5000000000
48923  33.938  -20.661  -36.402 0.6000000238
48924  33.068  -20.274  -37.057 0.6999999881
48925  31.948  -20.011  -37.209 0.6999999881
49830  30.903  -20.020  -37.334 0.6999999881
122744  31.282  -19.709  -37.030 0.6999999881
49819  30.698  -19.325  -36.841 0.6999999881
53106  36.684  -15.867  -33.445 0.3000000119
53107  36.090  -15.687  -33.353 0.3000000119
53118  35.607  -16.223  -33.838 0.4000000060
52307  35.744  -17.072  -34.215 0.3000000119
51502  34.867  -17.423  -34.740 0.4000000060
50686  34.598  -18.855  -35.360 0.4000000060
51513  34.255  -18.079  -35.118 0.3000000119
50687  33.660  -18.709  -35.329 0.3000000119
49808  33.081  -19.259  -35.657 0.5000000000
49817  33.466  -19.921  -36.047 0.6999999881
49818  32.552  -19.619  -36.444 0.6999999881
107098  31.670  -19.324  -36.687 0.6000000238
52308  34.926  -16.508  -34.502 0.3000000119
52320  34.247  -16.639  -34.984 0.3000000119
112560  33.847  -17.202  -35.219 0.3000000119
113278  33.038  -17.052  -35.631 0.3000000119
51514  33.383  -17.871  -35.426 0.3000000119
50697  32.263  -18.713  -36.051 0.5000000000
50688  32.953  -18.501  -35.565 0.5000000000
51515  32.605  -17.794  -35.742 0.5000000000
50698  31.300  -18.547  -36.337 0.6000000238
53933  35.806  -14.832  -32.975 0.4000000060
53945  35.409  -15.325  -33.637 0.3000000119
53119  34.944  -15.685  -34.339 0.3000000119
53130  34.272  -15.880  -34.980 0.3000000119
52321  33.452  -16.257  -35.433 0.3000000119
52322  32.687  -16.385  -35.843 0.4000000060
51521  31.848  -17.749  -36.024 0.6000000238
113714  32.283  -16.961  -35.869 0.4000000060
50701  28.530  -18.399  -36.900 0.6999999881
114987  27.958  -19.236  -37.425 0.8000000119
53916  35.550  -13.916  -32.714 0.4000000060
53934  35.118  -14.305  -33.561 0.3000000119
123350  34.940  -14.929  -34.250 0.3000000119
53955  34.483  -15.015  -34.998 0.3000000119
53131  33.623  -15.278  -35.488 0.3000000119
53132  32.747  -15.579  -36.024 0.4000000060
52329  32.126  -16.201  -36.298 0.4000000060
111444  31.544  -16.857  -36.094 0.4000000060
51522  30.960  -17.618  -36.137 0.5000000000
118033  30.796  -16.836  -36.276 0.4000000060
50699  30.285  -18.423  -36.320 0.6000000238
50700  29.342  -18.309  -36.517 0.6999999881
51523  29.954  -17.378  -36.342 0.4000000060
52331  30.267  -16.387  -36.723 0.4000000060
51524  28.793  -17.434  -36.687 0.5000000000
50709  27.893  -18.522  -37.310 0.6999999881
51525  28.033  -17.888  -37.041 0.6999999881
53946  34.627  -14.213  -34.670 0.3000000119
53964  32.489  -14.756  -36.405 0.3000000119
53143  32.010  -15.453  -36.595 0.3000000119
52330  31.259  -16.054  -36.558 0.3000000119
53144  31.268  -15.245  -36.693 0.3000000119
53145  30.423  -15.470  -36.925 0.3000000119
52332  29.421  -16.675  -36.765 0.3000000119
113423  29.544  -15.917  -37.132 0.4000000060
51533  27.428  -17.890  -37.050 0.5000000000
54858  34.948  -13.329  -33.020 0.3000000119
54868  34.670  -13.402  -34.061 0.3000000119
53956  33.760  -14.282  -35.450 0.3000000119
53965  31.738  -14.654  -36.646 0.3000000119
53146  29.597  -15.199  -37.213 0.3000000119
52338  28.488  -16.247  -37.013 0.4000000060
52339  27.817  -17.104  -36.839 0.5000000000
105926  27.332  -16.116  -36.959 0.5000000000
52340  26.903  -16.996  -36.775 0.5000000000
55771  34.695  -12.591  -33.576 0.3000000119
54869  34.050  -13.394  -34.908 0.3000000119
54878  32.962  -14.073  -36.122 0.3000000119
54887  32.181  -13.872  -36.535 0.3000000119
53966  30.755  -14.516  -36.802 0.3000000119
53152  28.741  -15.237  -37.389 0.4000000060
53153  27.664  -15.190  -37.543 0.4000000060
114818  26.462  -16.021  -37.038 0.4000000060
115774  35.452  -12.029  -32.478 0.3000000119
55770  35.011  -12.592  -32.827 0.3000000119
55782  34.319  -12.584  -34.466 0.3000000119
54877  33.322  -13.387  -35.642 0.3000000119
54888  31.342  -13.811  -36.736 0.3000000119
54889  30.605  -13.643  -37.002 0.3000000119
53967  29.979  -14.754  -37.095 0.3000000119
53969  29.121  -14.437  -37.528 0.4000000060
56666  34.928  -11.836  -33.170 0.3000000119
56676  34.563  -11.792  -34.061 0.3000000119
55783  33.643  -12.643  -35.179 0.3000000119
114862  33.407  -12.063  -35.550 0.3000000119
112095  32.644  -13.273  -36.278 0.3000000119
55791  33.051  -12.632  -35.945 0.3000000119
111587  34.472  -11.084  -34.500 0.3000000119
56677  34.028  -11.757  -34.934 0.3000000119
114643  32.081  -13.113  -36.715 0.3000000119
119858  31.665  -13.257  -36.858 0.3000000119
56675  34.794  -10.906  -33.598 0.3000000119
57574  34.822  -10.053  -33.556 0.3000000119
56684  33.526  -11.308  -35.742 0.3000000119
56685  32.903  -11.828  -36.279 0.3000000119
57584  34.136  -10.767  -35.170 0.4000000060
57583  34.509  -10.206  -34.445 0.4000000060
58394  34.416  -9.274  -34.666 0.4000000060
41215  29.835  -28.951  -39.477 1.0000000000
40414  29.373  -30.458  -38.935 0.8999999762
49820  29.684  -19.117  -36.782 0.8000000119
123903  28.989  -18.953  -36.837 0.8000000119
34026  39.601  -38.889  -41.000 0.6000000238
33251  42.535  -39.809  -42.626 0.5000000000
118219  43.038  -39.907  -42.222 0.5000000000
34748  40.189  -37.312  -39.291 0.6000000238
36423  30.773  -35.549  -39.762 0.8999999762
35587  42.534  -37.035  -40.851 0.5000000000
124763  43.135  -37.853  -42.311 0.4000000060
37226  37.113  -34.195  -35.651 0.6999999881
36418  43.458  -35.496  -39.638 0.5000000000
38026  35.665  -33.617  -36.163 0.8000000119
34786  43.758  -37.744  -42.345 0.4000000060
38006  39.150  -33.309  -35.562 0.6000000238
38024  40.902  -33.719  -36.284 0.4000000060
37251  42.025  -34.300  -37.628 0.4000000060
114924  35.460  -31.687  -35.788 0.8000000119
122956  29.787  -30.157  -39.538 1.0000000000
38004  40.587  -33.266  -35.838 0.5000000000
41204  29.860  -29.231  -38.810 1.0000000000
39598  39.534  -31.503  -36.105 0.6999999881
42002  30.033  -28.786  -39.789 1.0000000000
42834  32.185  -26.719  -37.637 1.0000000000
121835  32.226  -26.293  -38.256 1.0000000000
41210  35.093  -29.426  -38.579 0.8000000119
42867  34.560  -27.551  -41.050 1.0000000000
46363  37.051  -23.317  -41.607 0.8000000119
46355  35.158  -23.767  -39.727 1.0000000000
47162  36.328  -22.664  -40.251 1.0000000000
113537  37.692  -27.862  -36.531 0.6000000238
114556  39.987  -21.086  -34.122 0.4000000060
42804  28.552  -27.659  -34.690 1.0000000000
43722  29.180  -26.109  -35.090 1.0000000000
47986  39.674  -21.882  -34.200 0.4000000060
113087  39.321  -21.216  -34.546 0.5000000000
51530  40.244  -18.267  -38.477 0.4000000060
49837  37.962  -19.813  -38.673 0.5000000000
48012  35.314  -21.410  -37.909 0.6999999881
53957  33.103  -14.776  -35.919 0.3000000119
117015  33.764  -37.681  -40.975 0.5000000000
34765  33.150  -37.273  -40.295 0.5000000000
34013  35.061  -38.813  -39.541 0.5000000000
34764  33.836  -37.694  -39.715 0.5000000000
34020  34.963  -38.734  -40.680 0.5000000000
34031  34.415  -38.249  -41.324 0.5000000000
34021  34.339  -38.332  -40.382 0.5000000000
33238  35.787  -38.933  -40.647 0.5000000000
33237  36.715  -39.522  -40.750 0.4000000060
123003  35.401  -38.183  -41.562 0.5000000000
33245  37.057  -38.935  -41.233 0.4000000060
34780  35.462  -37.696  -41.584 0.5000000000
33244  38.038  -39.370  -41.663 0.5000000000
34039  36.343  -38.156  -41.385 0.5000000000
114483  27.770  -31.643  -34.603 0.6999999881
38766  27.299  -32.267  -34.683 0.6999999881
39569  29.913  -31.175  -34.631 0.8000000119
117885  30.695  -31.272  -35.000 0.8000000119
117780  30.385  -32.013  -34.874 0.8000000119
39588  30.967  -30.777  -35.701 0.8999999762
39571  27.626  -30.846  -34.664 0.6999999881
112469  30.608  -30.601  -34.969 0.8999999762
40376  29.755  -30.298  -34.648 0.8999999762
40394  31.025  -29.979  -35.473 0.8999999762
41170  27.909  -30.066  -34.537 0.6000000238
40377  28.825  -30.611  -34.507 0.8000000119
41168  30.358  -29.813  -34.884 0.8999999762
41185  31.292  -29.259  -35.951 0.8999999762
41976  31.443  -28.383  -36.322 0.8999999762
118428  38.735  -28.188  -36.918 0.5000000000
118218  38.480  -29.184  -37.062 0.5000000000
41171  27.286  -29.508  -34.611 0.6000000238
114721  28.798  -29.065  -34.557 0.8999999762
112034  29.848  -29.047  -34.730 0.8999999762
41169  29.539  -29.622  -34.639 0.8999999762
41186  30.753  -29.183  -35.177 0.8999999762
124480  31.091  -28.599  -35.497 0.8999999762
124471  38.800  -27.559  -36.287 0.5000000000
42819  38.531  -27.230  -35.864 0.5000000000
42831  38.281  -27.818  -36.353 0.5000000000
42830  39.577  -27.489  -36.789 0.5000000000
114602  27.804  -28.863  -34.570 0.6999999881
113152  30.288  -28.284  -34.892 0.8999999762
42821  31.026  -27.767  -35.419 0.8999999762
43718  38.933  -26.622  -35.438 0.5000000000
42818  39.205  -27.091  -35.903 0.5000000000
123814  39.849  -26.890  -36.268 0.5000000000
41966  29.217  -28.323  -34.611 0.8999999762
42802  30.281  -27.463  -34.868 0.8999999762
44612  39.416  -25.970  -35.017 0.5000000000
43717  39.774  -26.500  -35.521 0.5000000000
44602  39.883  -25.477  -34.744 0.4000000060
43725  26.332  -26.049  -35.012 0.6000000238
117852  25.679  -25.569  -35.220 0.6000000238
43724  27.303  -26.055  -35.098 0.8000000119
44621  25.523  -24.804  -35.522 0.6999999881
45470  24.217  -24.390  -35.848 0.6999999881
120116  26.874  -25.360  -35.443 0.8000000119
44620  26.311  -25.055  -35.462 0.6999999881
45469  25.002  -24.397  -35.763 0.6999999881
45491  25.712  -24.047  -35.874 0.6999999881
46328  25.723  -23.287  -36.253 0.6999999881
45489  27.309  -23.981  -36.053 0.8000000119
117465  26.779  -24.000  -35.992 0.8000000119
45466  27.747  -24.647  -35.827 0.8000000119
45490  26.376  -23.728  -36.086 0.6999999881
46327  26.943  -23.365  -36.333 0.8000000119
45488  28.126  -23.941  -35.999 0.8000000119
115698  26.487  -23.154  -36.354 0.6999999881
47131  27.419  -22.479  -36.614 0.8000000119
48006  26.748  -21.733  -36.806 0.6000000238
46326  27.702  -23.182  -36.307 0.8000000119
48020  27.240  -21.110  -37.216 0.6000000238
48926  26.435  -20.860  -36.855 0.6000000238
49821  26.296  -19.746  -36.779 0.6000000238
48019  27.357  -21.754  -36.931 0.8000000119
48939  27.725  -20.483  -37.422 0.6000000238
48940  27.022  -20.166  -37.090 0.6000000238
47148  27.842  -21.858  -36.996 0.8000000119
49835  26.758  -19.314  -36.987 0.6000000238
49834  27.386  -19.479  -37.248 0.6000000238
50710  27.224  -18.579  -37.169 0.6999999881
50711  26.668  -18.724  -36.956 0.6000000238
49833  28.077  -19.949  -37.513 0.6999999881
32327  38.466  -40.304  -42.161 0.4000000060
106845  37.458  -38.610  -41.406 0.5000000000
34040  34.819  -38.017  -41.783 0.5000000000
44619  27.533  -25.298  -35.522 0.8000000119
34029  35.966  -38.602  -41.162 0.5000000000
41992  39.066  -28.906  -37.806 0.5000000000
45467  26.970  -24.623  -35.764 0.8000000119
45468  26.329  -24.315  -35.757 0.6999999881
47132  26.253  -22.486  -36.486 0.6999999881
114297  26.863  -22.512  -36.588 0.6999999881
39612  40.098  -33.728  -39.528 0.4000000060
39613  39.734  -33.265  -38.931 0.4000000060
106801  39.704  -33.707  -40.084 0.4000000060
103575  39.209  -31.891  -38.770 0.5000000000
39618  40.279  -33.261  -41.096 0.4000000060
121968  38.954  -31.969  -39.969 0.5000000000
40422  39.457  -32.232  -41.033 0.4000000060
40416  39.202  -33.064  -39.915 0.4000000060
39624  40.671  -32.780  -42.101 0.4000000060
39625  39.980  -32.295  -42.018 0.4000000060
39623  41.069  -32.660  -42.000 0.4000000060
40407  39.017  -30.189  -37.923 0.5000000000
40426  39.852  -31.451  -42.064 0.4000000060
40429  40.586  -31.228  -42.526 0.4000000060
42003  43.384  -28.438  -42.325 0.4000000060
41225  42.154  -30.116  -43.063 0.4000000060
40427  41.619  -30.687  -43.114 0.4000000060
41995  43.492  -28.367  -41.564 0.4000000060
41206  42.953  -29.339  -41.651 0.4000000060
41209  39.333  -30.750  -39.383 0.5000000000
45509  45.017  -24.958  -39.871 0.3000000119
41219  39.524  -30.876  -41.114 0.4000000060
45517  45.512  -25.142  -41.276 0.3000000119
41226  41.164  -30.019  -43.229 0.4000000060
45508  45.460  -25.216  -40.443 0.3000000119
44646  45.504  -25.593  -41.632 0.3000000119
43754  45.510  -26.099  -41.968 0.3000000119
42857  44.770  -26.823  -42.052 0.3000000119
42858  43.606  -27.639  -41.935 0.4000000060
42011  43.151  -28.539  -42.432 0.4000000060
42014  41.744  -30.177  -43.368 0.4000000060
43746  45.867  -26.222  -41.383 0.3000000119
42849  45.311  -27.182  -41.360 0.3000000119
42850  44.394  -27.711  -41.543 0.4000000060
41998  39.765  -29.466  -38.862 0.4000000060
41208  40.051  -29.569  -40.386 0.4000000060
114443  44.795  -23.923  -39.012 0.3000000119
44647  43.934  -25.297  -40.432 0.3000000119
44652  45.491  -25.362  -41.803 0.3000000119
43762  44.525  -25.964  -41.963 0.3000000119
43763  43.532  -26.594  -41.811 0.4000000060
42865  43.291  -28.075  -42.386 0.4000000060
42004  42.671  -28.399  -42.405 0.4000000060
125449  45.682  -25.256  -41.968 0.3000000119
44641  42.754  -25.365  -38.705 0.3000000119
43748  42.032  -25.967  -38.749 0.3000000119
43755  42.286  -26.304  -40.207 0.4000000060
43756  41.515  -27.084  -39.263 0.4000000060
42852  41.078  -27.698  -39.514 0.4000000060
41997  40.552  -28.496  -39.947 0.4000000060
45498  43.770  -24.585  -38.860 0.3000000119
122425  43.331  -25.018  -38.896 0.3000000119
42851  42.179  -27.023  -40.840 0.4000000060
42860  41.806  -27.837  -41.194 0.4000000060
43747  43.135  -25.738  -40.717 0.3000000119
42005  41.234  -28.723  -41.554 0.4000000060
42859  43.073  -27.499  -42.226 0.4000000060
42012  41.815  -29.388  -42.666 0.4000000060
42829  40.492  -26.892  -37.118 0.4000000060
42842  39.654  -28.173  -37.508 0.4000000060
103260  41.240  -26.307  -37.260 0.3000000119
42841  40.585  -27.544  -38.030 0.4000000060
41991  40.182  -28.440  -38.481 0.4000000060
43749  41.421  -26.769  -38.316 0.4000000060
47133  25.382  -22.416  -36.365 0.6000000238
121945  24.695  -23.073  -36.179 0.6000000238
114081  25.997  -21.703  -36.601 0.5000000000
118479  25.626  -20.261  -36.633 0.5000000000
49836  26.101  -18.827  -36.775 0.5000000000
114090  26.499  -18.283  -36.886 0.5000000000
51534  26.723  -17.848  -36.915 0.4000000060
55803  31.375  -11.616  -37.747 0.3000000119
55804  30.642  -11.674  -37.962 0.3000000119
56696  32.236  -11.362  -37.337 0.3000000119
56704  31.285  -10.788  -38.243 0.3000000119
56705  30.368  -10.681  -38.960 0.3000000119
57595  30.859  -9.905  -39.244 0.3000000119
57589  33.444  -10.376  -35.907 0.3000000119
56695  32.938  -10.910  -36.785 0.3000000119
57592  32.675  -9.728  -36.951 0.3000000119
115621  31.846  -10.289  -37.912 0.3000000119
124203  31.445  -9.754  -38.866 0.3000000119
57596  30.121  -8.961  -39.804 0.3000000119
58395  34.041  -9.773  -35.284 0.3000000119
113464  33.311  -9.534  -35.997 0.3000000119
58404  32.366  -8.892  -37.823 0.3000000119
57593  31.875  -9.462  -38.368 0.3000000119
116453  31.177  -9.254  -39.371 0.3000000119
58401  33.636  -8.938  -35.735 0.3000000119
58403  32.960  -8.898  -36.564 0.3000000119
58406  31.684  -8.688  -39.176 0.3000000119
58400  34.169  -8.985  -35.206 0.3000000119
59306  33.448  -8.224  -36.339 0.3000000119
59305  34.134  -8.330  -35.577 0.3000000119
60175  34.173  -7.604  -36.159 0.3000000119
60180  33.339  -7.588  -37.162 0.3000000119
61052  34.562  -6.907  -35.819 0.3000000119
40425  41.530  -31.153  -42.698 0.4000000060
38805  40.335  -33.035  -38.304 0.4000000060
40421  41.339  -31.726  -41.633 0.4000000060
39617  40.660  -33.150  -40.702 0.4000000060
41217  42.230  -30.259  -42.417 0.4000000060
45496  45.534  -24.440  -39.551 0.3000000119
112688  45.686  -25.119  -39.545 0.3000000119
43753  45.999  -25.847  -41.042 0.3000000119
45497  44.430  -24.405  -39.255 0.3000000119
46333  44.055  -23.934  -38.148 0.3000000119
43736  40.456  -26.427  -36.302 0.4000000060
44633  41.831  -25.670  -37.347 0.3000000119
110610  24.913  -23.834  -36.018 0.6000000238
59297  34.365  -8.463  -34.891 0.3000000119
60161  34.447  -7.731  -35.309 0.3000000119
109548  34.622  -7.169  -34.844 0.3000000119
115270  45.359  -23.625  -38.595 0.3000000119
39606  39.633  -31.783  -37.368 0.5000000000
41218  40.610  -29.719  -42.008 0.4000000060
45510  44.689  -25.182  -40.198 0.3000000119
59308  32.868  -8.301  -37.467 0.3000000119
61033  34.625  -6.429  -34.722 0.3000000119
38804  40.631  -32.880  -38.369 0.3000000119
36376  31.015  -36.132  -36.325 0.6000000238
110315  30.945  -35.230  -36.077 0.6999999881
36367  30.483  -35.705  -34.852 0.6999999881
106386  44.653  -36.545  -41.752 0.3000000119
35597  44.077  -36.446  -41.254 0.3000000119
107039  29.200  -34.921  -34.173 0.6999999881
110146  42.464  -33.358  -37.910 0.3000000119
111997  30.103  -34.969  -34.681 0.6999999881
38797  41.498  -32.708  -37.668 0.3000000119
113721  30.748  -35.033  -35.306 0.6999999881
39605  41.607  -32.163  -37.904 0.3000000119
106864  41.676  -30.707  -39.162 0.3000000119
115978  41.470  -31.678  -38.462 0.3000000119
39611  40.734  -32.830  -39.045 0.3000000119
104574  41.857  -29.725  -38.639 0.3000000119
41207  42.204  -29.861  -39.986 0.3000000119
40415  41.181  -31.858  -39.915 0.3000000119
120273  43.837  -35.834  -40.458 0.3000000119
37996  30.193  -33.464  -34.751 0.6999999881
38034  42.731  -32.516  -37.957 0.3000000119
37215  29.712  -34.198  -34.444 0.6999999881
37214  30.649  -34.229  -35.002 0.6999999881
41198  41.780  -29.631  -37.446 0.3000000119
37997  28.981  -33.378  -34.343 0.6999999881
38033  43.808  -32.531  -38.080 0.3000000119
37250  42.985  -33.576  -38.316 0.3000000119
38796  42.796  -32.010  -37.686 0.3000000119
38763  30.463  -32.840  -34.988 0.6999999881
39604  42.643  -31.630  -37.358 0.3000000119
38010  30.809  -33.471  -35.468 0.6999999881
104738  41.869  -30.551  -40.814 0.3000000119
41990  41.996  -28.826  -38.337 0.3000000119
41996  42.652  -29.107  -39.962 0.3000000119
38764  29.719  -32.669  -34.649 0.6999999881
39603  43.824  -31.695  -37.135 0.3000000119
38782  30.667  -32.532  -35.541 0.6999999881
41989  43.030  -28.269  -39.828 0.3000000119
115997  43.756  -32.010  -37.711 0.3000000119
109912  30.762  -31.666  -35.579 0.6999999881
43735  41.133  -25.866  -36.150 0.3000000119
35560  30.703  -36.617  -37.430 0.5000000000
35534  30.946  -36.355  -34.924 0.6999999881
120594  31.191  -36.397  -35.541 0.6000000238
34723  30.916  -36.989  -34.663 0.6000000238
36369  28.677  -35.477  -34.089 0.6999999881
37216  28.688  -34.238  -34.227 0.6999999881
35573  44.490  -34.653  -40.072 0.3000000119
108371  28.105  -33.742  -34.373 0.6999999881
36406  43.834  -34.247  -39.553 0.4000000060
38765  28.568  -32.334  -34.409 0.6999999881
37260  43.392  -33.983  -38.874 0.4000000060
39570  28.752  -31.419  -34.466 0.6999999881
38041  44.082  -32.917  -38.744 0.3000000119
38032  45.005  -32.474  -38.180 0.3000000119
114722  29.513  -31.928  -34.557 0.6999999881
36377  30.938  -35.799  -35.470 0.6000000238
38795  44.748  -32.174  -37.485 0.3000000119
37259  44.363  -33.290  -39.377 0.3000000119
34754  32.148  -37.261  -38.515 0.5000000000
113642  28.744  -42.185  -35.433 0.4000000060
30422  27.349  -43.044  -36.253 0.5000000000
34766  32.281  -37.144  -39.869 0.5000000000
35559  31.026  -37.041  -38.367 0.5000000000
29553  25.410  -44.230  -37.612 0.4000000060
28640  24.807  -44.787  -38.813 0.4000000060
30411  27.815  -42.516  -35.714 0.5000000000
112150  31.023  -37.058  -37.438 0.4000000060
28628  24.545  -44.577  -38.002 0.4000000060
28641  23.941  -44.881  -38.692 0.4000000060
29539  25.866  -43.794  -36.936 0.4000000060
30412  27.036  -42.575  -35.862 0.5000000000
30423  26.372  -43.144  -36.188 0.4000000060
32286  28.443  -41.199  -35.114 0.5000000000
33192  29.245  -39.642  -34.388 0.4000000060
35545  31.304  -36.866  -36.287 0.5000000000
34714  30.679  -37.733  -34.617 0.4000000060
33979  29.960  -38.936  -34.511 0.4000000060
35533  31.359  -36.900  -35.192 0.4000000060
29573  23.556  -44.210  -38.257 0.4000000060
30462  21.386  -43.129  -37.961 0.4000000060
30424  25.364  -43.117  -36.529 0.4000000060
30444  21.406  -42.217  -37.693 0.4000000060
31317  26.420  -42.144  -35.806 0.5000000000
31326  25.763  -42.444  -36.142 0.4000000060
31330  22.054  -41.405  -37.240 0.4000000060
31316  27.227  -41.883  -35.556 0.5000000000
32299  23.205  -40.499  -36.551 0.4000000060
32300  22.485  -40.721  -36.755 0.4000000060
32287  28.125  -40.300  -35.030 0.5000000000
33193  28.509  -39.793  -34.627 0.5000000000
33213  23.715  -39.822  -36.319 0.4000000060
110671  23.455  -39.128  -36.352 0.4000000060
32279  28.859  -40.519  -34.622 0.5000000000
33980  29.224  -38.599  -34.386 0.6000000238
34715  29.988  -38.077  -34.421 0.6000000238
29574  21.777  -43.653  -38.634 0.4000000060
31340  21.818  -42.096  -37.539 0.4000000060
115201  26.560  -41.133  -35.640 0.5000000000
31327  24.993  -42.020  -36.576 0.4000000060
31329  22.286  -41.847  -37.205 0.4000000060
32298  23.906  -40.595  -36.371 0.4000000060
110358  22.900  -41.309  -36.704 0.4000000060
119689  27.531  -40.928  -35.345 0.5000000000
109781  28.506  -39.063  -34.489 0.5000000000
33999  23.876  -38.283  -36.070 0.4000000060
34716  29.279  -37.658  -34.299 0.6000000238
109265  30.166  -37.230  -34.382 0.6000000238
29556  22.044  -43.392  -38.270 0.4000000060
30425  24.319  -42.693  -36.903 0.4000000060
30443  22.067  -42.891  -37.758 0.4000000060
30426  23.060  -42.306  -37.021 0.4000000060
31328  23.942  -41.647  -36.640 0.4000000060
32288  26.729  -40.206  -35.494 0.5000000000
33212  24.419  -39.712  -36.012 0.4000000060
33194  27.764  -39.427  -34.864 0.5000000000
113250  24.181  -39.019  -36.082 0.4000000060
35526  30.277  -36.443  -34.547 0.6000000238
35527  29.381  -36.738  -34.213 0.6000000238
33981  28.466  -38.195  -34.440 0.6000000238
28642  23.010  -44.454  -38.810 0.4000000060
30442  22.740  -43.011  -37.571 0.4000000060
31318  25.597  -41.337  -36.090 0.5000000000
32297  24.896  -40.388  -36.090 0.5000000000
32289  25.839  -40.325  -35.833 0.5000000000
33204  25.218  -39.615  -35.820 0.5000000000
33988  27.151  -38.694  -34.981 0.5000000000
33202  26.893  -39.427  -35.280 0.5000000000
33989  26.221  -38.682  -35.425 0.5000000000
33998  24.870  -38.938  -35.875 0.4000000060
118934  27.871  -38.677  -34.621 0.6000000238
124822  24.956  -37.773  -35.709 0.5000000000
33990  24.598  -38.146  -35.848 0.4000000060
36368  29.542  -35.769  -34.318 0.6000000238
35528  28.532  -36.201  -34.153 0.6000000238
113249  27.612  -37.988  -34.713 0.6000000238
33982  26.694  -37.970  -35.108 0.5000000000
106989  25.519  -38.968  -35.714 0.5000000000
34717  28.301  -37.196  -34.417 0.6000000238
106988  25.899  -37.919  -35.405 0.5000000000
113715  26.301  -33.876  -34.863 0.5000000000
111440  27.294  -33.718  -34.630 0.6000000238
37217  27.787  -34.320  -34.437 0.6000000238
37218  26.472  -34.847  -34.808 0.6000000238
36378  25.902  -35.650  -35.236 0.5000000000
110709  25.202  -35.983  -35.617 0.5000000000
35529  27.515  -36.397  -34.500 0.6000000238
34724  26.140  -37.265  -35.146 0.5000000000
115735  25.324  -38.254  -35.674 0.5000000000
34725  25.308  -37.367  -35.502 0.5000000000
35536  24.937  -36.545  -35.622 0.5000000000
37999  26.785  -32.994  -34.820 0.5000000000
38767  26.251  -32.202  -34.833 0.5000000000
37998  27.809  -33.056  -34.416 0.6000000238
35530  26.488  -36.465  -34.899 0.6000000238
35535  25.602  -36.537  -35.349 0.5000000000
107352  28.263  -34.914  -34.249 0.6000000238
36371  26.860  -35.656  -34.617 0.6000000238
34744  31.726  -37.296  -37.436 0.4000000060
34731  31.723  -37.414  -35.761 0.4000000060
115375  30.458  -36.796  -38.242 0.5000000000
36370  27.845  -35.601  -34.308 0.6000000238
34753  33.085  -37.414  -39.192 0.5000000000
33996  33.168  -38.087  -36.986 0.5000000000
34742  33.158  -37.566  -37.995 0.5000000000
34743  32.521  -37.555  -37.425 0.5000000000
31315  27.969  -41.807  -35.367 0.5000000000
29540  24.762  -43.705  -37.256 0.4000000060
29554  23.990  -43.938  -37.710 0.4000000060
31341  21.488  -41.600  -37.510 0.4000000060
33214  23.007  -39.902  -36.607 0.4000000060
30441  23.695  -43.251  -37.364 0.4000000060
109502  24.671  -41.108  -36.436 0.4000000060
111635  22.325  -43.805  -38.807 0.4000000060
32301  21.704  -40.889  -37.125 0.3000000119
105810  21.098  -41.805  -37.672 0.3000000119
110096  22.633  -39.137  -36.540 0.3000000119
33215  22.056  -39.935  -36.706 0.3000000119
32302  21.057  -40.314  -36.708 0.3000000119
29538  26.925  -43.827  -36.860 0.5000000000
29555  22.632  -43.594  -38.279 0.4000000060
30461  21.704  -42.939  -37.802 0.4000000060
30495  42.384  -41.817  -42.790 0.5000000000
31339  22.263  -42.345  -37.448 0.4000000060
31373  42.062  -41.146  -44.030 0.5000000000
31375  40.632  -40.904  -42.151 0.6000000238
33203  26.081  -39.515  -35.644 0.5000000000
33253  41.174  -38.869  -42.119 0.5000000000
34030  35.077  -38.487  -41.318 0.5000000000
34034  41.094  -37.950  -42.699 0.5000000000
34038  38.256  -38.887  -41.532 0.5000000000
34718  27.143  -37.220  -34.827 0.6000000238
34726  24.699  -37.272  -35.676 0.4000000060
34761  38.866  -37.790  -39.743 0.6999999881
34787  42.959  -38.125  -42.318 0.4000000060
35544  37.326  -36.034  -37.081 0.6000000238
35574  43.043  -36.515  -40.058 0.4000000060
35600  44.699  -37.019  -42.220 0.3000000119
36425  29.812  -35.467  -39.313 0.8999999762
37242  36.636  -34.713  -36.116 0.6999999881
38780  35.565  -32.292  -35.896 0.8000000119
38809  40.326  -32.909  -41.830 0.4000000060
38811  29.548  -31.969  -39.377 1.0000000000
38812  40.484  -32.641  -42.128 0.4000000060
39619  39.774  -33.175  -41.033 0.4000000060
39626  41.147  -31.647  -42.426 0.4000000060
39627  40.646  -31.924  -42.296 0.4000000060
40391  35.369  -30.671  -35.782 0.6999999881
40417  31.676  -30.684  -39.257 0.8999999762
40420  29.517  -30.383  -39.226 1.0000000000
40424  29.831  -29.482  -39.605 1.0000000000
40428  41.261  -30.894  -42.936 0.4000000060
41216  42.829  -29.179  -42.439 0.4000000060
41224  42.488  -29.309  -42.524 0.4000000060
41227  40.472  -30.602  -42.567 0.4000000060
42006  35.090  -28.491  -40.888 1.0000000000
43758  35.899  -26.915  -39.533 0.8000000119
43761  46.007  -25.514  -42.062 0.3000000119
44645  45.493  -25.611  -40.534 0.3000000119
44651  45.748  -25.306  -41.057 0.3000000119
44657  36.783  -25.398  -41.130 0.6999999881
44659  35.391  -25.011  -40.675 1.0000000000
45524  37.134  -23.999  -41.630 0.8000000119
46352  38.360  -22.893  -41.231 0.8000000119
46359  38.171  -23.488  -41.266 0.8000000119
46360  36.830  -22.878  -41.356 1.0000000000
46361  36.470  -22.992  -40.903 0.8000000119
46362  37.602  -23.486  -41.544 0.8000000119
47167  38.174  -22.514  -41.269 0.6999999881
47168  37.692  -22.457  -41.325 0.8000000119
47169  37.057  -22.473  -41.203 0.8000000119
47996  37.714  -21.792  -36.079 0.6000000238
104919  36.195  -23.555  -40.797 1.0000000000
106522  23.331  -43.631  -37.812 0.4000000060
110357  27.346  -34.948  -34.479 0.6000000238
110573  42.486  -40.496  -43.179 0.5000000000
114073  41.318  -36.363  -38.134 0.4000000060
117716  28.820  -29.856  -34.545 0.8999999762
117828  33.273  -37.083  -40.831 0.6000000238
118386  37.284  -32.016  -35.342 0.6999999881
120366  29.142  -19.433  -37.323 0.6999999881
120414  30.481  -38.403  -34.604 0.4000000060
122177  41.150  -30.497  -43.104 0.4000000060
122325  27.027  -34.336  -34.643 0.6000000238
122775  28.092  -29.455  -34.535 0.6000000238
123154  27.429  -40.040  -35.249 0.5000000000
