#!ascii label  , from subject 001 vox2ras=TkReg
644
110470  25.700  -51.016  -40.639 0.6000000238
20324  21.762  -54.282  -35.902 0.6999999881
19293  22.198  -54.782  -36.642 0.6999999881
19338  23.749  -54.057  -39.725 0.8999999762
20368  24.221  -53.464  -39.906 0.8000000119
20374  24.523  -52.825  -40.530 0.8000000119
116151  25.118  -51.116  -40.046 0.6000000238
24079  24.919  -49.296  -40.105 0.6999999881
108439  25.072  -48.258  -40.288 0.6999999881
20315  21.506  -53.871  -35.065 0.6999999881
20316  20.611  -53.873  -35.023 0.6999999881
20323  22.546  -54.074  -36.254 0.6999999881
20343  23.317  -53.809  -36.729 0.6000000238
119488  22.938  -54.530  -36.887 0.6999999881
19304  23.500  -54.360  -37.611 0.6999999881
20342  24.323  -53.697  -38.046 0.8000000119
20357  24.748  -53.060  -38.344 0.8000000119
20358  24.349  -53.664  -39.010 0.8000000119
20367  24.721  -52.921  -39.388 0.8000000119
22221  25.075  -51.572  -39.362 0.6000000238
24937  23.860  -48.946  -39.544 0.6000000238
24948  24.117  -48.233  -39.897 0.6999999881
25828  25.315  -47.460  -40.447 0.6999999881
21236  21.642  -52.617  -34.357 0.5000000000
21237  20.710  -52.575  -34.488 0.6000000238
21252  22.548  -52.867  -35.077 0.4000000060
20314  22.228  -53.633  -35.400 0.6000000238
21273  22.817  -53.303  -35.951 0.5000000000
21288  23.635  -52.949  -37.005 0.6000000238
117301  23.912  -53.663  -37.374 0.8000000119
21287  24.435  -53.048  -37.662 0.6999999881
22213  24.383  -51.379  -38.305 0.6999999881
124758  23.997  -50.654  -38.520 0.6999999881
24949  23.352  -47.534  -39.819 0.6000000238
25829  24.132  -47.263  -40.325 0.6000000238
117345  21.423  -51.125  -34.229 0.5000000000
22156  20.134  -51.733  -34.532 0.6000000238
22174  19.290  -51.657  -35.042 0.6000000238
22154  21.989  -51.856  -34.254 0.5000000000
21289  23.229  -52.929  -36.430 0.5000000000
22205  23.295  -52.000  -36.838 0.6000000238
23150  22.580  -50.323  -37.821 0.6000000238
119145  23.246  -50.662  -38.135 0.6000000238
24068  22.938  -49.272  -38.829 0.5000000000
24938  23.104  -48.278  -39.396 0.6000000238
25830  23.044  -46.833  -39.914 0.6000000238
111129  23.607  -46.378  -40.301 0.5000000000
27726  24.112  -45.586  -40.360 0.5000000000
105444  25.958  -44.518  -40.227 0.5000000000
26792  25.268  -45.640  -40.585 0.5000000000
113919  20.537  -50.920  -34.303 0.5000000000
23093  19.557  -50.743  -34.707 0.5000000000
21235  22.228  -52.541  -34.544 0.5000000000
22173  22.619  -51.859  -34.874 0.4000000060
23109  23.308  -50.613  -35.633 0.3000000119
22172  23.118  -51.442  -35.660 0.4000000060
23119  23.049  -50.861  -36.725 0.3000000119
120689  23.206  -50.246  -36.495 0.3000000119
23129  23.045  -50.893  -37.226 0.5000000000
24061  21.602  -49.679  -37.920 0.5000000000
24069  21.498  -49.378  -38.242 0.5000000000
24939  21.956  -48.449  -38.787 0.5000000000
25821  22.243  -47.475  -39.422 0.6000000238
25831  22.102  -46.647  -39.580 0.6000000238
26793  23.142  -46.129  -39.845 0.5000000000
111718  23.406  -45.610  -39.381 0.5000000000
27725  25.086  -44.920  -40.344 0.5000000000
23092  20.004  -49.856  -34.385 0.5000000000
23091  21.203  -50.105  -34.251 0.5000000000
23090  22.224  -50.830  -34.493 0.5000000000
23110  22.872  -50.817  -35.080 0.4000000060
24018  23.461  -49.482  -36.385 0.3000000119
24019  22.439  -49.771  -37.268 0.3000000119
24923  21.134  -49.590  -37.917 0.4000000060
105266  20.783  -48.743  -38.379 0.4000000060
26794  22.463  -46.109  -39.589 0.5000000000
28659  22.496  -44.868  -39.385 0.5000000000
28680  22.844  -45.352  -39.106 0.5000000000
28678  25.305  -44.540  -40.011 0.5000000000
28656  24.528  -44.834  -39.299 0.4000000060
28679  24.171  -45.026  -39.808 0.5000000000
23998  20.575  -49.036  -34.263 0.5000000000
109780  22.106  -49.920  -34.424 0.5000000000
108541  22.852  -50.091  -34.671 0.4000000060
23089  23.443  -50.008  -34.964 0.4000000060
24008  23.802  -49.645  -35.455 0.3000000119
24924  20.177  -49.251  -37.987 0.4000000060
24934  20.406  -48.673  -38.225 0.4000000060
24932  20.499  -49.327  -37.954 0.4000000060
24933  20.147  -48.937  -38.252 0.4000000060
25822  21.012  -47.156  -39.196 0.5000000000
25832  21.323  -46.659  -39.216 0.5000000000
26795  21.853  -46.106  -39.448 0.6000000238
28658  22.917  -44.973  -39.021 0.4000000060
28657  23.656  -45.062  -38.869 0.5000000000
23997  21.571  -49.202  -34.222 0.4000000060
114104  23.389  -49.464  -34.590 0.4000000060
23996  22.667  -49.256  -34.270 0.4000000060
23995  23.882  -49.181  -34.740 0.4000000060
24896  24.089  -48.659  -35.662 0.4000000060
24902  23.083  -48.770  -36.741 0.4000000060
25789  21.489  -47.661  -37.377 0.4000000060
24903  21.312  -48.982  -37.528 0.4000000060
24904  20.468  -48.543  -37.908 0.4000000060
25807  20.819  -47.501  -37.980 0.4000000060
25823  20.972  -46.924  -38.681 0.5000000000
27714  20.848  -45.959  -38.675 0.5000000000
28661  21.136  -45.257  -39.086 0.6000000238
28660  21.852  -44.828  -39.508 0.5000000000
29574  21.777  -43.653  -38.634 0.4000000060
29589  22.246  -44.286  -39.251 0.4000000060
23979  21.010  -48.490  -34.063 0.4000000060
24887  23.682  -48.717  -34.214 0.4000000060
23977  22.849  -48.537  -33.882 0.4000000060
24886  24.264  -48.411  -34.390 0.4000000060
25787  23.739  -47.801  -36.072 0.4000000060
25790  20.901  -47.085  -37.884 0.4000000060
108889  20.589  -46.534  -37.965 0.4000000060
26777  20.760  -46.307  -38.352 0.4000000060
27699  20.453  -45.750  -38.319 0.5000000000
28644  20.394  -45.434  -38.358 0.4000000060
28643  21.481  -44.357  -39.130 0.6000000238
23978  21.931  -48.644  -33.892 0.4000000060
109645  23.624  -48.066  -33.562 0.4000000060
24870  24.368  -48.086  -33.894 0.4000000060
25784  24.256  -47.812  -35.184 0.4000000060
26745  23.245  -47.120  -36.172 0.4000000060
26738  21.958  -46.104  -36.137 0.4000000060
26739  20.929  -45.815  -36.595 0.5000000000
26747  21.322  -46.639  -36.975 0.4000000060
26748  20.482  -46.169  -37.527 0.3000000119
26761  19.882  -45.695  -37.806 0.3000000119
26760  20.568  -46.413  -38.087 0.4000000060
28645  19.813  -44.850  -38.012 0.4000000060
29576  20.219  -44.201  -38.125 0.4000000060
29575  21.137  -43.861  -38.568 0.5000000000
24871  21.335  -48.317  -33.235 0.4000000060
25779  24.497  -47.408  -34.430 0.4000000060
26736  23.961  -46.961  -35.227 0.4000000060
26737  23.024  -46.380  -35.770 0.3000000119
27668  21.525  -45.344  -35.768 0.3000000119
26740  20.089  -45.421  -36.843 0.3000000119
27687  19.468  -45.002  -37.534 0.3000000119
29557  19.819  -43.567  -37.632 0.4000000060
30445  20.717  -42.607  -37.700 0.4000000060
25769  24.332  -47.348  -33.511 0.3000000119
26719  24.599  -47.106  -33.903 0.3000000119
27666  23.663  -45.969  -34.908 0.3000000119
27667  22.651  -45.545  -35.444 0.3000000119
27669  20.420  -45.156  -36.155 0.4000000060
28607  19.912  -44.468  -35.904 0.4000000060
27670  19.417  -44.802  -36.722 0.3000000119
121319  18.813  -44.388  -36.998 0.3000000119
28630  18.642  -43.896  -37.024 0.3000000119
29558  18.637  -43.609  -37.084 0.4000000060
30446  19.314  -42.769  -37.248 0.4000000060
105810  21.098  -41.805  -37.672 0.4000000060
28606  21.062  -44.628  -35.453 0.4000000060
29529  19.426  -43.799  -35.673 0.4000000060
28601  18.521  -43.672  -35.852 0.4000000060
29530  17.877  -43.074  -36.340 0.3000000119
29559  17.941  -43.072  -37.128 0.4000000060
31343  17.494  -41.816  -36.727 0.4000000060
31331  19.422  -41.242  -36.864 0.4000000060
31342  18.538  -41.920  -36.959 0.4000000060
111246  20.080  -41.881  -37.358 0.4000000060
29523  18.035  -42.773  -35.749 0.4000000060
30413  17.329  -42.062  -36.086 0.5000000000
31333  17.456  -41.398  -36.571 0.4000000060
31332  17.931  -41.239  -36.539 0.4000000060
32308  20.883  -41.224  -37.354 0.3000000119
32303  18.891  -40.437  -36.491 0.3000000119
22229  25.278  -51.671  -40.357 0.6999999881
19327  23.728  -54.235  -38.705 0.8000000119
24067  24.206  -49.721  -39.387 0.6000000238
21304  25.068  -52.230  -38.772 0.6999999881
23149  24.560  -50.677  -39.186 0.6999999881
110678  24.632  -46.443  -40.585 0.6000000238
22193  23.014  -52.348  -35.833 0.4000000060
114468  23.221  -51.573  -36.497 0.4000000060
22204  24.081  -52.070  -37.437 0.6999999881
23172  22.402  -49.993  -38.202 0.5000000000
24041  22.399  -50.110  -37.615 0.4000000060
115977  21.282  -47.299  -39.161 0.6000000238
27728  22.193  -45.702  -39.527 0.5000000000
27729  21.691  -45.571  -39.412 0.6000000238
26746  22.316  -46.931  -36.541 0.3000000119
27700  19.841  -45.173  -38.027 0.4000000060
24852  22.406  -48.143  -33.178 0.4000000060
28613  18.942  -44.410  -36.984 0.3000000119
29541  18.031  -43.219  -36.606 0.3000000119
30427  17.508  -42.108  -36.492 0.3000000119
118610  20.130  -40.605  -36.668 0.3000000119
18461  20.897  -55.728  -44.950 0.6000000238
17570  21.315  -56.203  -45.449 0.6000000238
16743  24.049  -57.312  -46.887 0.6000000238
17579  24.697  -56.711  -46.424 0.6000000238
16734  19.366  -57.279  -45.441 0.5000000000
18462  20.007  -55.828  -45.026 0.6000000238
18439  20.673  -55.449  -43.605 0.6999999881
18449  20.752  -55.584  -44.433 0.6999999881
17583  20.178  -57.047  -45.703 0.6000000238
107259  21.778  -55.731  -44.862 0.6000000238
120319  22.075  -56.183  -45.430 0.6000000238
17569  22.637  -55.777  -45.109 0.6000000238
18470  23.581  -56.005  -45.604 0.6000000238
117526  24.100  -56.467  -46.318 0.6000000238
18459  25.052  -55.335  -45.489 0.6000000238
19405  26.625  -54.749  -44.965 0.6999999881
18441  19.036  -55.946  -44.387 0.6000000238
18408  20.456  -55.148  -42.000 0.6999999881
17558  19.222  -55.925  -44.965 0.5000000000
18426  20.156  -55.585  -42.734 0.6999999881
106317  19.871  -55.832  -44.468 0.6999999881
19388  21.309  -54.847  -43.263 0.6999999881
19397  21.385  -55.005  -43.841 0.6999999881
19409  22.400  -55.029  -44.446 0.5000000000
18460  24.163  -55.301  -45.148 0.6000000238
19407  24.759  -54.517  -44.828 0.6000000238
19406  25.638  -54.678  -45.101 0.6999999881
20414  25.631  -53.150  -44.362 0.6999999881
20426  27.293  -54.223  -44.742 0.6999999881
21351  26.982  -53.156  -44.308 0.6999999881
24959  33.931  -47.598  -42.769 0.4000000060
24107  31.404  -48.374  -43.151 0.5000000000
23207  30.334  -50.271  -42.627 0.6000000238
23208  29.468  -50.348  -42.642 0.6000000238
22255  27.400  -52.108  -43.743 0.6999999881
118073  18.376  -57.463  -41.221 0.5000000000
17519  18.906  -57.065  -41.590 0.5000000000
17499  20.212  -56.332  -40.319 0.6000000238
17535  18.837  -56.782  -42.474 0.5000000000
17517  20.332  -55.746  -41.235 0.6999999881
108068  19.310  -56.467  -41.990 0.5000000000
17534  19.389  -56.077  -42.702 0.6000000238
19351  20.816  -54.902  -41.306 0.6999999881
19376  21.429  -54.571  -42.853 0.6999999881
19396  21.999  -54.585  -43.948 0.6999999881
19408  23.785  -54.545  -44.531 0.6000000238
20429  24.243  -53.791  -44.311 0.6000000238
109704  25.230  -52.415  -44.113 0.6999999881
118454  26.901  -52.455  -43.956 0.6999999881
22243  28.878  -51.151  -43.067 0.6000000238
118507  28.405  -50.425  -42.670 0.6000000238
18380  19.239  -56.056  -38.034 0.5000000000
16649  17.712  -57.231  -39.761 0.4000000060
17486  19.950  -56.653  -39.414 0.5000000000
17488  18.325  -56.887  -39.136 0.5000000000
17500  19.468  -56.950  -40.080 0.5000000000
18379  20.466  -56.223  -38.362 0.6000000238
18389  20.599  -56.024  -39.408 0.6000000238
19340  21.738  -54.864  -39.117 0.6999999881
18388  21.146  -55.167  -39.748 0.6000000238
19350  21.073  -54.792  -40.618 0.6999999881
114812  21.398  -54.420  -41.328 0.6999999881
20406  22.220  -54.062  -43.211 0.6999999881
119850  23.003  -53.956  -43.689 0.6999999881
118505  23.062  -54.567  -44.328 0.6999999881
20416  23.936  -53.309  -43.991 0.6999999881
20415  24.654  -52.926  -44.182 0.6999999881
22264  25.390  -51.849  -43.836 0.8000000119
111288  26.476  -51.616  -43.570 0.6999999881
24108  30.536  -48.772  -42.507 0.5000000000
119748  29.045  -49.635  -42.360 0.6000000238
124783  26.959  -51.463  -43.388 0.6000000238
18381  18.590  -55.735  -38.279 0.4000000060
18362  19.630  -55.745  -37.500 0.6000000238
17479  19.717  -56.548  -38.645 0.6000000238
18360  21.125  -55.744  -37.739 0.6000000238
19329  21.896  -55.277  -38.037 0.6000000238
19339  22.378  -54.523  -39.725 0.6999999881
19349  22.099  -54.251  -40.803 0.6999999881
19360  21.953  -53.983  -41.680 0.6999999881
20398  22.071  -53.994  -42.859 0.6999999881
20386  23.185  -53.165  -41.862 0.8000000119
20397  22.628  -53.694  -43.082 0.8000000119
21343  23.314  -53.342  -43.324 0.6000000238
21354  24.101  -52.777  -43.809 0.6000000238
23210  26.340  -50.664  -42.870 0.8000000119
22256  25.789  -51.492  -43.613 0.6999999881
25839  31.047  -46.803  -42.943 0.5000000000
24962  30.131  -48.045  -42.185 0.6000000238
24110  28.121  -49.764  -42.222 0.6999999881
108006  30.447  -47.265  -42.428 0.6000000238
19307  19.345  -55.052  -37.096 0.5000000000
20344  18.532  -54.017  -37.239 0.4000000060
20359  17.695  -53.455  -38.591 0.4000000060
18349  20.067  -55.394  -36.891 0.5000000000
18363  18.968  -55.378  -37.715 0.5000000000
18348  20.885  -55.480  -36.958 0.6000000238
19306  21.749  -55.366  -37.144 0.6000000238
19305  22.616  -54.983  -37.420 0.6000000238
19328  22.763  -54.718  -38.533 0.6999999881
19348  23.047  -54.234  -40.326 0.8000000119
20375  23.666  -53.559  -40.762 0.8000000119
21323  23.804  -52.633  -42.327 0.6000000238
21334  24.217  -52.000  -42.624 0.6000000238
22246  24.958  -50.955  -43.195 0.6999999881
23211  25.705  -50.705  -43.083 0.6999999881
24955  27.643  -48.519  -40.931 0.6999999881
24953  29.314  -48.189  -41.740 0.6000000238
24954  28.460  -48.357  -41.318 0.6000000238
26800  28.657  -46.541  -41.418 0.6000000238
25840  30.281  -46.456  -42.515 0.6000000238
25836  28.920  -47.354  -41.642 0.6000000238
19296  19.282  -53.997  -36.016 0.5000000000
19297  19.019  -54.360  -36.764 0.5000000000
20325  18.628  -53.639  -36.636 0.5000000000
21290  17.547  -52.577  -37.416 0.5000000000
19288  20.928  -54.441  -35.615 0.5000000000
117869  19.683  -54.748  -36.360 0.5000000000
19294  21.338  -54.943  -36.394 0.6000000238
20385  24.037  -52.947  -41.456 0.6999999881
21322  24.679  -52.230  -41.583 0.6000000238
22237  24.829  -51.384  -42.456 0.6000000238
22228  26.234  -50.763  -41.280 0.6000000238
24095  27.174  -49.954  -41.467 0.6999999881
23199  26.831  -50.186  -41.247 0.6000000238
24094  27.366  -49.444  -40.980 0.6000000238
25837  28.062  -47.526  -41.175 0.6999999881
26805  30.721  -45.812  -43.006 0.5000000000
106582  29.382  -45.355  -41.479 0.4000000060
20302  19.656  -53.460  -35.248 0.5000000000
21254  19.092  -52.481  -35.424 0.5000000000
21255  18.411  -52.267  -35.986 0.5000000000
22194  17.367  -51.415  -36.392 0.5000000000
22195  16.884  -50.940  -36.569 0.5000000000
23120  16.056  -50.439  -36.555 0.5000000000
105349  26.590  -49.533  -40.808 0.6000000238
24946  26.362  -48.737  -40.836 0.4000000060
25826  27.198  -47.687  -40.843 0.5000000000
26801  27.729  -46.740  -41.012 0.4000000060
116093  28.414  -45.684  -40.940 0.4000000060
21238  19.832  -52.560  -34.853 0.6000000238
22175  18.642  -51.705  -35.510 0.5000000000
22176  17.975  -51.369  -35.866 0.5000000000
112258  17.373  -50.877  -36.010 0.5000000000
23112  16.745  -50.197  -35.746 0.5000000000
24020  15.732  -49.504  -36.008 0.5000000000
24021  14.945  -48.882  -36.591 0.4000000060
24906  13.867  -48.557  -36.563 0.5000000000
24900  13.088  -49.007  -36.827 0.4000000060
24024  11.501  -49.326  -36.795 0.4000000060
23132  10.734  -49.895  -36.956 0.4000000060
113159  25.782  -48.267  -40.664 0.6000000238
112399  25.800  -46.688  -40.474 0.4000000060
110823  26.801  -46.822  -40.644 0.4000000060
23111  18.586  -50.715  -35.212 0.5000000000
109311  17.649  -50.469  -35.417 0.4000000060
24897  15.335  -48.686  -34.712 0.4000000060
24905  14.389  -48.542  -36.071 0.5000000000
24898  14.750  -48.769  -35.103 0.4000000060
24014  13.714  -49.021  -35.736 0.5000000000
24899  13.742  -48.631  -36.269 0.5000000000
23113  13.246  -49.758  -35.474 0.3000000119
24016  11.704  -49.233  -36.252 0.3000000119
111376  10.517  -50.085  -35.948 0.3000000119
23094  19.099  -49.564  -35.044 0.5000000000
24009  18.140  -49.566  -35.091 0.5000000000
24010  17.135  -49.675  -34.893 0.4000000060
24001  17.785  -48.586  -34.797 0.4000000060
24890  17.243  -48.324  -34.314 0.4000000060
23999  19.512  -48.745  -34.472 0.4000000060
24000  18.556  -48.578  -34.912 0.4000000060
24889  18.054  -47.947  -34.702 0.4000000060
23980  20.218  -48.339  -34.163 0.4000000060
24874  18.296  -47.712  -33.830 0.4000000060
24875  17.399  -47.850  -33.783 0.4000000060
24859  15.880  -48.152  -32.899 0.4000000060
24888  18.883  -47.981  -34.475 0.4000000060
24857  17.753  -47.828  -32.832 0.4000000060
24858  16.740  -47.944  -32.758 0.4000000060
23962  15.319  -49.586  -32.876 0.4000000060
123707  15.407  -50.172  -32.367 0.4000000060
24872  20.362  -47.985  -33.453 0.3000000119
24855  19.462  -47.729  -33.178 0.4000000060
24856  18.647  -47.700  -32.984 0.4000000060
24839  17.297  -48.646  -31.875 0.4000000060
23960  16.308  -48.680  -32.166 0.4000000060
21311  25.521  -51.462  -41.230 0.6000000238
19295  20.481  -54.937  -36.261 0.5000000000
24947  25.834  -49.067  -40.651 0.6000000238
26791  26.403  -45.839  -40.505 0.4000000060
16744  22.915  -57.164  -46.871 0.6000000238
20413  26.665  -53.543  -44.431 0.6999999881
21352  26.019  -52.695  -44.096 0.6999999881
24969  32.344  -47.830  -43.642 0.5000000000
120975  31.890  -46.882  -43.306 0.5000000000
23206  30.956  -49.591  -42.865 0.5000000000
108832  30.084  -49.668  -42.334 0.6000000238
17501  18.560  -57.186  -39.774 0.5000000000
20405  22.865  -53.810  -43.420 0.6999999881
24092  28.806  -49.075  -41.703 0.6000000238
112758  21.178  -55.585  -38.697 0.6000000238
20417  23.500  -53.466  -43.646 0.6999999881
122677  24.994  -51.571  -43.750 0.8000000119
23209  27.445  -50.519  -42.601 0.6999999881
19330  18.364  -54.864  -38.123 0.4000000060
21324  23.177  -53.222  -42.768 0.6000000238
21341  24.239  -52.223  -43.593 0.6000000238
117112  26.841  -50.320  -42.165 0.6999999881
115720  26.857  -50.576  -42.573 0.6999999881
112203  31.270  -45.422  -43.014 0.5000000000
26804  31.527  -46.249  -43.044 0.5000000000
24093  28.019  -49.351  -41.269 0.6999999881
22236  25.655  -50.872  -42.311 0.6999999881
23200  26.381  -50.577  -42.233 0.6999999881
26799  29.587  -46.417  -41.867 0.6000000238
20317  18.832  -53.151  -35.925 0.5000000000
21274  18.173  -52.855  -36.630 0.5000000000
21256  17.717  -52.054  -36.539 0.4000000060
23189  26.124  -50.149  -40.600 0.6000000238
24078  26.945  -49.415  -40.899 0.6000000238
24045  12.217  -49.129  -37.476 0.3000000119
25827  26.280  -47.788  -40.697 0.5000000000
120762  27.422  -45.874  -40.632 0.4000000060
24012  15.179  -48.826  -35.521 0.5000000000
24015  12.851  -49.199  -36.216 0.4000000060
24017  10.949  -49.558  -36.390 0.4000000060
24873  19.627  -47.893  -34.085 0.4000000060
120268  18.995  -47.728  -33.778 0.4000000060
15037  35.592  -59.371  -45.779 0.3000000119
15901  36.049  -58.610  -45.229 0.3000000119
22260  32.945  -51.758  -44.969 0.4000000060
23232  34.966  -50.692  -46.596 0.4000000060
21364  35.068  -51.984  -46.462 0.4000000060
21358  35.350  -52.833  -45.939 0.4000000060
22261  32.578  -51.525  -44.255 0.4000000060
22251  32.395  -52.081  -43.683 0.4000000060
21336  31.837  -52.742  -43.582 0.4000000060
21347  30.681  -53.347  -44.471 0.5000000000
18446  30.094  -55.194  -45.318 0.5000000000
18447  29.267  -55.192  -45.300 0.5000000000
116721  34.443  -49.798  -45.279 0.4000000060
22269  33.297  -51.270  -45.375 0.5000000000
20402  32.685  -52.757  -43.648 0.5000000000
17557  27.791  -56.333  -44.643 0.5000000000
23227  35.121  -49.771  -46.117 0.5000000000
22268  33.968  -51.266  -45.754 0.5000000000
24129  36.204  -49.622  -46.151 0.5000000000
23231  35.705  -50.523  -46.660 0.4000000060
23230  36.673  -50.445  -46.366 0.4000000060
21363  35.937  -52.241  -46.441 0.4000000060
21362  36.933  -52.827  -46.287 0.4000000060
111561  37.692  -53.362  -46.491 0.3000000119
19411  38.302  -54.820  -46.238 0.4000000060
24121  33.654  -48.408  -44.491 0.4000000060
23222  32.036  -50.453  -44.147 0.4000000060
24120  34.405  -48.173  -44.564 0.4000000060
24128  33.265  -49.591  -44.780 0.4000000060
23221  32.595  -49.993  -44.639 0.4000000060
22262  32.184  -51.350  -43.758 0.4000000060
21337  31.436  -52.125  -43.587 0.5000000000
19402  29.911  -54.344  -45.651 0.5000000000
24978  35.316  -48.249  -44.655 0.4000000060
24127  34.105  -49.230  -44.797 0.4000000060
21338  30.244  -52.638  -43.974 0.5000000000
20423  29.436  -54.337  -45.736 0.5000000000
18456  28.966  -54.706  -45.523 0.5000000000
107481  27.903  -55.150  -44.948 0.6000000238
118964  27.755  -54.648  -44.964 0.6000000238
17567  26.965  -56.876  -45.651 0.6000000238
21350  27.744  -53.193  -44.410 0.6000000238
20425  28.293  -54.227  -45.259 0.6000000238
22271  37.069  -51.377  -46.207 0.4000000060
18468  25.236  -56.112  -45.941 0.5000000000
21361  37.652  -52.513  -46.264 0.4000000060
21357  38.542  -52.633  -45.915 0.4000000060
20430  37.876  -54.196  -46.569 0.4000000060
24123  32.320  -49.403  -44.179 0.4000000060
23216  31.524  -49.978  -43.701 0.5000000000
22252  30.584  -51.510  -43.481 0.5000000000
22253  29.522  -51.840  -43.556 0.5000000000
20410  29.193  -53.877  -45.579 0.5000000000
20411  28.461  -53.871  -45.296 0.6000000238
22254  28.422  -52.025  -43.591 0.6000000238
14117  34.659  -60.583  -45.378 0.3000000119
16718  36.288  -57.835  -44.723 0.3000000119
18443  38.612  -54.939  -45.309 0.3000000119
24967  34.667  -47.618  -44.031 0.4000000060
25844  33.825  -47.417  -44.069 0.4000000060
24975  33.320  -47.794  -44.149 0.4000000060
24116  31.900  -48.897  -43.630 0.4000000060
23217  30.845  -50.549  -43.183 0.5000000000
23218  29.927  -50.913  -43.117 0.5000000000
18457  26.916  -55.545  -45.219 0.6000000238
17568  26.062  -56.361  -45.776 0.5000000000
24115  32.779  -48.258  -44.001 0.4000000060
120871  32.429  -50.865  -44.412 0.4000000060
17566  27.602  -56.153  -44.967 0.5000000000
19389  38.659  -54.600  -45.766 0.3000000119
24122  33.008  -48.839  -44.427 0.4000000060
124163  31.516  -50.967  -43.516 0.5000000000
21348  29.745  -53.362  -44.988 0.5000000000
21339  29.157  -52.694  -44.236 0.6000000238
28629  19.206  -44.533  -37.240 0.3000000119
15055  35.320  -60.257  -45.838 0.3000000119
16661  18.855  -57.186  -40.698 0.5000000000
16703  36.694  -57.066  -44.413 0.3000000119
16732  27.502  -57.259  -45.207 0.5000000000
17468  19.817  -56.296  -37.985 0.6000000238
17480  18.937  -56.461  -38.574 0.5000000000
17487  19.151  -56.891  -39.191 0.5000000000
17518  19.671  -56.631  -41.157 0.5000000000
17565  28.343  -55.289  -44.895 0.5000000000
17571  20.425  -56.262  -45.390 0.6000000238
17572  19.613  -56.319  -45.204 0.6000000238
17580  23.506  -56.617  -46.370 0.6000000238
17582  21.026  -56.820  -46.075 0.6000000238
18361  20.354  -55.910  -37.525 0.6000000238
18397  20.721  -55.461  -40.441 0.6000000238
18409  19.820  -55.847  -42.002 0.6999999881
18425  20.948  -55.050  -42.739 0.6999999881
18440  19.669  -55.890  -43.587 0.6999999881
18448  21.524  -55.276  -44.362 0.6999999881
18455  29.417  -54.932  -45.667 0.5000000000
18458  25.889  -55.417  -45.475 0.6999999881
18469  24.504  -56.018  -45.852 0.6000000238
19289  20.043  -54.358  -35.597 0.5000000000
19308  18.736  -54.631  -37.454 0.5000000000
19309  18.263  -54.051  -37.987 0.4000000060
19361  21.736  -54.165  -42.294 0.6999999881
19362  21.214  -54.621  -42.183 0.6999999881
19375  21.709  -54.308  -42.830 0.6999999881
19386  22.427  -54.162  -43.576 0.6999999881
19387  21.780  -54.423  -43.337 0.6999999881
19392  30.503  -54.340  -45.141 0.5000000000
19393  29.767  -54.707  -45.677 0.5000000000
19394  23.429  -53.957  -44.031 0.6999999881
19395  22.701  -54.320  -43.975 0.6999999881
19403  28.899  -54.417  -45.623 0.5000000000
19404  28.559  -54.486  -45.367 0.6000000238
20300  21.206  -53.289  -34.648 0.5000000000
20301  20.378  -53.191  -34.787 0.6000000238
20326  18.040  -53.378  -37.516 0.4000000060
20341  24.611  -53.309  -37.976 0.8000000119
20376  22.650  -53.737  -41.320 0.6999999881
20387  22.393  -53.638  -42.339 0.8000000119
20412  27.845  -53.796  -44.805 0.6000000238
20420  38.291  -53.618  -46.360 0.4000000060
20424  29.045  -54.200  -45.651 0.5000000000
20427  26.100  -54.037  -44.652 0.6999999881
20428  25.109  -53.730  -44.511 0.6999999881
21253  22.018  -53.226  -34.668 0.4000000060
21296  24.695  -52.323  -38.023 0.8000000119
21312  25.159  -52.161  -40.697 0.6999999881
21335  23.803  -52.540  -43.150 0.6000000238
21340  28.232  -52.746  -44.162 0.6000000238
21342  23.780  -52.893  -43.541 0.6000000238
21346  33.004  -52.171  -44.018 0.5000000000
21349  28.735  -53.353  -44.905 0.6000000238
21353  24.715  -52.081  -43.884 0.8000000119
22155  21.112  -51.847  -34.211 0.6000000238
22214  23.356  -51.178  -37.568 0.6000000238
22244  27.679  -51.282  -43.086 0.6000000238
22245  26.696  -50.982  -43.104 0.6999999881
22247  24.404  -51.683  -43.214 0.6000000238
22257  25.289  -51.185  -43.516 0.8000000119
22258  24.749  -51.547  -43.576 0.6999999881
22263  26.212  -52.197  -43.843 0.6999999881
22270  32.790  -50.809  -45.037 0.4000000060
22272  36.201  -51.326  -46.711 0.4000000060
22273  35.355  -51.372  -46.730 0.4000000060
22274  34.628  -51.339  -46.439 0.4000000060
23062  15.540  -50.029  -31.915 0.4000000060
23114  12.263  -49.777  -35.697 0.3000000119
23115  11.308  -49.857  -35.775 0.3000000119
23116  10.354  -50.053  -36.483 0.4000000060
23171  23.587  -50.117  -38.648 0.6999999881
23190  25.065  -50.391  -40.113 0.6000000238
23219  25.947  -50.953  -43.381 0.8000000119
23225  37.805  -50.362  -45.834 0.4000000060
23228  34.377  -50.505  -46.034 0.5000000000
23229  33.677  -50.361  -45.311 0.4000000060
23961  15.689  -49.000  -32.498 0.4000000060
24013  14.445  -48.796  -35.349 0.5000000000
24023  12.329  -49.113  -36.888 0.4000000060
24025  10.858  -49.720  -36.697 0.4000000060
24046  11.567  -49.480  -37.119 0.3000000119
24109  29.682  -48.893  -42.100 0.6000000238
24111  27.329  -49.930  -42.029 0.6999999881
24125  35.831  -48.987  -45.381 0.5000000000
24126  34.922  -49.026  -44.968 0.4000000060
24869  24.576  -47.781  -34.046 0.4000000060
24876  16.417  -48.068  -33.601 0.4000000060
24907  13.451  -48.760  -36.965 0.4000000060
24940  20.965  -48.047  -38.507 0.5000000000
24941  21.012  -47.988  -38.422 0.5000000000
24945  26.884  -48.602  -40.820 0.6000000238
24960  31.721  -47.417  -43.313 0.5000000000
24961  30.908  -47.774  -42.742 0.5000000000
24974  33.828  -47.585  -44.200 0.4000000060
25783  24.387  -48.148  -34.690 0.4000000060
25788  22.671  -47.824  -36.842 0.3000000119
25819  20.960  -47.294  -38.310 0.4000000060
25835  29.822  -47.274  -41.968 0.6000000238
25841  33.993  -47.401  -43.635 0.4000000060
25845  33.312  -47.379  -43.931 0.4000000060
26778  20.069  -45.688  -38.009 0.4000000060
26787  21.092  -46.569  -39.189 0.5000000000
26788  20.913  -46.237  -38.671 0.5000000000
26796  21.399  -46.156  -39.192 0.6000000238
27677  19.396  -45.073  -37.272 0.3000000119
27713  21.192  -45.924  -39.067 0.6000000238
27727  22.686  -45.747  -39.313 0.5000000000
28608  18.902  -44.148  -36.517 0.4000000060
28609  18.399  -43.832  -36.739 0.3000000119
28614  18.532  -43.844  -36.925 0.3000000119
28681  22.317  -45.259  -39.491 0.5000000000
29522  18.986  -43.098  -35.393 0.4000000060
29531  17.558  -42.312  -35.977 0.5000000000
29542  17.592  -42.482  -36.117 0.3000000119
29560  17.774  -42.643  -36.639 0.3000000119
29577  19.308  -43.997  -37.473 0.3000000119
29588  25.810  -44.400  -39.370 0.5000000000
30405  17.450  -41.815  -35.699 0.5000000000
30447  18.159  -42.656  -37.042 0.4000000060
30448  17.664  -42.285  -36.732 0.3000000119
30463  20.759  -43.466  -38.024 0.4000000060
31334  17.407  -41.665  -36.380 0.4000000060
31344  17.495  -41.736  -36.669 0.3000000119
32291  17.500  -41.236  -36.125 0.4000000060
104083  21.556  -54.633  -40.240 0.6999999881
104581  23.252  -55.205  -44.809 0.6000000238
106130  25.064  -52.234  -39.820 0.8000000119
109308  20.690  -44.691  -38.617 0.5000000000
110145  18.940  -56.611  -45.015 0.5000000000
110450  31.919  -45.858  -42.666 0.5000000000
112243  23.190  -54.405  -39.410 0.6999999881
113666  29.211  -54.569  -45.729 0.5000000000
115055  36.700  -52.042  -46.345 0.4000000060
116846  27.510  -53.880  -44.695 0.6999999881
117304  30.022  -53.870  -45.434 0.5000000000
118239  14.228  -48.522  -35.914 0.5000000000
118358  19.443  -56.355  -38.307 0.6000000238
118769  23.390  -45.411  -38.987 0.5000000000
119930  22.888  -46.403  -39.796 0.5000000000
120807  21.243  -47.961  -38.930 0.6000000238
120981  24.197  -48.822  -34.933 0.4000000060
122262  32.561  -47.107  -43.693 0.5000000000
122280  25.410  -54.227  -44.758 0.6000000238
122448  22.712  -50.386  -37.174 0.3000000119
122595  27.304  -55.876  -45.157 0.6000000238
123439  20.218  -56.457  -38.936 0.6000000238
