#!ascii label  , from subject 001 vox2ras=TkReg
878
22266  38.805  -51.074  -45.441 0.3000000119
26789  32.345  -46.142  -41.355 0.6000000238
29596  31.194  -43.418  -39.918 0.6999999881
30477  30.873  -42.652  -39.790 0.6999999881
22267  37.916  -51.637  -45.723 0.4000000060
24967  34.667  -47.618  -44.031 0.4000000060
23224  38.891  -49.520  -45.618 0.5000000000
23223  39.587  -49.767  -45.288 0.5000000000
25824  32.400  -47.234  -40.961 0.6999999881
103836  31.725  -44.671  -40.923 0.6999999881
26790  31.842  -45.585  -40.697 0.5000000000
28655  31.547  -44.084  -40.014 0.6000000238
29585  31.978  -43.242  -39.974 0.6000000238
122119  32.551  -42.642  -39.626 0.6999999881
30469  31.451  -41.862  -39.642 0.6999999881
119660  38.182  -49.209  -45.906 0.5000000000
24966  35.616  -48.004  -44.123 0.4000000060
25841  33.993  -47.401  -43.635 0.4000000060
24951  33.635  -48.020  -41.941 0.5000000000
24118  38.882  -48.611  -45.024 0.6000000238
25833  33.427  -47.205  -42.370 0.6000000238
24952  32.975  -47.716  -41.529 0.6000000238
24112  40.021  -48.718  -44.868 0.6000000238
24944  31.767  -47.831  -40.053 0.6000000238
27712  31.391  -45.125  -39.966 0.6000000238
27698  31.394  -44.779  -39.204 0.6000000238
28638  33.089  -43.308  -38.517 0.6999999881
28639  32.336  -43.511  -39.177 0.6999999881
29570  33.156  -42.408  -39.102 0.6999999881
111653  32.438  -41.959  -39.472 0.6999999881
106357  31.124  -41.644  -38.608 0.6999999881
30456  32.906  -41.731  -38.865 0.6999999881
30435  32.453  -41.666  -37.606 0.6999999881
116082  31.962  -41.638  -38.318 0.6999999881
30418  32.771  -41.408  -36.942 0.6999999881
23226  37.274  -49.466  -45.978 0.5000000000
24977  36.408  -48.467  -45.008 0.5000000000
24972  35.998  -48.271  -44.497 0.5000000000
24958  34.542  -47.837  -43.161 0.4000000060
24119  38.168  -48.286  -45.258 0.5000000000
24091  33.839  -48.925  -41.536 0.5000000000
24942  33.064  -48.655  -41.195 0.6000000238
24102  39.154  -49.216  -43.682 0.6000000238
24114  38.187  -48.610  -44.120 0.5000000000
24103  37.914  -49.489  -43.326 0.5000000000
25820  31.243  -47.303  -39.542 0.6999999881
26776  31.002  -45.804  -39.161 0.6000000238
25825  31.741  -46.735  -40.409 0.6999999881
118474  31.630  -44.707  -38.513 0.6000000238
114672  31.180  -45.547  -38.560 0.6000000238
28625  32.925  -43.877  -37.615 0.6000000238
29548  33.582  -43.206  -37.307 0.6000000238
29549  33.199  -42.520  -38.022 0.6999999881
30436  31.321  -41.564  -37.332 0.6999999881
29536  33.821  -42.678  -36.961 0.6000000238
107116  31.886  -41.374  -36.753 0.6999999881
30434  33.457  -42.085  -37.372 0.6999999881
24106  34.969  -48.604  -42.675 0.4000000060
24976  37.449  -48.336  -45.208 0.5000000000
24956  36.062  -48.288  -43.702 0.4000000060
24090  34.511  -49.350  -41.928 0.5000000000
24076  33.494  -49.333  -40.623 0.6000000238
24965  36.727  -48.322  -44.264 0.4000000060
24935  32.112  -48.651  -39.622 0.6000000238
24964  37.660  -48.272  -44.359 0.4000000060
24088  36.281  -49.410  -42.396 0.4000000060
24087  37.258  -49.500  -42.324 0.4000000060
23197  36.553  -50.017  -41.635 0.4000000060
24936  31.515  -48.170  -39.240 0.6999999881
25818  30.897  -46.797  -39.062 0.6000000238
26759  31.328  -46.326  -38.069 0.6000000238
111771  32.495  -44.785  -37.700 0.6000000238
27686  31.744  -45.345  -37.927 0.6000000238
125452  31.285  -41.797  -36.351 0.6999999881
31324  32.281  -41.239  -36.346 0.6999999881
31323  33.136  -41.306  -36.661 0.6000000238
24105  35.827  -48.685  -42.947 0.4000000060
24089  35.348  -49.454  -42.262 0.4000000060
24077  32.837  -48.998  -40.114 0.6999999881
23198  35.789  -50.071  -41.859 0.4000000060
24060  32.073  -48.824  -39.000 0.8000000119
23196  37.464  -50.014  -41.408 0.5000000000
24931  31.622  -48.091  -38.751 0.6999999881
25806  31.692  -47.020  -37.852 0.6000000238
122259  33.038  -44.551  -37.400 0.5000000000
117104  32.603  -45.661  -37.547 0.6000000238
30408  31.002  -42.100  -35.836 0.6999999881
116796  34.407  -42.172  -36.746 0.6000000238
30416  33.965  -42.501  -36.745 0.6000000238
31325  31.606  -41.655  -36.029 0.8000000119
31312  31.241  -41.643  -35.506 0.8000000119
31322  33.881  -41.804  -36.769 0.6000000238
30417  33.627  -41.892  -36.977 0.6000000238
23187  34.354  -50.301  -40.385 0.5000000000
23188  33.821  -49.935  -40.242 0.6000000238
106954  35.148  -50.424  -40.388 0.5000000000
23167  36.429  -50.218  -39.625 0.6999999881
124308  35.924  -50.228  -40.248 0.4000000060
24930  32.409  -48.509  -38.566 0.6999999881
25805  32.523  -47.209  -37.672 0.6999999881
111889  33.722  -45.002  -37.227 0.6000000238
26757  33.072  -46.532  -37.483 0.6000000238
28623  34.173  -44.320  -37.154 0.6000000238
31302  30.864  -41.295  -34.933 0.6000000238
29547  33.912  -43.358  -36.890 0.6000000238
32284  32.403  -40.403  -35.787 0.6999999881
31311  31.889  -41.108  -35.776 0.6999999881
32294  34.196  -40.554  -37.043 0.6999999881
117093  33.730  -41.114  -36.756 0.6999999881
116028  32.626  -40.883  -36.195 0.6999999881
23169  34.588  -50.343  -39.668 0.5000000000
23147  34.039  -50.025  -39.049 0.6000000238
24065  33.328  -49.598  -39.724 0.6000000238
24055  36.357  -49.568  -38.205 0.6999999881
23168  35.486  -50.233  -39.606 0.6000000238
24059  32.727  -49.342  -38.835 0.6999999881
24054  37.251  -49.698  -38.126 0.6999999881
115654  37.181  -50.266  -39.346 0.6999999881
24929  33.253  -48.827  -38.283 0.6999999881
25804  33.503  -47.399  -37.539 0.6999999881
114231  33.538  -45.853  -37.344 0.5000000000
109323  34.044  -46.738  -37.309 0.6000000238
31303  30.106  -41.415  -34.790 0.5000000000
29546  34.875  -43.685  -37.349 0.6000000238
32276  31.163  -40.535  -34.852 0.6000000238
32277  30.465  -40.639  -34.553 0.5000000000
116508  35.176  -42.141  -37.058 0.6000000238
30433  34.577  -42.815  -36.908 0.6000000238
33211  32.772  -39.571  -35.965 0.6000000238
33201  31.452  -39.616  -35.086 0.5000000000
33987  31.402  -38.602  -35.186 0.5000000000
31337  35.392  -41.407  -37.369 0.6999999881
31338  34.592  -41.421  -36.904 0.6999999881
110939  33.336  -39.856  -36.411 0.6999999881
33222  34.638  -39.829  -37.459 0.6999999881
34009  33.813  -38.683  -37.266 0.6000000238
24058  33.611  -49.492  -38.608 0.6000000238
24056  35.459  -49.490  -38.330 0.6999999881
24057  34.532  -49.500  -38.484 0.6000000238
24037  36.835  -49.196  -37.735 0.6999999881
24040  34.142  -49.008  -38.045 0.6999999881
25803  34.385  -47.585  -37.589 0.6999999881
27685  34.567  -45.985  -37.372 0.6000000238
33191  30.144  -39.832  -34.381 0.4000000060
28622  35.352  -44.711  -37.769 0.5000000000
34722  31.316  -37.672  -35.082 0.4000000060
30432  35.647  -42.967  -37.419 0.6000000238
33997  32.653  -38.561  -36.167 0.5000000000
33200  32.086  -39.005  -35.585 0.5000000000
33210  33.316  -39.066  -36.576 0.5000000000
32307  35.060  -40.639  -37.351 0.6000000238
112671  34.308  -39.110  -37.570 0.6999999881
123949  33.772  -37.958  -37.678 0.5000000000
24038  35.943  -49.140  -37.816 0.6000000238
24039  35.056  -49.040  -38.010 0.6999999881
24921  34.690  -48.378  -37.866 0.6999999881
108768  37.793  -47.921  -37.259 0.6999999881
25800  36.930  -47.708  -37.328 0.6999999881
110174  34.894  -46.962  -37.600 0.6000000238
29569  36.125  -43.927  -37.766 0.6000000238
113261  35.341  -45.634  -37.921 0.5000000000
31350  36.030  -42.034  -37.897 0.6000000238
34730  32.313  -37.719  -36.463 0.4000000060
33986  31.990  -38.096  -35.659 0.5000000000
34731  31.723  -37.414  -35.761 0.4000000060
33221  35.185  -40.020  -37.961 0.6000000238
125357  31.668  -37.277  -36.622 0.4000000060
33227  34.854  -39.099  -38.304 0.6000000238
34008  34.294  -38.318  -37.991 0.5000000000
25801  35.985  -47.595  -37.858 0.6999999881
24920  35.533  -48.490  -37.746 0.6000000238
115292  37.596  -46.355  -37.847 0.6999999881
26756  35.946  -46.679  -38.368 0.6000000238
108913  35.507  -47.121  -37.965 0.6000000238
26754  38.398  -46.647  -37.693 0.6999999881
27684  35.903  -46.018  -38.590 0.5000000000
30455  36.542  -43.086  -38.169 0.6000000238
29568  36.903  -43.895  -38.428 0.6000000238
32312  36.322  -41.435  -38.740 0.5000000000
32306  35.643  -40.865  -38.246 0.6000000238
34014  34.513  -38.167  -39.007 0.5000000000
27695  37.631  -45.407  -38.748 0.6999999881
27696  36.818  -45.431  -38.567 0.6999999881
112539  36.647  -45.088  -38.531 0.6000000238
28636  37.036  -44.400  -38.626 0.5000000000
31357  37.148  -42.272  -39.619 0.6000000238
30454  37.054  -43.082  -39.038 0.6000000238
32317  36.136  -40.467  -39.377 0.6000000238
33232  35.702  -39.307  -39.864 0.6000000238
23194  39.115  -49.798  -40.963 0.5000000000
23183  38.534  -50.338  -40.449 0.5000000000
23164  39.931  -50.528  -39.747 0.5000000000
109249  39.297  -50.330  -40.314 0.5000000000
23166  37.957  -50.357  -39.690 0.6999999881
24034  39.617  -49.661  -37.504 0.6999999881
23165  38.946  -50.571  -39.680 0.5000000000
109804  39.393  -50.572  -38.857 0.5000000000
24053  38.144  -49.873  -38.095 0.6999999881
23128  38.990  -50.194  -38.004 0.6999999881
24036  37.790  -49.267  -37.724 0.6999999881
22265  39.511  -51.078  -45.208 0.3000000119
29584  31.911  -42.429  -39.910 0.6999999881
30457  31.983  -41.501  -39.305 0.6999999881
30419  30.670  -42.080  -36.417 0.6999999881
23185  36.710  -50.301  -40.681 0.6000000238
28624  33.498  -44.055  -37.218 0.6000000238
122670  33.202  -40.864  -36.469 0.6999999881
32285  31.766  -40.444  -35.357 0.6000000238
32296  33.015  -40.376  -36.184 0.6999999881
115338  32.127  -39.804  -35.534 0.6000000238
33209  33.847  -39.690  -37.016 0.6999999881
114006  30.750  -39.079  -34.699 0.5000000000
34742  33.158  -37.566  -37.995 0.5000000000
26755  36.716  -46.704  -37.933 0.6999999881
27697  36.020  -45.336  -38.397 0.5000000000
33226  35.439  -39.768  -38.907 0.6000000238
119104  36.301  -45.598  -38.609 0.6000000238
31349  36.691  -42.256  -38.826 0.6000000238
24915  40.783  -48.755  -37.147 0.6000000238
27706  43.827  -45.743  -39.896 0.6000000238
27720  44.089  -45.390  -40.751 0.4000000060
25796  41.903  -47.964  -37.760 0.5000000000
24916  39.881  -48.840  -37.096 0.6000000238
26802  33.034  -46.798  -43.499 0.5000000000
27719  45.128  -45.570  -41.034 0.4000000060
25834  32.876  -46.738  -41.928 0.5000000000
26798  32.470  -45.949  -42.255 0.5000000000
25813  42.610  -47.463  -38.395 0.5000000000
28685  45.732  -44.404  -41.721 0.4000000060
26803  32.664  -46.468  -42.915 0.5000000000
27730  31.888  -45.008  -42.152 0.5000000000
26785  42.850  -46.412  -39.201 0.6000000238
27722  32.051  -45.189  -41.605 0.5000000000
26751  41.251  -47.326  -37.541 0.5000000000
105616  39.130  -49.119  -37.169 0.6000000238
29603  46.729  -43.294  -41.872 0.4000000060
113038  47.190  -44.004  -41.251 0.4000000060
27721  43.321  -45.290  -40.352 0.4000000060
26806  30.166  -45.533  -42.482 0.5000000000
27690  42.346  -46.121  -39.182 0.5000000000
27734  31.395  -44.840  -42.550 0.5000000000
107527  30.100  -44.604  -41.826 0.5000000000
26752  40.411  -47.235  -37.336 0.6000000238
25798  39.646  -47.843  -37.153 0.6000000238
24917  38.355  -48.674  -37.309 0.6000000238
28674  31.306  -44.256  -40.645 0.5000000000
28691  30.191  -43.693  -41.093 0.5000000000
28692  29.883  -43.844  -41.309 0.4000000060
26769  40.925  -46.608  -37.996 0.5000000000
27691  41.573  -46.211  -38.838 0.5000000000
27692  40.482  -46.039  -38.854 0.6000000238
26770  39.945  -46.420  -38.068 0.6000000238
106675  39.138  -48.472  -37.116 0.6000000238
26771  38.939  -46.312  -38.306 0.6000000238
25799  38.638  -47.627  -37.265 0.6000000238
28686  44.668  -44.457  -41.841 0.4000000060
29604  45.987  -43.613  -42.073 0.4000000060
29611  30.128  -43.246  -40.593 0.5000000000
122121  29.653  -43.442  -40.942 0.5000000000
27732  28.872  -44.504  -41.044 0.4000000060
28675  30.650  -43.963  -40.798 0.6000000238
27731  29.491  -44.243  -41.361 0.4000000060
110635  42.028  -45.534  -39.592 0.6000000238
27708  41.058  -45.515  -39.552 0.6000000238
27709  40.053  -45.306  -39.476 0.6000000238
27693  39.451  -45.894  -38.969 0.6000000238
30483  46.625  -42.427  -42.332 0.4000000060
30490  29.760  -42.920  -40.191 0.5000000000
29614  29.006  -43.585  -40.417 0.4000000060
28676  27.773  -44.402  -40.328 0.4000000060
28669  43.235  -44.910  -41.245 0.6000000238
28668  44.350  -44.981  -41.456 0.4000000060
113327  42.222  -44.620  -41.062 0.6000000238
27707  42.901  -45.772  -39.700 0.6000000238
28649  41.670  -44.851  -40.182 0.5000000000
28650  40.708  -44.814  -40.117 0.6000000238
28670  41.321  -44.495  -40.887 0.5000000000
27694  38.527  -45.688  -38.957 0.6000000238
30482  47.185  -42.471  -41.799 0.4000000060
29605  45.029  -43.640  -41.966 0.4000000060
31358  30.035  -42.409  -39.649 0.6000000238
119404  28.906  -43.156  -39.704 0.5000000000
105768  27.808  -43.805  -39.826 0.5000000000
28677  26.973  -44.245  -40.281 0.5000000000
28687  43.600  -44.470  -42.044 0.4000000060
29606  43.907  -43.768  -42.254 0.4000000060
29607  42.979  -43.566  -42.065 0.5000000000
28689  41.889  -43.976  -41.362 0.5000000000
29591  41.088  -44.056  -41.290 0.5000000000
28651  39.712  -44.563  -40.007 0.6000000238
27710  39.016  -45.388  -39.660 0.6000000238
26772  38.027  -45.900  -38.181 0.6000000238
31370  45.738  -41.372  -42.563 0.4000000060
29615  46.201  -42.924  -42.389 0.4000000060
124319  46.482  -41.844  -42.498 0.4000000060
30492  47.030  -41.779  -42.263 0.4000000060
30437  30.327  -41.825  -37.559 0.6000000238
31371  44.291  -41.099  -42.190 0.4000000060
29616  45.488  -42.901  -42.353 0.4000000060
30440  28.535  -42.661  -39.006 0.6000000238
123747  27.663  -43.435  -39.469 0.5000000000
29587  27.196  -43.669  -39.625 0.4000000060
112651  43.325  -41.605  -42.038 0.4000000060
29608  42.274  -43.273  -41.798 0.5000000000
29592  40.464  -43.625  -41.189 0.5000000000
28672  39.767  -43.750  -40.601 0.6000000238
28652  38.740  -44.608  -39.787 0.6000000238
27711  38.170  -45.079  -39.316 0.6000000238
32330  46.137  -40.331  -42.737 0.4000000060
30460  29.112  -42.387  -38.752 0.6000000238
29571  27.867  -43.171  -39.110 0.5000000000
28627  25.548  -44.502  -38.339 0.5000000000
29618  43.081  -42.562  -41.885 0.4000000060
29619  42.251  -42.358  -42.286 0.5000000000
104521  41.399  -43.304  -41.652 0.5000000000
121413  39.186  -43.882  -40.144 0.5000000000
33247  47.118  -39.439  -43.010 0.4000000060
30438  29.418  -42.354  -37.699 0.6000000238
29550  28.265  -43.166  -36.870 0.5000000000
104311  27.059  -43.707  -38.030 0.5000000000
123661  41.922  -42.581  -42.089 0.5000000000
29609  40.446  -42.925  -41.475 0.4000000060
29594  38.885  -42.981  -41.780 0.4000000060
29581  38.534  -43.536  -40.051 0.4000000060
28653  37.910  -44.258  -39.452 0.6000000238
29583  37.217  -43.665  -39.087 0.4000000060
33256  46.401  -38.733  -43.031 0.4000000060
32331  44.840  -39.949  -42.555 0.4000000060
30420  29.815  -42.494  -36.494 0.6000000238
32332  43.895  -40.438  -41.984 0.4000000060
31313  30.567  -41.936  -35.328 0.5000000000
105217  28.960  -42.895  -36.635 0.5000000000
29537  27.699  -43.320  -36.674 0.5000000000
29552  26.224  -44.106  -37.672 0.4000000060
30421  28.315  -42.885  -36.139 0.4000000060
29620  41.741  -42.064  -42.859 0.5000000000
30497  40.976  -41.800  -42.350 0.5000000000
30485  40.261  -42.144  -41.525 0.6000000238
117170  38.694  -43.029  -41.061 0.4000000060
30474  38.608  -42.815  -41.480 0.4000000060
30468  37.532  -42.909  -39.869 0.4000000060
31366  38.800  -41.709  -42.404 0.5000000000
31314  29.746  -42.089  -35.332 0.5000000000
30410  29.340  -42.662  -35.861 0.6000000238
31304  29.270  -41.378  -34.892 0.4000000060
31361  38.094  -41.925  -41.335 0.5000000000
31365  39.136  -40.945  -42.441 0.5000000000
107593  39.473  -41.590  -42.031 0.5000000000
30487  38.745  -42.515  -42.078 0.5000000000
30488  38.491  -42.463  -41.710 0.5000000000
33249  44.663  -39.282  -42.633 0.4000000060
30476  37.614  -42.071  -40.413 0.5000000000
104940  38.596  -41.228  -42.337 0.5000000000
32337  38.856  -40.742  -42.510 0.5000000000
32278  29.665  -40.607  -34.472 0.4000000060
33231  36.266  -39.732  -40.142 0.4000000060
33237  36.715  -39.522  -40.750 0.4000000060
32316  36.748  -41.448  -39.470 0.5000000000
110662  37.157  -41.520  -40.076 0.5000000000
115348  37.488  -41.106  -40.860 0.5000000000
32328  38.130  -41.130  -41.798 0.5000000000
33244  38.038  -39.370  -41.663 0.5000000000
32322  37.592  -40.086  -41.404 0.4000000060
30470  30.389  -42.333  -39.741 0.6000000238
120227  31.683  -44.489  -41.687 0.6000000238
30458  30.938  -41.874  -39.506 0.6000000238
28635  37.295  -44.791  -38.892 0.6000000238
28654  37.310  -44.083  -39.112 0.4000000060
27735  30.752  -44.793  -42.761 0.5000000000
28690  31.251  -44.198  -41.781 0.5000000000
117553  30.879  -44.143  -41.654 0.5000000000
29613  29.390  -43.347  -40.581 0.4000000060
28694  28.537  -44.055  -40.647 0.4000000060
28688  42.687  -44.271  -41.803 0.6000000238
30480  29.344  -42.832  -39.702 0.6000000238
29599  28.758  -43.452  -39.861 0.4000000060
29617  44.317  -42.729  -42.046 0.4000000060
30459  30.065  -42.122  -38.883 0.6000000238
108865  29.389  -42.443  -39.504 0.6000000238
29586  28.335  -43.287  -39.616 0.5000000000
29600  26.498  -44.109  -40.015 0.5000000000
27724  26.059  -44.931  -40.430 0.5000000000
29588  25.810  -44.400  -39.370 0.5000000000
30439  28.621  -42.763  -37.844 0.5000000000
29572  26.720  -43.713  -38.983 0.5000000000
29551  27.798  -43.287  -37.747 0.5000000000
29610  39.363  -42.766  -41.683 0.5000000000
30496  41.996  -41.709  -43.543 0.5000000000
29595  38.234  -43.000  -40.453 0.3000000119
122548  37.152  -40.318  -40.781 0.4000000060
11272  30.109  -62.866  -40.753 0.3000000119
12203  30.788  -61.935  -41.141 0.3000000119
13128  31.463  -61.911  -40.815 0.3000000119
116351  32.326  -60.733  -41.712 0.3000000119
13141  31.302  -61.611  -41.528 0.3000000119
13140  32.209  -61.283  -41.125 0.3000000119
14096  32.581  -60.042  -42.110 0.3000000119
14996  33.135  -59.630  -41.360 0.3000000119
13126  34.704  -61.630  -41.211 0.3000000119
14068  33.024  -60.711  -40.815 0.3000000119
14981  33.572  -59.467  -40.850 0.3000000119
15857  33.556  -58.942  -41.277 0.3000000119
14066  34.367  -60.529  -40.705 0.3000000119
111155  36.319  -59.918  -41.809 0.3000000119
14979  34.908  -59.951  -40.864 0.3000000119
14980  34.116  -59.583  -40.685 0.4000000060
15839  33.920  -58.970  -40.799 0.4000000060
16673  34.681  -57.765  -41.841 0.4000000060
15869  34.195  -58.145  -42.210 0.3000000119
14993  37.761  -59.107  -42.286 0.3000000119
14995  35.855  -58.739  -41.185 0.4000000060
117686  36.245  -57.801  -40.954 0.4000000060
123467  34.902  -58.302  -41.369 0.4000000060
15868  38.565  -59.401  -42.485 0.3000000119
16672  35.277  -56.919  -41.838 0.4000000060
16656  39.777  -57.860  -40.543 0.4000000060
15852  38.982  -58.857  -42.121 0.4000000060
16688  34.857  -57.417  -42.629 0.4000000060
16687  35.550  -56.498  -42.427 0.3000000119
16669  38.770  -57.744  -41.946 0.4000000060
15854  36.983  -58.463  -41.256 0.3000000119
16670  37.003  -57.535  -40.884 0.4000000060
16668  39.371  -58.189  -41.472 0.4000000060
17509  36.186  -55.902  -41.303 0.5000000000
16671  36.023  -56.809  -41.125 0.4000000060
16655  40.146  -57.103  -40.855 0.4000000060
17510  35.742  -55.999  -41.744 0.4000000060
22259  39.942  -51.021  -44.921 0.3000000119
19381  38.145  -53.678  -43.338 0.3000000119
25842  33.305  -47.247  -43.888 0.4000000060
25843  33.038  -47.095  -43.876 0.4000000060
23195  38.303  -50.004  -41.202 0.4000000060
109397  38.993  -49.745  -41.711 0.4000000060
24086  38.355  -49.617  -42.269 0.4000000060
16686  39.254  -57.125  -41.890 0.4000000060
115607  37.812  -57.321  -41.368 0.3000000119
17507  38.148  -56.517  -41.425 0.5000000000
105207  39.502  -49.703  -42.713 0.4000000060
23215  40.192  -48.739  -44.413 0.4000000060
16667  39.847  -57.128  -41.398 0.4000000060
107176  40.337  -49.836  -44.618 0.4000000060
17508  36.999  -55.535  -41.392 0.4000000060
23204  40.873  -49.873  -43.115 0.5000000000
116195  36.760  -55.054  -41.853 0.5000000000
22250  40.307  -50.994  -44.214 0.4000000060
21355  39.383  -52.203  -45.179 0.4000000060
19372  37.802  -54.026  -42.447 0.3000000119
21344  39.715  -51.992  -44.478 0.4000000060
26807  32.459  -46.693  -43.354 0.4000000060
23184  37.681  -50.357  -40.614 0.4000000060
17506  40.466  -56.525  -41.261 0.4000000060
122128  39.650  -56.571  -41.985 0.4000000060
24085  39.739  -49.669  -41.710 0.4000000060
23205  40.437  -49.018  -43.723 0.5000000000
17527  40.256  -56.399  -41.794 0.4000000060
17528  38.908  -56.070  -41.944 0.4000000060
18402  40.804  -55.939  -41.518 0.4000000060
18401  41.437  -55.491  -41.397 0.4000000060
18417  40.360  -55.708  -41.950 0.4000000060
116563  39.878  -54.817  -42.133 0.5000000000
18403  38.868  -54.258  -41.780 0.5000000000
24084  40.662  -49.590  -41.718 0.4000000060
24100  41.247  -49.713  -42.452 0.5000000000
19346  42.647  -54.776  -40.871 0.4000000060
19370  39.055  -53.534  -42.052 0.5000000000
123868  41.177  -50.448  -43.106 0.4000000060
19371  38.348  -53.457  -42.322 0.4000000060
21333  40.141  -52.160  -42.923 0.4000000060
118220  39.915  -51.967  -43.489 0.4000000060
22242  40.649  -51.220  -43.344 0.4000000060
24073  40.019  -49.837  -40.803 0.4000000060
23182  40.645  -50.146  -40.317 0.3000000119
115450  40.881  -55.099  -41.783 0.4000000060
19368  41.220  -54.176  -42.025 0.4000000060
24083  41.664  -49.318  -41.839 0.4000000060
27723  27.094  -45.010  -40.417 0.4000000060
19334  43.499  -54.223  -40.230 0.4000000060
19357  42.493  -54.650  -41.528 0.4000000060
20394  40.263  -52.938  -42.401 0.5000000000
24082  42.769  -48.690  -42.391 0.5000000000
24099  42.204  -49.298  -42.550 0.4000000060
19345  43.299  -54.135  -41.108 0.4000000060
115327  42.369  -50.491  -43.296 0.4000000060
105135  40.297  -50.516  -38.869 0.4000000060
24072  41.053  -49.684  -41.070 0.3000000119
20384  42.298  -54.209  -42.000 0.4000000060
24071  42.069  -49.270  -41.331 0.3000000119
20382  43.938  -53.258  -41.455 0.4000000060
20391  43.648  -52.628  -42.240 0.4000000060
20392  42.683  -53.040  -42.391 0.4000000060
20393  41.578  -53.159  -42.302 0.5000000000
20381  44.795  -52.961  -41.194 0.4000000060
21321  44.551  -52.227  -42.171 0.4000000060
21330  43.372  -51.858  -43.244 0.4000000060
104089  42.598  -51.301  -43.245 0.4000000060
23202  42.617  -49.260  -43.737 0.4000000060
23141  39.754  -50.207  -38.229 0.4000000060
21329  44.355  -51.798  -43.212 0.4000000060
14146  35.224  -60.699  -46.691 0.3000000119
13139  36.095  -61.718  -42.137 0.3000000119
14094  37.200  -60.378  -42.247 0.3000000119
15867  39.069  -59.738  -42.332 0.4000000060
18396  40.982  -55.964  -40.382 0.4000000060
17494  40.963  -55.977  -41.071 0.4000000060
18385  41.789  -55.552  -40.018 0.4000000060
23181  41.440  -49.880  -40.372 0.3000000119
20372  44.940  -53.352  -40.250 0.4000000060
23140  41.198  -50.145  -38.854 0.4000000060
23180  42.412  -49.592  -40.461 0.4000000060
24070  43.352  -49.086  -41.714 0.4000000060
21310  45.471  -52.736  -40.707 0.4000000060
21328  44.944  -51.125  -43.259 0.4000000060
22238  45.454  -50.386  -44.226 0.4000000060
24097  44.218  -48.309  -43.835 0.3000000119
21320  45.265  -51.833  -41.853 0.4000000060
23214  40.535  -48.878  -44.320 0.4000000060
24033  41.134  -49.229  -37.647 0.4000000060
13142  30.497  -61.840  -41.863 0.3000000119
119185  32.171  -60.689  -42.419 0.3000000119
13211  34.355  -61.172  -47.287 0.3000000119
14129  35.220  -60.862  -46.048 0.3000000119
14078  33.239  -60.022  -40.952 0.3000000119
14065  35.275  -60.968  -41.164 0.3000000119
14067  33.632  -60.169  -40.696 0.4000000060
15856  34.095  -58.397  -41.376 0.4000000060
121091  35.460  -59.518  -41.172 0.3000000119
14994  37.037  -59.448  -41.948 0.3000000119
15838  34.637  -59.022  -40.955 0.4000000060
15855  35.413  -57.638  -41.348 0.4000000060
15009  38.816  -60.337  -42.519 0.3000000119
16646  40.073  -57.205  -40.153 0.4000000060
123838  38.037  -55.423  -41.371 0.4000000060
19359  38.194  -54.130  -41.778 0.5000000000
20396  38.789  -52.794  -42.533 0.3000000119
18405  37.618  -54.736  -41.669 0.5000000000
18384  42.189  -55.279  -40.653 0.4000000060
21331  42.128  -52.197  -42.851 0.4000000060
23213  43.660  -49.027  -44.234 0.4000000060
24912  43.456  -48.741  -38.261 0.4000000060
25795  42.684  -48.203  -38.207 0.4000000060
26765  45.097  -46.736  -38.810 0.4000000060
26783  44.440  -46.288  -39.442 0.3000000119
125037  43.171  -47.536  -38.696 0.5000000000
24913  42.361  -48.726  -38.057 0.4000000060
24914  41.555  -48.693  -37.441 0.4000000060
25775  46.908  -48.251  -34.620 0.3000000119
119349  47.448  -48.700  -34.958 0.3000000119
109103  49.169  -44.988  -38.481 0.3000000119
27702  49.111  -45.704  -39.683 0.3000000119
28664  48.812  -44.645  -40.513 0.3000000119
28666  46.492  -45.111  -41.478 0.3000000119
26741  48.420  -46.623  -35.921 0.3000000119
27678  48.869  -45.883  -36.875 0.3000000119
28615  48.847  -45.565  -37.666 0.3000000119
24884  46.328  -48.698  -34.575 0.3000000119
25782  46.819  -47.356  -34.609 0.3000000119
28663  49.572  -44.223  -40.006 0.3000000119
29601  48.564  -43.370  -40.553 0.3000000119
27672  48.602  -45.988  -36.234 0.3000000119
28632  48.801  -44.289  -38.508 0.3000000119
28646  49.614  -43.863  -39.373 0.3000000119
27674  46.426  -45.801  -36.609 0.3000000119
27680  47.025  -45.263  -37.099 0.3000000119
29563  47.631  -43.472  -38.685 0.3000000119
27689  46.178  -44.875  -37.870 0.3000000119
114442  46.480  -44.189  -38.343 0.3000000119
26743  46.592  -46.237  -35.835 0.3000000119
30449  49.172  -43.297  -39.428 0.3000000119
30473  47.643  -42.189  -40.713 0.3000000119
31368  47.295  -40.978  -42.159 0.3000000119
28618  45.260  -44.837  -37.627 0.3000000119
29579  48.434  -42.816  -39.264 0.3000000119
31351  47.294  -41.702  -40.639 0.3000000119
29564  45.965  -43.631  -38.858 0.3000000119
29580  46.525  -43.003  -39.152 0.3000000119
30465  47.637  -42.266  -39.747 0.3000000119
31352  46.747  -41.716  -40.173 0.3000000119
32329  47.476  -40.086  -42.428 0.3000000119
116701  47.332  -41.187  -41.363 0.3000000119
32324  48.218  -39.384  -42.092 0.3000000119
33255  47.637  -38.584  -43.058 0.3000000119
34042  45.327  -38.859  -42.898 0.3000000119
34789  46.515  -37.312  -42.860 0.3000000119
34049  45.732  -38.132  -42.885 0.3000000119
118749  44.916  -38.007  -42.840 0.3000000119
26782  45.480  -46.388  -39.537 0.3000000119
26766  44.065  -46.985  -39.077 0.4000000060
28665  47.542  -44.895  -41.153 0.3000000119
30481  47.776  -42.617  -40.964 0.3000000119
25793  44.147  -48.214  -38.354 0.5000000000
26732  47.555  -47.023  -35.203 0.3000000119
28631  49.605  -44.153  -39.067 0.3000000119
27701  49.480  -45.098  -39.168 0.3000000119
27703  47.850  -45.898  -40.172 0.3000000119
27717  47.210  -45.549  -41.045 0.3000000119
27679  48.275  -45.460  -37.096 0.3000000119
27673  47.526  -45.791  -36.336 0.3000000119
30472  48.689  -42.826  -40.244 0.3000000119
28617  47.576  -44.754  -38.025 0.3000000119
30450  45.389  -42.772  -39.079 0.3000000119
103691  45.383  -42.010  -39.525 0.3000000119
30464  48.467  -42.546  -39.838 0.3000000119
28633  45.294  -44.222  -38.209 0.3000000119
31360  46.693  -41.006  -40.571 0.3000000119
23193  44.686  -48.633  -42.491 0.4000000060
23158  46.509  -50.351  -39.751 0.4000000060
23159  45.443  -49.914  -40.157 0.4000000060
106523  43.410  -49.574  -40.490 0.3000000119
23136  45.886  -49.850  -39.193 0.4000000060
23135  46.564  -50.221  -38.910 0.3000000119
23160  44.054  -49.709  -39.818 0.4000000060
24048  44.896  -49.769  -38.522 0.4000000060
116396  46.229  -49.486  -37.837 0.3000000119
23138  43.305  -49.914  -38.959 0.3000000119
23137  44.533  -50.150  -39.003 0.4000000060
24029  45.210  -49.375  -38.024 0.4000000060
24031  43.029  -49.238  -38.402 0.3000000119
24049  43.764  -49.697  -38.706 0.4000000060
24928  45.158  -48.296  -38.000 0.4000000060
23161  42.821  -49.787  -39.581 0.3000000119
24050  42.624  -49.623  -38.614 0.3000000119
24051  41.577  -49.630  -38.369 0.3000000119
23139  42.208  -50.015  -38.894 0.3000000119
24911  44.596  -48.947  -37.995 0.4000000060
118993  44.581  -49.613  -41.263 0.4000000060
116179  39.220  -59.455  -41.574 0.3000000119
22235  45.648  -50.508  -42.972 0.3000000119
113109  37.741  -60.274  -39.913 0.3000000119
122514  38.417  -60.136  -40.816 0.3000000119
14962  39.085  -59.393  -40.866 0.3000000119
15837  39.443  -58.793  -40.666 0.3000000119
23192  45.578  -49.453  -42.581 0.3000000119
22234  45.598  -51.333  -41.665 0.3000000119
15812  37.567  -58.656  -39.052 0.3000000119
15824  39.212  -58.618  -39.791 0.3000000119
15811  38.462  -58.197  -39.132 0.3000000119
16647  39.669  -57.716  -39.635 0.3000000119
18386  40.866  -55.828  -39.664 0.3000000119
23191  45.532  -50.632  -41.623 0.3000000119
16634  37.150  -57.107  -38.809 0.3000000119
16632  38.755  -57.459  -38.844 0.3000000119
17475  37.972  -56.838  -38.783 0.3000000119
16631  39.337  -57.178  -39.050 0.3000000119
17484  40.360  -56.532  -39.853 0.3000000119
18376  37.918  -56.002  -38.534 0.3000000119
17474  38.791  -56.642  -38.637 0.3000000119
17485  39.800  -56.615  -39.320 0.3000000119
17473  39.413  -56.296  -38.829 0.3000000119
19336  42.078  -54.988  -39.491 0.3000000119
19319  43.469  -54.069  -39.565 0.3000000119
121784  44.365  -53.729  -39.889 0.3000000119
19337  41.356  -55.259  -39.248 0.3000000119
18373  40.461  -55.370  -38.957 0.3000000119
19320  42.645  -54.269  -39.258 0.3000000119
22227  46.062  -51.470  -40.805 0.3000000119
20356  38.899  -54.332  -38.174 0.3000000119
19300  38.101  -54.253  -37.890 0.3000000119
106309  39.118  -55.005  -38.377 0.3000000119
18374  39.633  -55.499  -38.688 0.3000000119
19321  41.738  -54.590  -38.935 0.3000000119
20366  44.394  -53.503  -39.307 0.3000000119
20371  45.747  -53.299  -39.870 0.3000000119
121953  46.839  -52.057  -40.575 0.3000000119
23177  47.112  -51.042  -40.108 0.3000000119
24096  45.093  -48.860  -44.007 0.3000000119
20355  40.396  -54.022  -38.080 0.3000000119
20354  41.350  -54.045  -38.328 0.3000000119
20352  43.673  -53.547  -39.045 0.3000000119
20364  45.890  -53.632  -39.095 0.3000000119
105270  39.546  -58.443  -39.945 0.3000000119
14964  38.134  -59.546  -40.175 0.3000000119
14963  38.919  -59.123  -40.413 0.3000000119
12191  30.839  -62.580  -40.637 0.3000000119
13156  31.798  -61.129  -42.016 0.3000000119
14077  35.763  -60.404  -41.540 0.3000000119
14079  32.786  -60.398  -41.273 0.3000000119
14091  39.152  -60.509  -42.156 0.3000000119
15010  38.008  -59.955  -42.542 0.3000000119
15823  39.328  -58.800  -40.326 0.3000000119
15825  38.329  -58.926  -39.718 0.3000000119
15853  38.086  -58.340  -41.976 0.4000000060
16633  37.996  -57.521  -38.829 0.3000000119
16648  39.248  -58.016  -39.314 0.3000000119
17476  37.034  -56.340  -38.643 0.3000000119
17495  40.509  -56.578  -40.637 0.4000000060
18375  38.769  -55.652  -38.414 0.3000000119
18387  40.064  -56.005  -39.267 0.3000000119
18395  41.586  -55.578  -40.848 0.4000000060
18404  38.504  -54.871  -41.585 0.5000000000
18406  35.987  -55.243  -41.738 0.4000000060
18418  39.543  -55.593  -42.010 0.4000000060
18420  36.234  -55.035  -42.164 0.5000000000
18432  37.937  -54.483  -43.730 0.3000000119
19322  40.910  -54.762  -38.534 0.3000000119
19323  39.828  -54.681  -38.407 0.3000000119
19324  38.509  -54.889  -38.095 0.3000000119
19325  37.742  -55.075  -37.998 0.3000000119
19335  42.633  -54.848  -40.011 0.3000000119
19347  42.075  -55.241  -41.356 0.4000000060
19358  41.947  -55.114  -41.808 0.4000000060
19369  40.096  -54.036  -42.257 0.5000000000
20365  45.131  -53.505  -39.465 0.3000000119
20373  44.188  -53.709  -40.679 0.4000000060
20383  43.095  -53.781  -41.808 0.4000000060
20395  39.419  -52.495  -42.719 0.4000000060
21303  46.408  -52.964  -39.610 0.3000000119
21309  46.338  -52.586  -40.351 0.4000000060
21319  45.875  -52.041  -40.929 0.4000000060
21332  41.021  -52.223  -42.904 0.4000000060
22226  47.105  -51.605  -40.409 0.3000000119
22239  44.615  -51.093  -44.142 0.4000000060
22240  43.492  -50.441  -43.978 0.4000000060
22241  41.620  -51.206  -43.116 0.4000000060
22248  44.584  -50.046  -44.495 0.4000000060
22249  40.925  -49.949  -43.964 0.4000000060
23142  38.505  -50.300  -38.829 0.6999999881
23143  37.655  -50.048  -38.790 0.6999999881
23144  36.779  -50.007  -38.745 0.6999999881
23145  35.893  -49.943  -38.887 0.6000000238
23146  34.976  -49.962  -38.969 0.5000000000
23148  33.217  -49.847  -39.093 0.6000000238
23157  46.931  -50.829  -39.476 0.3000000119
23162  41.805  -50.049  -39.549 0.3000000119
23163  40.877  -50.332  -39.590 0.3000000119
23170  33.838  -50.124  -39.664 0.6000000238
23178  46.186  -50.755  -40.543 0.4000000060
23179  45.424  -50.132  -41.264 0.3000000119
23186  35.839  -50.211  -41.000 0.4000000060
23201  45.605  -49.469  -43.785 0.3000000119
23203  41.427  -49.782  -43.762 0.4000000060
23212  45.194  -49.571  -44.326 0.3000000119
23220  40.161  -49.034  -45.018 0.5000000000
24030  44.170  -49.309  -38.373 0.4000000060
24032  41.993  -49.170  -38.044 0.3000000119
24035  38.671  -49.568  -37.504 0.6999999881
24047  46.027  -49.759  -38.331 0.4000000060
24052  40.552  -49.822  -38.120 0.4000000060
24066  32.612  -49.364  -39.193 0.6999999881
24074  34.942  -50.145  -41.315 0.4000000060
24075  34.176  -49.678  -40.951 0.6000000238
24080  44.995  -48.558  -43.368 0.3000000119
24081  43.869  -47.965  -42.943 0.3000000119
24098  43.176  -48.342  -43.400 0.4000000060
24101  40.392  -49.696  -42.615 0.4000000060
24104  36.966  -48.856  -43.464 0.4000000060
24113  39.177  -48.805  -44.554 0.6000000238
24117  39.562  -48.954  -45.258 0.6000000238
24124  36.890  -48.847  -45.603 0.5000000000
24883  46.931  -48.968  -34.816 0.3000000119
24910  45.589  -49.062  -37.784 0.3000000119
24918  37.360  -48.597  -37.430 0.6999999881
24919  36.405  -48.582  -37.509 0.6000000238
24922  33.832  -48.238  -37.817 0.6999999881
24943  32.448  -48.244  -40.591 0.6000000238
24950  34.246  -48.376  -42.319 0.5000000000
24957  35.293  -48.029  -43.479 0.4000000060
24963  38.248  -48.328  -44.645 0.5000000000
24968  32.918  -47.473  -43.949 0.4000000060
24970  37.743  -48.146  -44.780 0.5000000000
24971  36.882  -48.299  -44.721 0.5000000000
24973  34.506  -47.671  -44.268 0.4000000060
24978  35.316  -48.249  -44.655 0.5000000000
25776  46.121  -47.851  -34.387 0.3000000119
25781  47.479  -47.829  -34.906 0.3000000119
25794  43.284  -47.973  -38.464 0.5000000000
25797  41.107  -48.025  -37.163 0.5000000000
25802  35.169  -47.722  -37.809 0.6000000238
25811  44.667  -47.451  -38.441 0.4000000060
25812  43.733  -47.566  -38.739 0.4000000060
25814  41.787  -47.009  -38.132 0.5000000000
25815  32.955  -47.977  -38.018 0.6999999881
25816  32.010  -47.720  -38.191 0.6999999881
25817  31.246  -47.214  -38.434 0.6000000238
25838  33.576  -47.072  -42.981 0.4000000060
26731  47.961  -47.416  -35.474 0.3000000119
26733  46.765  -46.670  -34.961 0.3000000119
26742  47.691  -46.395  -35.704 0.3000000119
26753  39.352  -46.939  -37.548 0.6000000238
26758  32.038  -46.353  -37.612 0.6000000238
26767  43.172  -47.052  -38.969 0.5000000000
26768  42.400  -46.662  -38.717 0.5000000000
26773  37.116  -45.922  -38.413 0.6999999881
26774  36.335  -46.051  -38.628 0.6999999881
26775  30.985  -46.363  -38.619 0.6000000238
26784  43.520  -46.337  -39.370 0.6000000238
26786  31.216  -46.234  -39.777 0.6000000238
26797  33.088  -46.610  -42.757 0.5000000000
27681  45.792  -45.385  -37.177 0.3000000119
27705  44.764  -45.888  -40.172 0.3000000119
27715  49.478  -44.976  -39.967 0.3000000119
27716  48.438  -45.346  -40.502 0.3000000119
27733  28.047  -44.909  -40.594 0.4000000060
28616  48.586  -45.116  -38.026 0.3000000119
28626  32.178  -44.252  -38.038 0.6000000238
28637  36.465  -44.684  -38.193 0.5000000000
28647  49.659  -44.286  -39.531 0.3000000119
28648  42.587  -45.010  -40.302 0.6000000238
28662  49.765  -44.056  -39.830 0.3000000119
28667  45.442  -45.062  -41.462 0.4000000060
28671  40.523  -44.250  -40.692 0.5000000000
28673  39.052  -43.357  -40.823 0.5000000000
28682  49.072  -43.986  -40.357 0.3000000119
28683  48.145  -44.076  -40.839 0.3000000119
28684  46.549  -44.306  -41.571 0.4000000060
28693  29.207  -43.652  -41.032 0.4000000060
28695  31.538  -44.383  -42.153 0.5000000000
28696  31.153  -44.229  -42.255 0.5000000000
28697  30.608  -44.181  -41.765 0.5000000000
29561  49.494  -43.699  -39.320 0.3000000119
29562  48.887  -43.394  -38.878 0.3000000119
29578  49.467  -43.650  -39.471 0.3000000119
29582  37.698  -43.495  -39.607 0.4000000060
29590  49.412  -43.565  -40.003 0.3000000119
29593  39.595  -43.154  -41.218 0.5000000000
29597  30.482  -43.209  -40.252 0.6000000238
29598  29.205  -43.257  -39.978 0.4000000060
29602  47.578  -43.291  -41.219 0.4000000060
29612  29.780  -43.286  -40.658 0.5000000000
30409  30.228  -42.376  -35.806 0.5000000000
30466  46.415  -42.260  -39.615 0.3000000119
30471  30.071  -42.285  -39.682 0.6000000238
30475  38.205  -42.540  -40.853 0.5000000000
30478  30.185  -42.785  -40.151 0.5000000000
30479  29.698  -42.734  -39.889 0.6000000238
30484  41.361  -42.439  -41.940 0.5000000000
30486  39.050  -42.490  -42.192 0.5000000000
30489  30.048  -42.997  -40.418 0.5000000000
30491  29.570  -43.034  -40.144 0.6000000238
30493  45.991  -42.283  -42.552 0.4000000060
30494  44.967  -42.024  -42.372 0.4000000060
31362  30.172  -42.598  -39.845 0.6000000238
31363  47.585  -40.303  -41.888 0.3000000119
31367  38.516  -41.942  -42.092 0.5000000000
31369  46.771  -41.125  -42.479 0.4000000060
31374  41.601  -41.360  -43.422 0.5000000000
32295  33.554  -40.453  -36.621 0.6999999881
32323  36.805  -40.596  -40.191 0.5000000000
32326  39.237  -40.170  -42.301 0.5000000000
33190  30.829  -39.950  -34.573 0.5000000000
33248  45.692  -39.439  -42.850 0.4000000060
33978  30.942  -38.272  -34.798 0.4000000060
34043  44.692  -38.648  -42.755 0.3000000119
34048  46.904  -37.909  -42.970 0.3000000119
34752  33.897  -37.714  -38.506 0.5000000000
34785  45.792  -37.358  -42.721 0.3000000119
104666  39.816  -57.083  -39.576 0.3000000119
105204  44.969  -40.620  -42.500 0.4000000060
105444  25.958  -44.518  -40.227 0.5000000000
106232  39.309  -52.985  -42.320 0.4000000060
106360  40.409  -49.325  -37.365 0.6000000238
107591  38.637  -48.843  -45.542 0.6000000238
108318  37.176  -50.372  -40.007 0.6999999881
108903  47.346  -41.626  -41.652 0.3000000119
109011  28.278  -43.995  -40.099 0.4000000060
109168  33.031  -45.153  -37.409 0.5000000000
109570  46.748  -45.992  -40.685 0.3000000119
109598  37.666  -47.086  -37.415 0.6999999881
112108  40.360  -41.364  -41.654 0.6000000238
112110  29.643  -42.558  -39.723 0.6000000238
112339  35.158  -47.894  -44.350 0.4000000060
113355  49.183  -43.220  -39.702 0.3000000119
113824  43.863  -39.830  -42.039 0.4000000060
113834  34.587  -45.131  -37.493 0.5000000000
114175  37.863  -48.671  -45.719 0.5000000000
115744  36.954  -56.533  -40.978 0.5000000000
116141  35.457  -46.451  -38.001 0.5000000000
116266  31.409  -41.075  -35.228 0.6000000238
117233  42.063  -53.907  -38.789 0.3000000119
117242  39.885  -50.035  -44.953 0.4000000060
117255  33.677  -58.601  -41.872 0.4000000060
119273  35.894  -61.209  -41.996 0.3000000119
120276  44.529  -49.110  -44.294 0.4000000060
120442  31.126  -47.628  -38.947 0.6999999881
123032  28.945  -42.765  -39.522 0.5000000000
123052  38.202  -48.212  -44.952 0.5000000000
123463  43.914  -53.871  -39.667 0.4000000060
123801  40.384  -48.139  -37.096 0.6000000238
125119  47.449  -42.633  -39.259 0.3000000119
