#!ascii label  , from subject 001 vox2ras=TkReg
1470
28553  25.300  -44.899  -28.450 0.8999999762
112756  25.148  -46.016  -28.959 0.8000000119
27617  26.060  -44.688  -29.967 0.8000000119
27629  25.315  -44.895  -30.854 0.6999999881
28571  25.025  -44.544  -31.738 0.8000000119
116272  24.340  -45.494  -28.206 0.8999999762
27597  26.116  -44.444  -29.333 1.0000000000
28562  26.506  -44.293  -30.008 1.0000000000
28563  26.014  -44.530  -30.520 0.8999999762
28579  25.376  -44.043  -32.207 0.8000000119
29506  25.741  -43.462  -32.084 0.8999999762
28580  24.922  -44.276  -32.703 0.8000000119
29514  24.590  -43.425  -33.349 0.6999999881
113154  24.484  -44.068  -33.377 0.6999999881
28543  23.831  -44.586  -27.978 0.8000000119
28542  24.616  -44.436  -28.147 0.8999999762
29472  24.768  -43.532  -28.193 0.8999999762
29473  23.882  -43.730  -28.111 0.8999999762
29475  21.712  -43.728  -28.359 0.8999999762
28551  26.384  -43.945  -29.254 0.8999999762
29492  26.796  -43.440  -30.139 1.0000000000
29498  26.337  -43.373  -31.383 0.8999999762
30387  26.142  -42.109  -31.934 1.0000000000
30378  26.127  -42.821  -31.854 0.8999999762
30388  25.483  -42.588  -32.645 0.8999999762
29507  25.148  -43.534  -32.817 0.8000000119
29515  23.939  -43.432  -33.687 0.6999999881
30359  25.832  -42.540  -28.422 0.8999999762
30360  25.050  -42.686  -28.274 0.8999999762
116080  23.092  -43.022  -28.255 0.8999999762
113805  22.204  -43.043  -28.437 0.8999999762
29476  20.777  -43.525  -28.755 0.8999999762
29484  25.548  -43.365  -28.342 0.8999999762
29483  26.172  -43.223  -28.687 0.8999999762
30369  26.816  -42.653  -30.584 1.0000000000
30395  24.881  -42.364  -33.331 0.8000000119
30396  24.260  -42.682  -33.678 0.8000000119
30397  23.313  -42.778  -33.960 0.8000000119
31295  22.673  -41.913  -34.338 0.8000000119
114679  21.833  -41.402  -34.305 0.8000000119
30349  23.040  -42.126  -28.401 0.8999999762
111510  21.272  -42.678  -28.782 0.8999999762
30352  20.474  -42.669  -28.976 0.8999999762
116445  25.292  -41.893  -28.343 0.8999999762
118417  21.398  -41.686  -28.900 0.8999999762
30351  20.783  -41.759  -29.032 0.8000000119
30361  19.853  -42.767  -29.109 0.8000000119
30358  26.348  -42.389  -28.863 0.8999999762
31262  20.599  -41.097  -29.390 0.6999999881
111052  20.219  -41.909  -29.100 0.6999999881
30363  18.752  -42.520  -29.395 0.6999999881
31251  26.958  -41.672  -29.712 0.8999999762
31264  18.974  -41.489  -29.377 0.6999999881
125413  18.421  -41.946  -29.470 0.6999999881
31270  27.099  -41.608  -30.298 1.0000000000
32209  18.515  -40.584  -29.580 0.6000000238
30368  26.935  -42.171  -30.371 1.0000000000
31280  26.862  -41.040  -31.314 1.0000000000
114412  26.562  -41.750  -31.439 1.0000000000
31289  25.725  -41.734  -32.563 1.0000000000
31293  25.212  -41.771  -33.181 0.8999999762
31288  26.234  -41.193  -32.077 1.0000000000
116987  25.586  -41.063  -32.916 0.8999999762
117014  24.913  -41.058  -33.580 0.8000000119
31294  24.520  -41.816  -33.757 0.8000000119
120246  23.673  -41.899  -34.245 0.8000000119
112968  23.081  -41.094  -34.225 0.8000000119
110035  22.277  -41.002  -34.179 0.8000000119
32263  21.502  -40.466  -34.068 0.8000000119
32262  22.412  -40.262  -33.926 0.8000000119
32264  20.624  -39.778  -33.799 0.8000000119
116593  24.563  -42.051  -28.319 0.8999999762
122371  22.468  -42.472  -28.479 0.8999999762
31252  24.542  -41.235  -28.307 0.8999999762
116088  23.636  -40.931  -28.332 0.8999999762
115126  22.183  -41.775  -28.661 0.8999999762
31261  21.129  -40.947  -29.354 0.8999999762
31259  26.093  -41.640  -28.564 0.8999999762
31263  19.927  -41.263  -29.309 0.6999999881
124385  26.895  -41.359  -29.468 0.8999999762
32207  20.282  -40.488  -29.559 0.6000000238
32208  19.425  -40.568  -29.413 0.6000000238
32202  27.221  -40.844  -29.933 1.0000000000
116237  18.167  -39.857  -29.828 0.5000000000
32229  27.280  -40.177  -31.221 1.0000000000
33122  17.405  -39.507  -30.000 0.5000000000
33141  26.990  -39.568  -31.555 1.0000000000
32230  26.669  -40.341  -31.800 1.0000000000
33158  26.283  -39.677  -32.111 1.0000000000
32247  25.937  -40.368  -32.502 1.0000000000
32248  25.283  -40.332  -33.268 0.8999999762
115919  24.075  -41.094  -34.138 0.8000000119
33170  24.811  -39.642  -33.377 0.8999999762
33171  23.906  -39.654  -33.791 0.8000000119
110672  23.521  -40.365  -34.070 0.8000000119
113100  23.227  -38.999  -33.681 0.8000000119
33968  23.515  -38.201  -33.380 0.8999999762
33173  22.280  -39.360  -33.587 0.8000000119
33174  20.722  -39.279  -33.303 0.8000000119
33970  20.960  -38.160  -32.873 0.8000000119
104075  20.374  -38.715  -33.080 0.8000000119
31255  21.759  -40.913  -28.924 0.8999999762
31260  25.407  -41.195  -28.382 0.8999999762
32205  25.026  -40.504  -28.394 0.8999999762
32198  21.579  -40.229  -29.494 0.6999999881
32206  20.998  -40.373  -29.683 0.8000000119
114893  26.547  -40.139  -29.223 0.8999999762
110595  25.595  -39.864  -28.618 0.8999999762
33120  20.591  -39.627  -29.625 0.6999999881
33121  19.729  -39.827  -29.523 0.6000000238
33909  20.371  -38.774  -29.461 0.6999999881
112780  19.177  -39.223  -29.500 0.6000000238
109900  18.294  -39.135  -29.714 0.5000000000
33130  27.513  -39.187  -31.099 1.0000000000
117506  18.114  -38.398  -29.389 0.5000000000
112371  17.517  -38.648  -29.749 0.5000000000
33957  26.517  -39.089  -31.779 1.0000000000
33958  25.705  -38.914  -32.213 1.0000000000
33966  25.069  -39.047  -32.873 0.8999999762
33940  26.330  -38.390  -31.732 1.0000000000
112595  25.598  -38.135  -32.015 0.8999999762
33959  24.964  -38.270  -32.704 0.8999999762
33967  24.246  -38.848  -33.316 0.8999999762
34703  23.855  -37.629  -33.132 0.8999999762
34704  23.116  -37.483  -33.162 0.8999999762
33969  22.294  -38.264  -33.247 0.8999999762
34696  24.490  -37.504  -32.801 0.8999999762
121737  21.413  -37.569  -32.913 0.8999999762
35516  22.870  -36.683  -32.948 0.8999999762
32195  24.059  -40.372  -28.349 0.8999999762
32196  23.130  -40.283  -28.507 0.8999999762
33108  22.686  -39.565  -28.850 0.8999999762
33107  23.582  -39.626  -28.507 0.8999999762
33897  22.363  -38.989  -29.174 1.0000000000
33119  21.435  -39.647  -29.697 0.8000000119
33118  25.181  -39.036  -28.627 0.8999999762
108389  27.345  -39.844  -29.970 0.8999999762
123851  26.742  -39.584  -29.490 0.8999999762
33908  21.139  -38.937  -29.622 0.6999999881
34653  20.073  -38.066  -29.247 0.6999999881
34654  19.300  -37.958  -28.982 0.5000000000
32217  27.484  -40.014  -30.729 1.0000000000
34655  18.418  -37.703  -29.039 0.5000000000
115925  17.629  -37.891  -29.431 0.5000000000
34683  26.998  -37.763  -31.445 1.0000000000
35491  27.343  -36.860  -31.379 1.0000000000
34684  25.996  -37.581  -31.730 1.0000000000
35492  26.463  -36.876  -31.593 1.0000000000
103332  26.888  -36.116  -31.580 1.0000000000
35493  25.540  -36.769  -31.831 0.8999999762
35504  24.730  -36.743  -32.346 0.8999999762
113200  24.128  -36.070  -32.529 0.8999999762
37246  22.409  -34.321  -36.337 0.6999999881
37232  21.954  -33.679  -36.241 0.8000000119
36381  20.745  -34.937  -35.625 0.8000000119
37233  20.883  -33.931  -35.631 0.8000000119
33907  24.754  -38.220  -28.446 1.0000000000
33895  24.126  -38.944  -28.533 1.0000000000
106822  23.662  -38.167  -28.461 1.0000000000
34637  22.613  -38.140  -28.618 0.6999999881
121044  22.013  -38.500  -29.113 0.6999999881
110666  27.018  -39.152  -29.691 0.8999999762
122786  26.672  -38.607  -29.278 0.8999999762
33898  20.803  -38.158  -29.438 0.6999999881
122940  27.787  -38.484  -30.937 1.0000000000
33116  27.686  -39.062  -30.507 0.8999999762
110259  27.514  -38.458  -29.762 0.8999999762
124687  17.956  -36.486  -29.138 0.4000000060
33921  27.590  -38.265  -31.180 1.0000000000
36339  26.561  -35.431  -31.891 1.0000000000
36346  25.834  -35.297  -32.121 1.0000000000
37210  20.357  -34.310  -34.091 0.8999999762
37231  23.893  -33.947  -35.659 0.6000000238
38030  22.944  -33.697  -36.184 0.6000000238
38015  22.609  -32.956  -35.847 0.8000000119
38016  21.686  -33.051  -35.564 0.8000000119
37234  20.221  -34.706  -35.033 0.8999999762
121865  20.195  -34.924  -34.347 0.8999999762
34650  26.986  -37.917  -29.229 0.8999999762
33906  25.947  -38.267  -28.666 0.8999999762
111186  22.408  -37.113  -28.728 0.8000000119
34638  21.846  -37.784  -28.884 0.6999999881
34640  20.458  -37.432  -29.144 0.6999999881
111297  19.925  -36.694  -28.808 0.6000000238
36302  18.264  -36.054  -29.054 0.4000000060
34648  28.106  -37.391  -30.720 1.0000000000
33905  28.015  -38.202  -30.502 0.8999999762
35473  27.938  -36.758  -31.119 1.0000000000
35490  27.634  -36.058  -31.349 1.0000000000
36338  27.292  -35.414  -31.663 1.0000000000
113291  26.362  -34.863  -32.185 1.0000000000
37199  21.269  -34.217  -33.606 0.8999999762
37200  20.706  -33.857  -33.843 0.8999999762
38000  20.800  -33.224  -33.997 0.8999999762
113915  20.411  -34.001  -34.100 0.8999999762
38012  25.130  -32.907  -35.194 0.6000000238
109741  24.731  -33.782  -35.432 0.6000000238
38014  23.533  -32.941  -35.647 0.6000000238
115472  22.300  -32.240  -35.356 0.8000000119
106815  20.420  -33.936  -34.604 0.8999999762
34652  25.288  -37.452  -28.586 0.8999999762
110008  23.308  -37.277  -28.566 0.6999999881
35457  24.778  -36.801  -28.704 0.8999999762
34636  24.285  -37.400  -28.503 0.8999999762
115152  21.647  -36.899  -28.935 0.6000000238
111128  27.322  -37.037  -29.299 1.0000000000
34651  26.299  -37.362  -28.829 1.0000000000
36287  21.509  -35.999  -28.663 0.6000000238
35443  20.882  -36.741  -28.927 0.6000000238
36289  19.602  -35.783  -28.487 0.5000000000
113818  28.178  -36.610  -30.782 1.0000000000
34649  27.935  -37.690  -29.823 1.0000000000
35455  28.356  -36.098  -30.511 1.0000000000
111663  26.984  -34.791  -32.039 1.0000000000
37974  26.726  -33.412  -32.291 1.0000000000
37983  25.829  -33.720  -32.432 1.0000000000
37195  25.272  -34.281  -32.493 1.0000000000
37984  24.867  -33.687  -32.572 1.0000000000
37196  24.536  -34.448  -32.638 1.0000000000
107830  23.777  -33.723  -32.856 1.0000000000
38748  23.341  -32.760  -32.950 0.8999999762
37197  23.625  -34.695  -32.813 0.8999999762
37986  21.787  -33.284  -33.213 0.8999999762
37992  20.855  -33.525  -33.831 0.8999999762
38768  20.999  -32.419  -34.130 0.8999999762
38767  26.251  -32.202  -34.833 0.6000000238
38783  25.447  -32.180  -34.884 0.6000000238
38784  24.826  -32.152  -34.999 0.6000000238
38013  24.417  -32.910  -35.380 0.6000000238
35456  25.665  -36.641  -28.761 0.8999999762
119792  24.001  -36.587  -28.588 0.6999999881
35442  22.181  -36.366  -28.806 0.6000000238
107708  27.854  -36.142  -29.519 0.8999999762
36288  20.522  -35.969  -28.469 0.5000000000
112946  28.234  -36.869  -30.078 1.0000000000
35454  28.182  -35.891  -31.064 1.0000000000
36337  27.984  -35.313  -31.409 1.0000000000
108016  27.657  -34.734  -31.718 1.0000000000
37185  27.356  -34.003  -32.032 1.0000000000
37973  27.495  -33.103  -31.920 1.0000000000
38736  26.917  -32.566  -32.221 1.0000000000
38745  26.129  -32.865  -32.424 1.0000000000
114013  25.280  -32.973  -32.438 1.0000000000
111601  24.377  -32.921  -32.629 1.0000000000
38749  22.058  -32.491  -33.065 0.8999999762
116849  21.123  -32.851  -33.485 0.8999999762
39565  20.965  -31.542  -33.488 0.8999999762
39589  25.755  -31.500  -34.746 0.6000000238
39590  25.147  -31.415  -34.767 0.6000000238
39591  24.613  -31.463  -34.876 0.6000000238
40395  24.377  -30.763  -34.781 0.6999999881
39593  22.792  -31.295  -34.829 0.6999999881
118011  21.190  -31.810  -34.369 0.8000000119
39595  21.091  -31.139  -34.343 0.8999999762
39572  26.696  -31.400  -34.766 0.6000000238
40397  22.380  -30.310  -34.539 0.6999999881
39594  21.780  -31.622  -34.755 0.8000000119
35441  23.030  -36.298  -28.647 0.6999999881
107883  22.365  -35.693  -28.612 0.6000000238
36300  26.871  -35.612  -28.732 0.8999999762
35439  25.648  -35.751  -28.727 0.8000000119
36285  24.658  -35.364  -28.725 0.6999999881
36299  28.577  -35.597  -30.152 0.8999999762
103730  27.863  -35.313  -29.294 0.8000000119
36298  28.538  -35.487  -30.843 1.0000000000
37153  29.223  -34.523  -31.005 0.8999999762
103615  28.906  -35.039  -30.681 0.8000000119
123994  28.239  -34.696  -31.454 1.0000000000
37184  28.061  -34.136  -31.613 1.0000000000
37972  27.933  -33.554  -31.678 1.0000000000
38735  27.743  -32.302  -31.817 1.0000000000
39551  26.262  -32.088  -32.386 1.0000000000
39552  25.501  -31.749  -32.448 1.0000000000
38746  24.895  -32.274  -32.468 1.0000000000
38747  24.012  -32.150  -32.622 1.0000000000
107236  23.039  -31.960  -32.807 0.8999999762
39554  22.036  -31.679  -32.939 0.8999999762
38750  21.178  -32.491  -33.285 0.8999999762
40363  21.183  -30.211  -33.480 0.8999999762
40380  24.924  -30.800  -34.746 0.6000000238
40396  23.532  -30.560  -34.685 0.6999999881
40385  20.856  -30.720  -34.098 0.8999999762
40378  26.954  -30.152  -34.694 0.6000000238
39573  25.925  -30.802  -34.703 0.6000000238
40382  23.075  -29.738  -34.542 0.6999999881
40383  21.782  -29.527  -34.481 0.6999999881
121157  23.923  -35.799  -28.604 0.6999999881
36286  23.169  -35.412  -28.477 0.6000000238
36284  26.015  -35.108  -28.570 0.8000000119
108487  25.268  -35.010  -28.669 0.8000000119
37134  24.609  -34.504  -28.533 0.6999999881
106184  23.914  -35.008  -28.529 0.6999999881
37155  27.857  -34.673  -29.128 0.8000000119
108895  29.160  -34.590  -30.393 0.6999999881
37152  29.317  -34.000  -31.113 0.6999999881
38727  29.171  -33.086  -31.331 0.8000000119
38733  29.500  -32.349  -31.437 0.8000000119
38734  28.433  -32.899  -31.556 0.8000000119
118063  29.232  -31.739  -31.721 0.8000000119
122502  28.610  -32.175  -31.645 0.8999999762
122541  28.035  -31.491  -31.841 0.8999999762
109443  27.072  -31.753  -32.130 1.0000000000
39540  26.269  -31.205  -32.351 1.0000000000
39553  24.600  -31.452  -32.473 1.0000000000
113421  23.898  -30.878  -32.415 1.0000000000
40349  25.755  -30.408  -32.402 1.0000000000
40361  25.375  -31.062  -32.452 1.0000000000
119874  23.716  -31.527  -32.546 1.0000000000
39541  22.928  -31.157  -32.640 1.0000000000
40352  22.362  -30.489  -32.876 0.8999999762
39542  21.950  -31.073  -32.955 0.8999999762
39555  21.225  -31.378  -33.102 0.8999999762
118814  21.217  -30.723  -33.273 0.8999999762
40379  25.725  -30.195  -34.729 0.6000000238
119418  25.330  -30.722  -34.701 0.6000000238
40371  20.925  -30.807  -33.579 0.8999999762
41176  22.426  -28.994  -34.749 0.6999999881
40384  21.133  -30.238  -34.272 0.8999999762
41188  20.880  -29.219  -34.236 0.8999999762
123859  26.381  -34.219  -28.470 0.6999999881
37133  25.684  -34.425  -28.456 0.6000000238
113672  23.856  -34.348  -28.424 0.6000000238
106183  22.569  -34.982  -28.289 0.6000000238
37954  28.549  -34.184  -29.478 0.6999999881
37939  26.077  -33.742  -28.288 0.6000000238
38710  29.682  -33.069  -30.725 0.6999999881
39538  30.205  -31.760  -31.579 0.8000000119
39539  28.891  -31.020  -31.990 0.8000000119
40348  26.710  -30.413  -32.242 1.0000000000
113574  27.745  -30.528  -32.056 0.8000000119
110276  25.258  -29.665  -32.314 1.0000000000
40362  24.764  -30.470  -32.414 1.0000000000
112084  23.660  -29.595  -32.447 1.0000000000
118691  24.869  -29.052  -32.179 1.0000000000
40350  24.449  -29.605  -32.313 1.0000000000
114346  23.183  -28.980  -32.744 1.0000000000
41947  22.545  -28.409  -33.195 1.0000000000
41155  22.078  -29.163  -33.344 1.0000000000
41148  21.944  -29.951  -33.143 0.8999999762
110277  25.174  -30.191  -34.741 0.6000000238
117454  20.879  -29.469  -33.824 0.8999999762
119119  26.280  -30.257  -34.733 0.6000000238
41173  25.520  -29.645  -34.747 0.6000000238
40381  24.617  -30.149  -34.734 0.6999999881
117555  20.544  -28.945  -33.963 0.8999999762
41175  23.809  -29.374  -34.734 0.6999999881
41970  21.662  -28.433  -35.367 0.6999999881
41187  21.107  -28.832  -34.955 0.8999999762
37940  24.147  -33.758  -28.334 0.5000000000
37938  27.147  -33.994  -28.691 0.6000000238
38699  25.663  -32.982  -28.015 0.5000000000
38712  28.677  -33.318  -29.418 0.6999999881
37937  27.627  -33.350  -28.888 0.6999999881
122899  28.994  -32.949  -29.529 0.6999999881
39518  30.024  -32.503  -30.486 0.6999999881
38711  29.509  -33.370  -30.153 0.6999999881
38725  30.402  -32.022  -31.244 0.6999999881
39531  30.804  -31.575  -31.298 0.6999999881
120240  29.841  -31.321  -31.869 0.8000000119
114076  29.806  -30.566  -31.968 0.8000000119
40347  28.652  -30.299  -32.044 0.8000000119
118556  28.119  -29.123  -32.164 0.8000000119
114916  27.951  -29.736  -32.091 0.8000000119
114766  26.460  -29.036  -32.110 0.8999999762
41144  26.148  -29.677  -32.270 1.0000000000
41142  27.339  -29.089  -32.154 0.8000000119
41944  25.890  -28.376  -32.010 0.8999999762
41145  25.594  -28.994  -32.093 1.0000000000
41146  24.147  -28.821  -32.301 1.0000000000
115028  21.890  -27.897  -33.544 1.0000000000
41954  21.355  -28.513  -33.777 0.8999999762
41156  20.889  -29.286  -33.804 0.8999999762
121168  20.395  -28.970  -33.851 0.8999999762
41955  20.450  -28.464  -34.094 0.8999999762
41962  20.278  -28.373  -34.033 0.8999999762
41172  26.324  -29.686  -34.706 0.6000000238
41174  24.796  -29.563  -34.776 0.6000000238
41969  23.010  -28.543  -34.928 0.6999999881
41977  20.639  -28.481  -35.671 0.8000000119
41971  20.191  -28.650  -34.674 0.8999999762
114601  26.843  -28.907  -34.610 0.6000000238
41968  24.201  -28.798  -34.871 0.6999999881
42810  22.393  -28.061  -35.353 0.6999999881
114137  19.848  -27.975  -35.325 0.8000000119
42811  19.832  -27.902  -34.122 0.8999999762
42823  21.192  -28.022  -36.158 0.6999999881
38698  27.084  -32.824  -28.572 0.5000000000
39504  25.920  -32.017  -27.711 0.5000000000
39520  28.451  -32.334  -28.995 0.6999999881
39503  26.918  -32.187  -28.196 0.5000000000
111305  29.751  -31.952  -29.633 0.6999999881
39519  29.435  -32.658  -29.711 0.6999999881
39517  30.458  -31.892  -30.282 0.6999999881
39532  30.974  -31.654  -30.944 0.6999999881
108461  30.861  -30.525  -31.610 0.6999999881
40346  30.602  -31.192  -31.607 0.6999999881
41940  29.735  -28.966  -32.437 0.8000000119
41141  29.021  -29.614  -32.166 0.8000000119
41943  26.823  -28.394  -32.209 0.8000000119
124102  25.410  -27.820  -32.073 0.8999999762
115990  24.966  -28.384  -32.095 1.0000000000
41945  24.267  -28.077  -32.249 1.0000000000
41946  23.522  -28.220  -32.569 1.0000000000
41942  27.746  -28.481  -32.215 0.8000000119
42774  26.260  -27.591  -32.242 0.8000000119
42775  24.714  -27.563  -32.154 0.8999999762
42777  22.802  -27.692  -32.896 1.0000000000
42776  23.804  -27.373  -32.314 0.8999999762
42785  21.808  -27.299  -33.317 1.0000000000
42786  20.739  -27.722  -33.813 1.0000000000
118540  19.665  -27.317  -33.747 0.8999999762
42787  19.863  -27.195  -33.708 0.8999999762
41967  25.112  -28.981  -34.793 0.6000000238
42812  19.363  -27.299  -33.975 0.8999999762
42808  24.659  -28.139  -34.846 0.6999999881
42809  23.592  -27.917  -35.172 0.6999999881
42822  22.562  -27.419  -35.486 0.6999999881
104043  20.555  -27.318  -35.812 0.6999999881
42824  19.596  -26.929  -34.940 0.8000000119
43729  21.662  -27.001  -35.784 0.6999999881
43708  19.040  -26.362  -33.982 0.8999999762
43730  20.715  -26.354  -35.588 0.6999999881
38697  27.645  -32.630  -28.728 0.6000000238
39502  27.449  -31.539  -28.361 0.5000000000
123394  28.978  -31.893  -29.130 0.6999999881
39501  28.270  -31.244  -28.696 0.5000000000
40328  31.199  -30.867  -30.610 0.6999999881
121668  30.780  -31.328  -30.200 0.6999999881
111182  31.513  -30.288  -30.920 0.6999999881
41120  31.121  -29.889  -30.049 0.6999999881
41139  31.332  -29.765  -31.467 0.6999999881
41939  30.786  -29.012  -32.204 0.6999999881
41140  30.304  -29.769  -31.961 0.6999999881
41941  28.662  -28.707  -32.350 0.8000000119
42771  29.186  -28.090  -32.615 0.8000000119
42772  28.242  -27.884  -32.368 0.8000000119
42773  27.327  -27.737  -32.315 0.8000000119
43666  28.676  -27.233  -32.661 0.8000000119
43668  27.017  -26.931  -32.381 0.8000000119
111552  26.086  -26.694  -32.529 0.8000000119
43670  24.498  -26.650  -32.224 0.8999999762
43671  23.714  -26.609  -32.314 0.8999999762
42784  22.883  -26.956  -32.655 1.0000000000
43679  26.733  -26.142  -32.628 0.8000000119
111220  25.932  -25.980  -32.655 0.8000000119
107280  20.706  -27.089  -33.453 1.0000000000
108902  21.717  -26.586  -33.178 1.0000000000
42807  25.525  -28.189  -34.603 0.6000000238
43683  20.156  -26.608  -33.491 1.0000000000
43707  23.647  -26.912  -35.364 0.6999999881
43690  19.453  -26.673  -33.667 0.8999999762
44592  19.708  -25.942  -33.531 1.0000000000
43728  22.786  -26.540  -35.596 0.6999999881
120857  21.960  -26.252  -35.769 0.8000000119
116961  19.285  -25.912  -34.908 0.8000000119
41134  31.565  -29.345  -30.779 0.6999999881
41138  31.702  -28.941  -31.349 0.6999999881
41938  31.499  -28.780  -31.942 0.6999999881
116322  31.078  -28.217  -32.387 0.6999999881
42770  30.198  -28.261  -32.654 0.6999999881
43664  30.597  -27.508  -32.695 0.6999999881
43665  29.628  -27.341  -32.864 0.8000000119
43678  27.720  -26.353  -32.561 0.8000000119
43677  28.621  -26.437  -32.802 0.8000000119
44585  27.274  -25.526  -32.871 0.8000000119
112473  24.675  -25.937  -32.433 0.8999999762
43681  24.032  -25.982  -32.307 0.8999999762
44587  25.349  -25.496  -32.758 0.8000000119
44588  24.470  -25.362  -32.747 0.8999999762
43682  23.099  -26.233  -32.614 0.8999999762
43705  25.149  -27.458  -34.788 0.6000000238
122908  23.910  -24.929  -33.126 0.8999999762
45433  22.856  -24.745  -33.339 0.8999999762
44591  20.865  -25.906  -33.288 1.0000000000
43704  25.922  -27.211  -34.638 0.6000000238
114008  20.261  -25.256  -33.428 0.8999999762
108886  19.523  -25.005  -33.566 0.8999999762
44624  20.346  -25.364  -35.427 0.8000000119
44625  19.028  -25.056  -34.983 0.8999999762
45444  18.972  -24.680  -33.850 0.8000000119
41137  31.955  -28.562  -31.203 0.6999999881
42768  31.754  -27.895  -32.079 0.6999999881
115326  30.279  -26.701  -32.963 0.6999999881
42783  31.079  -26.847  -32.680 0.6999999881
44582  30.069  -25.857  -33.211 0.6999999881
44586  26.331  -25.417  -32.859 0.8000000119
45431  25.121  -24.764  -33.117 0.8000000119
45430  25.959  -24.762  -33.078 0.8000000119
44590  22.315  -25.707  -33.093 0.8999999762
43706  24.469  -27.235  -35.091 0.6000000238
45432  24.447  -24.575  -33.181 0.8000000119
46288  23.783  -24.076  -33.252 0.8999999762
109939  21.413  -25.033  -33.313 0.8999999762
43726  25.267  -26.467  -34.975 0.6000000238
45435  20.321  -24.299  -33.383 0.8999999762
104625  22.760  -25.688  -35.805 0.6999999881
45436  19.393  -24.028  -33.580 0.8000000119
45473  20.063  -24.458  -35.274 0.6999999881
45474  19.146  -24.240  -34.626 0.8000000119
42759  32.283  -27.596  -31.000 0.6999999881
43673  32.049  -26.325  -32.211 0.6999999881
43674  31.615  -26.240  -32.633 0.6999999881
45429  26.846  -24.822  -33.198 0.8000000119
117095  25.596  -24.085  -33.444 0.8000000119
122398  24.355  -24.018  -33.265 0.8000000119
114136  22.787  -23.663  -33.477 0.8999999762
43727  24.439  -26.430  -35.292 0.6000000238
45434  21.664  -24.069  -33.413 0.8999999762
44622  23.830  -25.897  -35.634 0.6999999881
105030  23.551  -25.030  -35.913 0.6999999881
46289  20.746  -23.437  -33.367 0.8999999762
45472  21.278  -24.662  -35.802 0.6999999881
46315  19.719  -23.506  -35.042 0.8000000119
46291  19.232  -23.181  -33.717 0.8000000119
115937  20.819  -23.750  -35.661 0.6999999881
46316  19.072  -23.279  -34.392 0.8000000119
45455  18.845  -24.015  -34.132 0.8000000119
47121  19.243  -22.326  -34.933 0.8000000119
111749  32.294  -27.065  -31.324 0.6999999881
44578  32.303  -25.591  -32.119 0.6000000238
112472  24.887  -25.657  -35.323 0.6000000238
46298  24.288  -23.363  -33.302 0.8000000119
47083  22.733  -22.620  -33.370 0.8999999762
109914  21.747  -23.110  -33.472 0.8999999762
115913  24.502  -25.015  -35.710 0.6000000238
47085  20.559  -22.491  -33.363 0.8999999762
45471  22.481  -24.860  -35.918 0.8000000119
46290  19.835  -23.266  -33.357 0.8999999762
47102  19.088  -22.559  -33.955 0.8000000119
115719  21.236  -22.957  -35.805 0.6999999881
47112  18.945  -21.608  -34.521 0.8000000119
47101  19.118  -21.791  -34.147 0.8000000119
47100  23.747  -22.495  -33.264 0.8000000119
46313  23.997  -23.669  -35.856 0.5000000000
115981  23.267  -24.262  -35.840 0.6000000238
117218  23.096  -23.552  -35.781 0.6000000238
46314  22.111  -23.887  -35.823 0.6999999881
47966  20.025  -21.634  -33.533 0.8000000119
109233  22.433  -22.933  -35.787 0.6000000238
47119  21.591  -22.045  -35.792 0.6000000238
108374  19.217  -20.982  -35.022 0.6999999881
47086  19.502  -22.290  -33.669 0.8000000119
47999  20.538  -20.931  -35.623 0.6000000238
47963  23.061  -21.729  -33.206 0.8000000119
48883  22.007  -20.898  -33.293 0.8000000119
47965  20.993  -21.463  -33.257 0.8999999762
48899  19.143  -20.065  -33.978 0.8000000119
47980  19.354  -21.196  -33.920 0.8000000119
48884  20.739  -20.486  -33.384 0.8000000119
48000  19.432  -19.832  -35.267 0.6000000238
111537  23.294  -20.920  -33.311 0.8000000119
48897  21.049  -19.751  -33.480 0.8000000119
46329  23.606  -22.803  -35.870 0.6000000238
47118  22.781  -22.086  -35.785 0.6000000238
48898  19.752  -19.690  -33.690 0.8000000119
47998  22.047  -21.309  -35.808 0.6000000238
48911  19.019  -18.999  -34.097 0.6999999881
49825  21.354  -19.046  -35.902 0.6000000238
49809  19.386  -18.391  -35.347 0.6000000238
119032  19.398  -17.744  -34.555 0.6999999881
47997  23.073  -21.315  -35.986 0.6000000238
48929  22.108  -20.064  -35.976 0.6000000238
48895  24.434  -19.858  -33.724 0.8000000119
48896  22.489  -20.129  -33.393 0.8000000119
47134  24.431  -22.194  -36.168 0.6000000238
115072  23.523  -20.107  -33.423 0.8000000119
49789  21.055  -18.899  -33.734 0.8000000119
117863  21.918  -19.569  -33.492 0.8000000119
48008  24.053  -21.258  -36.292 0.6000000238
47135  23.620  -21.946  -35.946 0.6000000238
49801  19.516  -17.694  -34.013 0.6000000238
48007  25.087  -21.586  -36.426 0.5000000000
48928  23.196  -20.509  -36.296 0.6000000238
121040  24.083  -20.453  -36.480 0.6000000238
109046  22.663  -19.698  -36.290 0.6000000238
105843  20.143  -17.601  -35.557 0.6000000238
117985  23.583  -19.382  -33.531 0.8000000119
49788  22.540  -19.314  -33.475 0.8000000119
49787  24.854  -19.153  -34.077 0.8000000119
113606  24.079  -18.861  -33.695 0.6999999881
113725  22.940  -18.572  -33.536 0.6999999881
106167  24.887  -20.764  -36.518 0.6000000238
50689  19.967  -16.931  -34.644 0.6000000238
51506  20.356  -16.352  -34.623 0.6000000238
51493  21.095  -16.739  -34.189 0.6999999881
48927  24.684  -19.892  -36.584 0.5000000000
50704  20.455  -16.609  -35.568 0.6000000238
49823  24.192  -18.794  -36.683 0.5000000000
49824  22.468  -18.660  -36.281 0.6000000238
119587  21.580  -17.472  -36.146 0.6000000238
49822  25.426  -19.266  -36.685 0.5000000000
50665  24.768  -18.205  -33.872 0.6999999881
50666  23.453  -17.854  -33.631 0.6000000238
50667  21.954  -17.546  -33.802 0.6000000238
53110  21.244  -14.963  -34.730 0.6000000238
51492  22.444  -16.707  -34.043 0.6000000238
50702  25.238  -18.336  -36.741 0.5000000000
50703  23.045  -17.681  -36.526 0.6000000238
51527  23.270  -16.621  -36.756 0.6000000238
51528  21.704  -16.391  -36.371 0.6000000238
51516  20.342  -15.986  -35.084 0.6000000238
52297  22.018  -15.433  -34.576 0.6000000238
118792  24.336  -17.650  -36.772 0.6000000238
51526  24.355  -16.804  -36.869 0.6000000238
50712  25.859  -18.122  -36.764 0.5000000000
125369  25.072  -17.629  -36.787 0.5000000000
51535  26.090  -17.785  -36.792 0.4000000060
51536  25.336  -17.034  -36.828 0.5000000000
51491  23.981  -17.119  -33.821 0.6000000238
52295  24.445  -16.548  -34.351 0.6000000238
118343  22.265  -15.571  -36.643 0.6000000238
53137  20.959  -14.280  -35.090 0.6000000238
52313  23.533  -15.318  -34.876 0.6000000238
52334  23.305  -15.464  -36.819 0.6000000238
52343  23.918  -14.734  -36.662 0.6000000238
52333  24.396  -16.039  -36.838 0.6000000238
52341  25.717  -16.135  -36.933 0.5000000000
112811  26.206  -17.122  -36.776 0.4000000060
119408  26.339  -16.632  -36.838 0.4000000060
53150  22.247  -13.889  -35.984 0.6000000238
53125  22.549  -14.144  -35.036 0.5000000000
52312  24.802  -15.906  -35.216 0.5000000000
52335  22.079  -14.559  -36.402 0.6000000238
53135  22.771  -13.737  -35.692 0.5000000000
52342  24.904  -15.825  -36.712 0.5000000000
53149  23.174  -13.758  -36.236 0.6000000238
53156  24.924  -14.914  -36.677 0.4000000060
53148  24.146  -14.043  -36.289 0.6000000238
53133  24.697  -13.956  -36.269 0.4000000060
53155  25.784  -14.983  -37.107 0.4000000060
53972  25.973  -13.767  -37.567 0.4000000060
53123  24.522  -14.065  -35.844 0.4000000060
53147  25.138  -13.985  -36.594 0.4000000060
54890  25.317  -13.024  -37.049 0.4000000060
53154  26.647  -15.083  -37.539 0.4000000060
53950  27.099  -14.721  -35.947 0.4000000060
53951  25.735  -14.166  -35.979 0.4000000060
54896  26.327  -13.300  -38.459 0.4000000060
54897  25.615  -12.564  -38.034 0.4000000060
53959  26.926  -13.765  -36.267 0.4000000060
53960  25.627  -13.558  -36.582 0.4000000060
110737  26.199  -12.388  -38.682 0.3000000119
54883  25.473  -12.303  -37.233 0.4000000060
54882  26.039  -12.707  -36.599 0.4000000060
36382  20.153  -35.447  -35.078 0.8000000119
36372  20.092  -35.356  -34.718 0.8999999762
106517  20.281  -35.603  -34.298 0.8999999762
35531  20.016  -36.147  -34.791 0.8999999762
35519  20.339  -36.646  -33.974 0.8999999762
36347  25.047  -35.888  -32.034 0.8999999762
104716  25.161  -34.962  -32.392 1.0000000000
37194  25.846  -34.557  -32.340 1.0000000000
34705  22.159  -37.210  -32.942 0.8999999762
35505  23.824  -36.890  -32.900 0.8999999762
35506  23.464  -35.516  -32.759 0.8999999762
35517  21.909  -36.354  -33.024 0.8999999762
120121  23.395  -36.209  -32.800 0.8999999762
37208  22.563  -34.940  -33.033 0.8999999762
36348  24.348  -35.277  -32.560 1.0000000000
35518  20.963  -36.031  -33.549 0.8999999762
106749  22.926  -34.177  -33.004 0.8999999762
53124  23.803  -14.353  -35.503 0.4000000060
114974  25.223  -14.893  -35.616 0.4000000060
52311  26.099  -16.234  -35.246 0.4000000060
108614  25.790  -44.030  -28.556 0.8999999762
30377  26.572  -42.544  -31.259 1.0000000000
29474  22.887  -44.018  -28.132 0.8999999762
29471  26.846  -42.532  -29.709 1.0000000000
32204  25.952  -40.719  -28.584 0.8999999762
33159  25.546  -39.650  -32.766 0.8999999762
32261  24.488  -40.349  -33.769 0.8000000119
33172  23.039  -39.748  -33.871 0.8000000119
112206  21.471  -39.698  -33.604 0.8000000119
33939  27.090  -38.733  -31.431 1.0000000000
110993  21.338  -38.962  -33.127 0.8000000119
107452  21.154  -36.841  -33.170 0.8999999762
34706  20.539  -37.419  -33.208 0.8000000119
34695  25.202  -37.497  -32.160 0.8999999762
36359  22.664  -35.882  -32.926 0.8999999762
33896  23.134  -38.901  -28.637 1.0000000000
119749  19.786  -37.456  -29.008 0.6000000238
35459  18.415  -36.790  -28.973 0.4000000060
35458  19.142  -37.163  -28.873 0.4000000060
36340  26.020  -36.076  -31.764 1.0000000000
36395  20.706  -35.617  -35.561 0.6999999881
38017  21.023  -33.219  -34.739 0.8000000119
36361  20.817  -35.193  -33.775 0.8999999762
37245  23.207  -34.614  -36.067 0.6000000238
37219  20.220  -34.614  -34.395 0.8999999762
35444  19.025  -36.322  -28.797 0.4000000060
36360  21.725  -35.522  -33.271 0.8999999762
38757  20.992  -32.279  -33.609 0.8999999762
39574  20.804  -31.478  -33.907 0.8999999762
38785  24.155  -32.135  -35.259 0.6999999881
38786  23.242  -32.141  -35.435 0.6999999881
35440  24.751  -36.135  -28.833 0.8000000119
36301  26.676  -36.344  -28.874 0.8999999762
37985  22.608  -33.395  -33.162 0.8999999762
37198  22.049  -34.055  -33.354 0.8999999762
38751  21.125  -32.165  -33.309 0.8999999762
37154  28.698  -34.992  -29.824 0.8000000119
37136  22.159  -34.623  -28.072 0.5000000000
110799  28.641  -35.019  -31.158 1.0000000000
116016  21.146  -31.891  -33.165 0.8999999762
105804  29.425  -33.258  -31.116 0.8000000119
37173  28.758  -34.217  -31.315 0.8999999762
37967  28.563  -33.593  -31.460 0.8999999762
40370  20.752  -29.751  -33.919 0.8999999762
37135  23.268  -34.650  -28.318 0.6000000238
117283  25.054  -33.726  -28.269 0.6000000238
38726  29.775  -32.608  -31.087 0.6999999881
41147  22.742  -29.744  -32.812 1.0000000000
37941  23.405  -33.909  -28.202 0.5000000000
39533  30.427  -32.153  -30.916 0.6999999881
41143  27.051  -29.741  -32.149 0.8999999762
38682  24.846  -32.310  -27.776 0.5000000000
40341  31.214  -30.944  -31.208 0.6999999881
42795  20.018  -27.718  -33.944 0.8999999762
40329  30.123  -31.263  -29.547 0.6999999881
43669  25.345  -27.107  -32.286 0.8999999762
43667  27.876  -27.137  -32.398 0.8000000119
44594  19.228  -25.752  -33.730 0.8999999762
108228  29.451  -30.277  -29.061 0.6999999881
125337  29.076  -26.894  -32.886 0.8000000119
43680  25.260  -26.283  -32.466 0.8999999762
44589  23.537  -25.500  -32.788 0.8999999762
44623  21.635  -25.545  -35.805 0.8000000119
41937  31.876  -28.387  -31.598 0.6999999881
42782  31.684  -26.995  -32.284 0.6999999881
45428  27.767  -24.867  -33.191 0.8000000119
42781  32.024  -27.104  -31.856 0.6999999881
46299  23.528  -23.230  -33.330 0.8999999762
116866  32.296  -26.979  -30.823 0.6000000238
47120  20.216  -22.016  -35.568 0.6999999881
47084  21.678  -22.308  -33.411 0.8999999762
48917  18.959  -18.882  -34.796 0.6999999881
48009  21.427  -20.454  -35.853 0.6000000238
48930  19.543  -19.202  -35.556 0.6000000238
49790  19.471  -18.658  -33.839 0.8000000119
108008  21.410  -18.219  -33.772 0.6999999881
105146  23.595  -19.732  -36.527 0.6000000238
52336  21.257  -15.082  -36.192 0.6000000238
53126  21.722  -14.355  -34.809 0.6000000238
55802  25.254  -11.309  -38.098 0.4000000060
24854  20.816  -47.856  -32.473 0.4000000060
24835  20.500  -47.817  -31.570 0.4000000060
24837  18.830  -48.532  -31.294 0.4000000060
24853  21.609  -47.917  -32.534 0.4000000060
24836  19.675  -48.092  -31.246 0.4000000060
24826  19.266  -48.792  -30.580 0.4000000060
25761  22.353  -47.599  -32.199 0.3000000119
25750  23.236  -47.120  -31.994 0.4000000060
111714  23.961  -46.727  -32.638 0.4000000060
115817  24.416  -46.300  -33.330 0.4000000060
27652  24.377  -45.477  -33.678 0.4000000060
24825  19.968  -48.751  -30.146 0.5000000000
25752  21.836  -47.797  -30.852 0.4000000060
24823  21.053  -48.026  -30.925 0.4000000060
122317  23.662  -46.476  -31.849 0.5000000000
26710  24.071  -45.944  -32.234 0.4000000060
27643  24.363  -45.251  -32.781 0.4000000060
28590  24.221  -44.631  -33.521 0.5000000000
28591  23.397  -44.131  -34.013 0.5000000000
29519  22.405  -43.584  -34.310 0.6000000238
28599  22.807  -44.365  -34.467 0.5000000000
28600  21.747  -44.064  -34.846 0.6000000238
29521  20.217  -43.171  -35.177 0.4000000060
23926  19.164  -49.149  -29.691 0.5000000000
23927  18.366  -49.483  -29.344 0.5000000000
23928  17.587  -49.949  -29.095 0.5000000000
25737  22.377  -47.403  -30.234 0.6000000238
117431  21.354  -48.173  -30.321 0.6000000238
25736  22.989  -46.975  -30.500 0.5000000000
118787  23.276  -46.727  -31.244 0.5000000000
115479  23.749  -46.077  -31.358 0.5000000000
114341  23.873  -43.985  -33.744 0.6000000238
29516  23.187  -43.486  -33.907 0.6000000238
30398  22.495  -42.856  -34.143 0.6000000238
31305  21.891  -42.269  -34.378 0.6000000238
125333  21.315  -41.778  -34.544 0.6000000238
30402  21.029  -42.530  -34.715 0.6000000238
31306  20.480  -41.715  -34.695 0.6000000238
31307  19.354  -41.630  -34.790 0.6000000238
24811  20.454  -48.516  -29.368 0.5000000000
24812  19.718  -48.927  -29.007 0.5000000000
23917  17.991  -49.280  -28.631 0.5000000000
23918  17.100  -49.593  -28.597 0.5000000000
25738  21.791  -47.842  -29.888 0.6000000238
24810  21.158  -48.226  -29.616 0.6000000238
26702  23.486  -46.470  -30.762 0.6000000238
25721  23.031  -47.302  -29.558 0.6000000238
26692  23.585  -46.797  -29.980 0.6000000238
27642  24.494  -44.785  -32.129 0.6000000238
28589  24.614  -44.639  -32.964 0.6000000238
31298  18.975  -40.863  -34.535 0.6999999881
24802  19.180  -48.299  -28.152 0.6000000238
24803  18.313  -48.432  -28.194 0.5000000000
24804  17.469  -48.599  -28.330 0.5000000000
25722  22.322  -47.537  -29.276 0.6000000238
25723  21.571  -47.664  -28.953 0.6000000238
24800  20.810  -47.866  -28.670 0.6000000238
25713  17.729  -47.633  -28.051 0.5000000000
25715  15.895  -48.133  -28.767 0.5000000000
25707  23.079  -47.440  -28.747 0.6000000238
124773  20.603  -40.399  -34.181 0.6999999881
25710  20.355  -47.288  -27.858 0.6000000238
25711  19.448  -47.346  -27.711 0.6000000238
25712  18.569  -47.456  -27.767 0.6000000238
25708  22.221  -47.351  -28.346 0.6000000238
26666  19.781  -46.578  -27.725 0.6000000238
26667  18.887  -46.462  -27.739 0.6000000238
26669  17.307  -46.901  -28.417 0.6000000238
25724  16.039  -47.178  -28.869 0.6000000238
26665  21.887  -46.675  -27.805 0.6000000238
25725  15.386  -47.338  -29.350 0.5000000000
26681  23.754  -47.218  -29.083 0.6000000238
26684  15.905  -46.712  -29.610 0.6000000238
32265  19.700  -40.026  -34.172 0.6999999881
26668  17.965  -46.667  -27.964 0.6000000238
27599  22.535  -45.879  -27.798 0.6000000238
117756  20.758  -46.364  -27.818 0.6000000238
123497  19.392  -46.040  -27.887 0.6000000238
26683  16.647  -46.548  -29.027 0.6000000238
26664  22.838  -46.841  -28.165 0.6000000238
27613  17.018  -45.855  -29.828 0.6000000238
27609  24.233  -46.619  -28.705 0.6000000238
27619  25.126  -45.904  -30.166 0.6000000238
112815  19.783  -38.587  -33.405 0.6999999881
33960  19.724  -38.191  -33.701 0.6999999881
27598  23.502  -46.203  -28.132 0.6000000238
27601  19.820  -45.692  -27.969 0.6999999881
27602  18.928  -45.429  -28.304 0.6999999881
34707  20.019  -37.513  -33.831 0.6999999881
27600  21.474  -45.553  -27.821 0.6999999881
110651  23.237  -45.180  -27.872 0.6999999881
28547  19.506  -44.734  -28.525 0.6999999881
27610  18.628  -44.708  -28.768 0.6999999881
124940  17.740  -45.476  -28.968 0.6000000238
27612  17.484  -45.379  -29.583 0.6999999881
28556  18.052  -44.427  -29.298 0.6000000238
28557  17.633  -44.932  -29.810 0.5000000000
124733  20.016  -35.922  -34.883 0.8000000119
28544  22.146  -44.771  -27.896 0.6999999881
28545  21.085  -44.433  -28.133 0.6999999881
28546  20.231  -44.214  -28.651 0.6999999881
28555  18.885  -44.165  -28.880 0.6999999881
109057  16.522  -44.946  -31.099 0.5000000000
29486  19.274  -43.508  -29.062 0.6999999881
105605  18.496  -43.865  -29.137 0.6000000238
28564  17.929  -43.876  -29.569 0.6000000238
121260  25.086  -23.310  -33.608 0.6999999881
44583  29.108  -25.708  -33.122 0.6999999881
44584  28.191  -25.597  -32.877 0.6999999881
45441  27.346  -24.261  -33.553 0.6999999881
43675  30.938  -26.072  -33.019 0.6000000238
45442  26.472  -24.159  -33.495 0.6999999881
109070  26.057  -23.330  -33.890 0.6999999881
47099  24.535  -22.500  -33.505 0.6999999881
123351  31.585  -25.585  -33.012 0.6000000238
45426  29.749  -24.971  -33.275 0.6000000238
45440  28.274  -24.235  -33.585 0.6999999881
116820  26.987  -23.684  -33.890 0.6999999881
108681  31.988  -24.817  -33.155 0.6000000238
47098  25.349  -22.487  -33.905 0.6999999881
47977  24.813  -21.650  -33.717 0.6999999881
105633  24.262  -20.839  -33.455 0.6999999881
44581  30.932  -25.104  -33.281 0.6000000238
117343  30.395  -24.201  -33.419 0.6000000238
46296  28.882  -23.473  -33.842 0.6000000238
46297  27.865  -23.789  -34.019 0.6999999881
111776  26.864  -22.899  -34.199 0.6999999881
47976  25.657  -21.637  -34.102 0.6999999881
48894  25.205  -20.705  -33.950 0.6999999881
45438  31.453  -24.149  -33.391 0.6000000238
112470  29.636  -22.878  -33.800 0.5000000000
47094  29.025  -22.636  -34.147 0.6000000238
47991  27.755  -21.553  -34.284 0.5000000000
47975  26.368  -21.625  -34.259 0.6999999881
49786  25.914  -20.071  -34.320 0.6999999881
110273  25.224  -19.781  -34.124 0.6999999881
53969  29.121  -14.437  -37.528 0.3000000119
53970  27.975  -14.339  -38.168 0.3000000119
53971  26.954  -14.180  -38.128 0.3000000119
115383  19.953  -47.711  -32.341 0.4000000060
109012  19.111  -47.873  -32.168 0.3000000119
24838  18.273  -48.266  -32.049 0.4000000060
23947  18.037  -49.059  -31.200 0.4000000060
25770  23.327  -47.462  -32.878 0.4000000060
23939  18.596  -49.206  -30.405 0.4000000060
25769  24.332  -47.348  -33.511 0.4000000060
26719  24.599  -47.106  -33.903 0.4000000060
27660  24.108  -45.539  -34.260 0.4000000060
28598  23.775  -44.835  -34.071 0.5000000000
29528  20.630  -43.883  -35.299 0.4000000060
23036  17.010  -50.300  -29.641 0.4000000060
23028  16.103  -50.359  -29.048 0.5000000000
31308  18.235  -41.507  -34.970 0.6000000238
23920  15.722  -49.802  -28.816 0.5000000000
108072  16.202  -49.230  -28.601 0.5000000000
24806  15.385  -48.966  -29.010 0.5000000000
32266  18.763  -40.357  -34.507 0.6000000238
24814  14.995  -48.140  -29.293 0.5000000000
25726  14.560  -47.394  -29.837 0.4000000060
110916  19.446  -38.872  -33.844 0.6999999881
26694  15.812  -46.173  -30.538 0.5000000000
34720  19.727  -37.705  -34.342 0.6999999881
27622  16.558  -45.684  -30.566 0.5000000000
114238  19.952  -36.495  -34.962 0.8000000119
35550  20.261  -36.068  -35.263 0.6999999881
28573  15.782  -44.847  -31.476 0.5000000000
105154  16.907  -44.311  -30.789 0.6000000238
117021  30.599  -30.634  -29.721 0.6000000238
44580  32.064  -25.590  -32.667 0.6000000238
46293  31.839  -23.339  -33.370 0.5000000000
47093  30.489  -22.716  -33.686 0.5000000000
47989  29.662  -21.292  -34.130 0.5000000000
47990  28.731  -21.402  -34.248 0.5000000000
114091  27.497  -20.774  -34.213 0.5000000000
48910  26.861  -20.296  -34.305 0.5000000000
49800  25.648  -19.053  -34.405 0.5000000000
54893  29.943  -12.976  -37.473 0.3000000119
54894  29.018  -13.352  -37.838 0.3000000119
53973  27.091  -13.287  -38.736 0.3000000119
26680  25.569  -45.559  -29.512 0.6000000238
27620  24.406  -46.608  -29.535 0.6000000238
106980  24.055  -46.012  -30.691 0.6000000238
29485  20.051  -43.463  -28.980 0.8000000119
31296  21.021  -41.079  -34.403 0.6999999881
33175  19.881  -39.228  -33.559 0.6999999881
45427  28.706  -24.894  -33.233 0.6999999881
47978  23.990  -21.686  -33.291 0.6999999881
34719  19.964  -36.984  -34.582 0.8000000119
110526  20.427  -36.812  -35.488 0.6999999881
24834  21.423  -47.743  -31.724 0.4000000060
25751  22.545  -47.323  -31.244 0.5000000000
23940  17.714  -49.674  -30.176 0.5000000000
27661  23.282  -45.099  -34.729 0.3000000119
23037  16.369  -50.622  -29.562 0.5000000000
28565  17.499  -44.428  -30.099 0.6000000238
47097  26.197  -22.369  -34.178 0.6999999881
45439  29.304  -24.182  -33.468 0.6999999881
46295  29.906  -23.441  -33.561 0.6000000238
119965  27.500  -23.251  -34.212 0.6999999881
46294  30.958  -23.411  -33.546 0.6000000238
47110  28.410  -22.187  -34.309 0.6000000238
47096  26.945  -22.026  -34.329 0.6999999881
48893  26.147  -20.932  -34.225 0.6999999881
47092  31.473  -22.609  -33.543 0.5000000000
47974  29.949  -22.090  -33.945 0.5000000000
47109  29.140  -21.915  -34.255 0.5000000000
47992  26.922  -21.196  -34.282 0.5000000000
49799  26.468  -19.517  -34.462 0.5000000000
47082  32.130  -22.569  -33.211 0.5000000000
48908  29.207  -20.598  -34.128 0.5000000000
113855  28.249  -20.733  -34.137 0.5000000000
49798  27.282  -19.438  -34.369 0.5000000000
34728  19.482  -38.053  -34.779 0.6000000238
34727  19.801  -37.362  -35.083 0.6000000238
111187  22.040  -36.641  -36.103 0.5000000000
34736  20.609  -37.763  -35.818 0.6000000238
35549  21.138  -36.207  -35.826 0.6000000238
36391  24.257  -35.738  -35.748 0.5000000000
35547  22.927  -36.143  -35.943 0.5000000000
35548  21.959  -35.886  -36.146 0.6000000238
31272  17.197  -42.021  -29.797 0.5000000000
36394  21.421  -35.384  -36.004 0.6000000238
37230  24.640  -35.301  -35.705 0.5000000000
36380  24.026  -35.023  -35.750 0.5000000000
37229  25.039  -34.608  -35.545 0.5000000000
32210  17.671  -40.429  -29.970 0.4000000060
32211  16.817  -40.215  -30.135 0.4000000060
124230  24.478  -34.591  -35.607 0.5000000000
37228  25.686  -34.692  -35.270 0.5000000000
33912  16.732  -38.835  -30.018 0.4000000060
38011  25.856  -32.942  -35.014 0.5000000000
112985  25.444  -33.777  -35.242 0.5000000000
112593  16.934  -38.073  -29.802 0.4000000060
103738  21.058  -35.279  -28.172 0.4000000060
37137  20.127  -35.174  -28.060 0.4000000060
37138  19.281  -34.933  -28.277 0.3000000119
125278  24.251  -31.845  -27.646 0.4000000060
113605  22.713  -34.254  -28.071 0.4000000060
37942  22.091  -34.017  -27.799 0.4000000060
39483  24.871  -31.466  -27.611 0.4000000060
38702  22.808  -33.385  -27.788 0.4000000060
37924  21.270  -33.934  -27.472 0.4000000060
38684  22.518  -32.551  -27.261 0.4000000060
37923  21.929  -33.293  -27.335 0.4000000060
37119  20.663  -34.537  -27.742 0.4000000060
37120  19.789  -34.355  -27.800 0.4000000060
38701  23.683  -33.183  -28.042 0.4000000060
38683  23.997  -32.464  -27.824 0.4000000060
40315  25.713  -30.870  -27.635 0.4000000060
39484  24.056  -31.183  -27.524 0.4000000060
121776  23.657  -31.811  -27.499 0.4000000060
116540  23.273  -32.537  -27.604 0.4000000060
116539  23.020  -31.775  -27.187 0.4000000060
115781  22.239  -31.698  -26.803 0.4000000060
114183  20.571  -32.289  -26.760 0.4000000060
37925  20.317  -33.746  -27.437 0.4000000060
41106  26.007  -29.899  -27.687 0.4000000060
40294  24.624  -30.635  -27.498 0.4000000060
118330  23.820  -30.424  -27.413 0.4000000060
40330  29.144  -31.152  -29.041 0.5000000000
40313  27.579  -30.436  -28.347 0.4000000060
41105  26.992  -29.485  -27.932 0.4000000060
41092  24.349  -29.780  -27.473 0.4000000060
39485  23.439  -31.043  -27.265 0.4000000060
115488  22.809  -30.900  -26.915 0.4000000060
40295  22.654  -30.011  -26.967 0.4000000060
39486  21.267  -31.623  -26.594 0.4000000060
41121  30.175  -29.812  -29.346 0.5000000000
121199  28.602  -29.619  -28.629 0.5000000000
41104  27.863  -29.547  -28.345 0.4000000060
109625  26.117  -28.988  -27.742 0.4000000060
41091  25.268  -29.385  -27.503 0.4000000060
118345  23.232  -30.252  -27.205 0.4000000060
41122  29.221  -29.107  -28.768 0.5000000000
113318  27.509  -28.635  -28.270 0.4000000060
124137  25.400  -28.634  -27.541 0.4000000060
41925  28.281  -27.947  -28.642 0.4000000060
118829  27.963  -27.793  -28.597 0.4000000060
41906  27.616  -27.807  -28.495 0.4000000060
41907  26.814  -28.450  -28.056 0.4000000060
115940  26.036  -28.180  -27.800 0.4000000060
111872  27.998  -27.240  -28.633 0.4000000060
107230  28.240  -26.742  -27.730 0.4000000060
42754  27.788  -27.267  -28.576 0.4000000060
43648  27.039  -26.521  -28.527 0.4000000060
41923  30.950  -28.752  -29.943 0.5000000000
42762  29.841  -26.994  -29.356 0.5000000000
43646  28.848  -26.503  -28.684 0.4000000060
43647  27.709  -26.354  -28.562 0.4000000060
44555  26.060  -25.358  -28.426 0.3000000119
41922  31.931  -28.081  -30.754 0.5000000000
42740  26.725  -27.744  -28.257 0.4000000060
42741  25.870  -27.442  -27.931 0.4000000060
42753  28.116  -27.396  -27.777 0.4000000060
43634  26.558  -27.019  -28.388 0.4000000060
118259  30.558  -26.919  -29.727 0.5000000000
43657  29.577  -26.169  -29.171 0.5000000000
44565  28.256  -26.058  -28.503 0.4000000060
44567  26.920  -25.657  -28.606 0.3000000119
115314  31.783  -26.391  -30.407 0.5000000000
43656  30.161  -26.355  -29.640 0.5000000000
107993  29.193  -25.798  -28.710 0.4000000060
43633  28.742  -25.765  -28.487 0.4000000060
45394  27.658  -24.961  -28.915 0.4000000060
44566  27.624  -25.549  -28.652 0.3000000119
45409  26.456  -24.817  -28.696 0.3000000119
45396  25.727  -24.617  -28.464 0.3000000119
44563  31.687  -25.384  -30.474 0.5000000000
107407  32.305  -25.705  -30.904 0.4000000060
44571  32.405  -25.139  -31.499 0.5000000000
45419  30.099  -24.954  -29.806 0.3000000119
44564  29.479  -25.433  -29.182 0.4000000060
45393  28.427  -24.718  -29.047 0.4000000060
45395  27.152  -24.438  -29.107 0.3000000119
45408  27.030  -24.983  -28.884 0.3000000119
108306  26.109  -24.211  -28.790 0.3000000119
46250  25.491  -23.838  -28.533 0.3000000119
45418  31.108  -24.821  -30.214 0.3000000119
45417  32.253  -24.509  -31.105 0.4000000060
122330  32.460  -24.490  -31.676 0.4000000060
45425  32.377  -24.183  -32.790 0.4000000060
115382  32.110  -23.981  -33.228 0.4000000060
45407  29.243  -24.642  -29.312 0.3000000119
121925  28.781  -24.282  -29.304 0.3000000119
46249  27.749  -24.422  -29.150 0.3000000119
46261  26.800  -23.717  -29.251 0.3000000119
106957  26.585  -24.311  -28.990 0.3000000119
46251  24.575  -23.396  -28.205 0.3000000119
106924  23.662  -22.993  -27.970 0.3000000119
46262  26.078  -23.473  -28.952 0.3000000119
47052  25.196  -22.911  -28.539 0.3000000119
47053  24.173  -22.373  -28.410 0.3000000119
46258  31.482  -24.127  -30.410 0.3000000119
46272  32.082  -23.826  -30.804 0.3000000119
47069  32.481  -23.432  -31.515 0.3000000119
46287  32.295  -23.342  -33.041 0.4000000060
47988  30.710  -21.260  -34.055 0.4000000060
47054  23.239  -22.200  -28.317 0.3000000119
46274  30.572  -23.311  -30.224 0.3000000119
106287  29.837  -24.038  -29.951 0.3000000119
45406  30.767  -24.106  -30.180 0.3000000119
46273  31.467  -23.441  -30.405 0.3000000119
47070  32.200  -22.938  -30.728 0.3000000119
47081  32.421  -22.590  -32.696 0.3000000119
47962  32.299  -21.883  -32.937 0.4000000060
115317  32.177  -21.220  -33.066 0.3000000119
47972  31.899  -21.736  -33.425 0.4000000060
112193  31.496  -21.234  -33.824 0.4000000060
48907  30.299  -20.514  -34.113 0.4000000060
113691  28.636  -19.940  -34.010 0.4000000060
48909  27.769  -20.076  -34.118 0.4000000060
48891  31.877  -20.800  -33.453 0.3000000119
49784  31.774  -19.770  -33.486 0.3000000119
49796  29.713  -19.708  -34.119 0.4000000060
49797  28.144  -19.329  -33.979 0.4000000060
50664  28.272  -17.947  -34.491 0.4000000060
120214  27.356  -18.096  -34.528 0.4000000060
114920  26.671  -17.691  -34.507 0.4000000060
51505  25.806  -17.950  -34.206 0.5000000000
48882  32.159  -20.431  -32.750 0.3000000119
112458  31.242  -18.951  -33.860 0.3000000119
49785  30.923  -19.748  -34.066 0.3000000119
119198  30.421  -19.100  -34.165 0.4000000060
50675  29.584  -18.867  -34.216 0.4000000060
50663  29.390  -18.110  -34.415 0.4000000060
50676  28.627  -18.736  -34.108 0.4000000060
51488  29.124  -17.350  -34.500 0.3000000119
51503  28.334  -17.107  -34.697 0.4000000060
104059  26.729  -17.018  -34.769 0.3000000119
51489  25.750  -16.961  -34.378 0.3000000119
51490  25.025  -17.363  -33.995 0.4000000060
116724  31.878  -18.743  -33.188 0.3000000119
50661  31.413  -18.148  -33.594 0.3000000119
50662  30.494  -18.294  -34.186 0.3000000119
51487  30.140  -17.450  -34.358 0.3000000119
52294  29.750  -16.693  -34.413 0.3000000119
125437  28.979  -16.878  -34.581 0.3000000119
51504  27.475  -17.419  -34.693 0.3000000119
52310  27.453  -16.543  -35.204 0.3000000119
53121  27.975  -15.623  -35.623 0.3000000119
51473  31.770  -17.492  -32.476 0.3000000119
51486  31.023  -17.503  -33.877 0.3000000119
108064  30.763  -16.799  -33.896 0.3000000119
120606  29.796  -16.012  -34.428 0.3000000119
52309  28.804  -16.354  -34.856 0.3000000119
53120  29.255  -15.382  -34.909 0.3000000119
53122  26.608  -15.345  -35.636 0.3000000119
53949  28.174  -14.734  -35.775 0.3000000119
53958  28.397  -13.875  -36.033 0.3000000119
115992  30.194  -28.965  -29.315 0.5000000000
33983  19.514  -38.277  -34.194 0.6000000238
33991  19.801  -38.170  -35.360 0.5000000000
34734  22.235  -37.537  -36.230 0.5000000000
110260  21.489  -37.832  -36.247 0.5000000000
36379  25.161  -35.390  -35.621 0.5000000000
35537  24.368  -36.488  -35.731 0.5000000000
112442  22.893  -37.038  -35.980 0.5000000000
29487  18.633  -43.360  -29.266 0.6000000238
29488  17.984  -43.180  -29.574 0.6000000238
30364  17.940  -42.347  -29.546 0.6000000238
30370  17.369  -42.829  -29.797 0.5000000000
30371  16.722  -42.643  -30.467 0.5000000000
31273  16.543  -41.647  -30.340 0.5000000000
117084  15.763  -41.333  -30.608 0.5000000000
32218  16.244  -40.787  -30.307 0.4000000060
33131  15.933  -39.954  -30.227 0.4000000060
33913  16.090  -38.115  -30.170 0.4000000060
36290  18.745  -35.496  -28.737 0.3000000119
37943  19.006  -34.079  -28.114 0.4000000060
37926  19.498  -33.533  -27.681 0.4000000060
39487  20.356  -31.396  -26.664 0.4000000060
117750  23.845  -29.151  -27.537 0.4000000060
40296  21.693  -30.668  -26.638 0.4000000060
114603  21.016  -29.751  -26.673 0.4000000060
41093  23.520  -29.674  -27.420 0.4000000060
123131  23.036  -29.585  -27.346 0.4000000060
41908  24.940  -27.970  -27.502 0.4000000060
41094  22.501  -29.193  -27.280 0.4000000060
43635  25.685  -26.605  -28.136 0.4000000060
122815  25.595  -25.857  -28.263 0.4000000060
44556  25.191  -25.187  -28.197 0.3000000119
45397  24.889  -24.339  -28.136 0.3000000119
45398  23.969  -23.967  -27.862 0.3000000119
113732  16.829  -36.775  -29.554 0.4000000060
40297  20.562  -30.583  -26.631 0.4000000060
114209  23.876  -28.442  -27.594 0.4000000060
41888  23.172  -28.940  -27.561 0.4000000060
120927  17.121  -37.431  -29.593 0.4000000060
36393  22.413  -35.188  -36.208 0.5000000000
116519  26.595  -31.449  -27.891 0.4000000060
41933  31.465  -28.424  -30.439 0.5000000000
45423  32.435  -24.738  -32.209 0.5000000000
40314  26.766  -30.604  -27.932 0.4000000060
42751  31.932  -27.325  -30.544 0.5000000000
47973  31.071  -21.938  -33.815 0.4000000060
50678  26.691  -18.649  -34.544 0.4000000060
50677  27.715  -18.706  -34.349 0.4000000060
34735  21.272  -37.104  -36.047 0.6000000238
119452  23.840  -36.089  -35.811 0.5000000000
38685  21.635  -32.487  -26.847 0.4000000060
38686  20.934  -33.158  -27.054 0.4000000060
38687  19.859  -32.881  -27.272 0.4000000060
40312  28.419  -30.346  -28.657 0.5000000000
123451  20.970  -31.073  -26.578 0.4000000060
41905  28.218  -28.821  -28.470 0.4000000060
41924  29.239  -28.105  -28.873 0.5000000000
42761  30.809  -27.703  -29.845 0.5000000000
108536  29.236  -27.350  -28.924 0.5000000000
42752  30.048  -27.947  -29.337 0.5000000000
44572  30.760  -25.732  -29.957 0.5000000000
115924  31.274  -27.093  -30.058 0.5000000000
44573  29.946  -25.750  -29.572 0.4000000060
45416  32.384  -24.042  -31.447 0.3000000119
113335  32.574  -24.042  -32.073 0.4000000060
46286  32.554  -23.343  -32.382 0.3000000119
48892  31.345  -20.531  -33.952 0.4000000060
47071  31.334  -22.672  -30.443 0.3000000119
114573  28.873  -19.279  -33.918 0.4000000060
51485  31.631  -17.451  -33.200 0.3000000119
117467  21.930  -29.675  -26.857 0.4000000060
26685  15.172  -46.727  -30.047 0.4000000060
124009  15.114  -46.364  -30.829 0.4000000060
27623  14.567  -46.057  -31.121 0.4000000060
27633  14.450  -45.216  -31.613 0.3000000119
28566  16.031  -45.484  -31.079 0.4000000060
113709  15.053  -44.816  -31.666 0.3000000119
29524  17.687  -41.971  -35.491 0.5000000000
28572  16.210  -44.168  -31.369 0.5000000000
110425  15.225  -43.983  -31.593 0.3000000119
32267  18.093  -40.690  -34.841 0.5000000000
33206  18.183  -39.942  -35.101 0.5000000000
32281  17.574  -41.199  -35.366 0.5000000000
113876  16.546  -43.482  -31.015 0.4000000060
33195  18.930  -39.406  -34.582 0.5000000000
32304  17.923  -40.724  -36.272 0.5000000000
33218  18.729  -39.673  -36.098 0.3000000119
33992  19.301  -38.557  -35.124 0.5000000000
33205  18.806  -39.237  -35.296 0.4000000060
34004  19.485  -38.951  -35.650 0.4000000060
33216  21.157  -39.355  -36.497 0.3000000119
33217  19.992  -39.676  -36.278 0.3000000119
34002  21.284  -38.492  -36.369 0.3000000119
34000  22.980  -38.261  -36.283 0.3000000119
125016  21.881  -39.052  -36.597 0.3000000119
34001  22.089  -38.375  -36.481 0.4000000060
34003  20.391  -38.699  -35.993 0.4000000060
32219  15.338  -40.512  -30.503 0.3000000119
34732  24.162  -37.412  -35.844 0.4000000060
33999  23.876  -38.283  -36.070 0.4000000060
119576  22.915  -37.608  -36.125 0.4000000060
33132  14.998  -39.611  -30.573 0.3000000119
34657  16.423  -37.386  -29.944 0.3000000119
37927  18.735  -33.184  -27.887 0.3000000119
39488  19.591  -31.883  -27.085 0.3000000119
38688  19.053  -32.460  -27.520 0.3000000119
41095  19.949  -29.813  -26.753 0.3000000119
115501  21.570  -28.801  -27.071 0.3000000119
114779  20.442  -28.945  -26.864 0.3000000119
114027  19.524  -29.045  -27.202 0.3000000119
42722  23.802  -27.492  -27.643 0.3000000119
41889  22.472  -28.277  -27.461 0.3000000119
42725  21.632  -27.850  -27.299 0.3000000119
42742  24.842  -26.985  -27.658 0.3000000119
43615  23.903  -26.539  -27.731 0.3000000119
42723  22.881  -27.514  -27.631 0.3000000119
42724  22.236  -27.491  -27.476 0.3000000119
107496  21.657  -27.077  -27.423 0.3000000119
43616  23.165  -26.141  -27.585 0.3000000119
43617  22.447  -26.726  -27.514 0.3000000119
43636  24.715  -26.004  -28.042 0.3000000119
44542  22.306  -25.560  -27.493 0.3000000119
30404  18.594  -42.276  -35.225 0.5000000000
34733  23.472  -37.568  -36.012 0.4000000060
33922  15.720  -39.011  -30.277 0.3000000119
112355  23.200  -28.147  -27.636 0.3000000119
104724  23.214  -26.894  -27.665 0.3000000119
30372  16.038  -42.664  -31.114 0.3000000119
123601  16.160  -42.033  -30.789 0.3000000119
31275  14.859  -41.117  -30.897 0.3000000119
23051  16.527  -50.706  -30.209 0.4000000060
22118  16.051  -51.208  -30.028 0.4000000060
23038  15.632  -50.816  -29.495 0.4000000060
22121  12.955  -51.123  -29.757 0.4000000060
23041  12.452  -50.304  -29.655 0.3000000119
23029  15.259  -50.249  -29.122 0.4000000060
23040  13.682  -50.429  -29.431 0.4000000060
23930  14.086  -49.598  -29.338 0.4000000060
28605  22.223  -44.764  -35.143 0.3000000119
23921  14.925  -49.598  -29.130 0.4000000060
24817  12.719  -48.930  -30.063 0.3000000119
123878  13.201  -48.330  -30.185 0.3000000119
24815  14.583  -48.901  -29.360 0.4000000060
25741  12.459  -47.349  -30.601 0.3000000119
24827  12.460  -48.183  -30.272 0.3000000119
26697  12.931  -46.585  -30.809 0.3000000119
113517  14.348  -48.220  -29.697 0.4000000060
25739  14.020  -47.137  -30.333 0.3000000119
26696  13.851  -46.508  -30.835 0.3000000119
108697  14.359  -52.113  -30.204 0.4000000060
22120  14.042  -51.383  -29.675 0.4000000060
27624  13.795  -45.607  -31.344 0.3000000119
26703  12.521  -46.013  -31.415 0.3000000119
22119  15.169  -51.539  -29.889 0.4000000060
22127  15.752  -51.516  -30.521 0.4000000060
23039  14.711  -50.757  -29.409 0.4000000060
23919  16.466  -50.013  -28.680 0.5000000000
23929  16.871  -50.327  -28.957 0.5000000000
24801  20.039  -48.103  -28.360 0.6000000238
24805  16.700  -48.672  -28.430 0.5000000000
24813  18.871  -49.145  -28.687 0.5000000000
24816  13.750  -48.810  -29.840 0.3000000119
24824  20.783  -48.487  -30.224 0.6000000238
25709  21.298  -47.301  -28.030 0.6000000238
25714  16.821  -47.663  -28.477 0.6000000238
25727  13.794  -47.855  -30.115 0.3000000119
25740  13.361  -47.196  -30.442 0.3000000119
26663  23.551  -46.986  -28.593 0.6000000238
26682  17.437  -46.017  -28.817 0.6000000238
26693  16.467  -46.251  -30.008 0.6000000238
26695  14.564  -46.687  -30.544 0.4000000060
26730  24.488  -46.394  -34.183 0.4000000060
27603  18.176  -45.798  -28.409 0.6999999881
27607  26.161  -44.522  -29.694 1.0000000000
27608  25.877  -44.898  -29.451 0.8000000119
27611  18.024  -45.097  -29.040 0.6999999881
27618  25.691  -45.154  -30.101 0.6000000238
27621  17.168  -45.120  -30.373 0.6000000238
27630  24.531  -45.187  -31.225 0.6000000238
27631  24.152  -45.422  -31.681 0.6000000238
27632  15.293  -45.605  -31.290 0.4000000060
28552  25.880  -44.592  -28.868 1.0000000000
28554  19.605  -44.011  -28.881 0.6999999881
28570  25.835  -44.166  -31.429 0.8000000119
29482  26.649  -42.951  -29.419 1.0000000000
29491  26.923  -42.678  -30.063 1.0000000000
29493  17.262  -43.631  -30.218 0.6000000238
29497  26.669  -43.207  -30.823 1.0000000000
29499  15.785  -43.333  -31.431 0.3000000119
29520  21.331  -43.347  -34.724 0.6000000238
30347  26.735  -42.264  -29.450 0.8999999762
30348  24.038  -42.704  -28.250 0.8999999762
30350  21.869  -42.332  -28.677 0.8999999762
30357  26.974  -42.157  -29.951 1.0000000000
30362  19.283  -42.893  -29.231 0.6000000238
30389  24.887  -42.925  -33.214 0.8000000119
30401  21.841  -42.935  -34.356 0.6000000238
30403  19.784  -42.421  -35.065 0.6000000238
31253  23.763  -41.700  -28.336 0.8999999762
31254  22.767  -41.105  -28.524 0.8999999762
31258  26.617  -41.739  -29.158 0.8999999762
31265  17.958  -41.403  -29.613 0.5000000000
31266  17.105  -41.071  -30.130 0.5000000000
31271  26.902  -41.812  -30.845 1.0000000000
31279  27.226  -40.914  -30.750 1.0000000000
31297  20.039  -40.910  -34.458 0.6000000238
31299  18.047  -40.915  -34.865 0.5000000000
31300  17.794  -40.879  -34.925 0.5000000000
31309  17.595  -41.371  -35.334 0.5000000000
31319  17.432  -41.616  -35.761 0.5000000000
32197  22.223  -40.190  -29.012 0.8999999762
32203  26.650  -41.056  -29.080 0.8999999762
32280  17.867  -40.691  -35.017 0.5000000000
32290  17.754  -40.620  -35.640 0.5000000000
33106  24.579  -39.701  -28.476 0.8999999762
33109  22.036  -39.575  -29.491 0.6999999881
33117  26.233  -39.232  -28.987 0.8999999762
33176  19.280  -39.609  -34.194 0.6999999881
33196  18.499  -40.102  -34.652 0.5000000000
33219  18.147  -39.940  -35.800 0.5000000000
33910  19.612  -38.655  -29.280 0.6000000238
33911  18.795  -38.546  -29.232 0.5000000000
33971  20.078  -38.068  -33.191 0.6999999881
34639  21.173  -37.536  -29.189 0.6999999881
34656  17.692  -37.019  -29.273 0.4000000060
34666  27.738  -37.532  -31.156 1.0000000000
35546  23.679  -36.764  -35.858 0.4000000060
36283  26.836  -34.779  -28.590 0.8000000119
36349  20.652  -34.435  -33.855 0.8999999762
36362  20.323  -34.874  -34.084 0.8999999762
36392  23.490  -35.483  -35.874 0.5000000000
37118  21.539  -34.616  -27.915 0.4000000060
37186  26.534  -34.226  -32.283 1.0000000000
37209  21.480  -34.677  -33.509 0.8999999762
37247  21.562  -34.534  -36.220 0.8000000119
37952  29.546  -33.614  -30.975 0.6999999881
37953  29.402  -34.020  -30.510 0.6999999881
37966  29.134  -33.632  -31.270 0.8000000119
37987  21.026  -33.245  -33.636 0.8999999762
38700  24.509  -33.069  -28.089 0.5000000000
38787  21.503  -32.400  -34.826 0.8000000119
39556  21.104  -31.271  -33.284 0.8999999762
39592  23.888  -31.392  -35.020 0.6999999881
40351  23.304  -30.362  -32.525 1.0000000000
40353  21.427  -30.626  -33.192 0.8999999762
40398  21.783  -30.904  -34.565 0.8000000119
41119  32.036  -28.399  -30.963 0.6999999881
41133  31.856  -28.682  -30.914 0.6999999881
41887  24.589  -28.886  -27.467 0.4000000060
41932  32.118  -28.178  -31.191 0.6999999881
42760  31.491  -27.740  -30.304 0.5000000000
42767  32.094  -27.742  -31.543 0.6999999881
42769  31.292  -27.525  -32.429 0.6999999881
43649  26.348  -26.184  -28.393 0.3000000119
43654  32.397  -26.418  -31.083 0.6999999881
43655  30.871  -26.479  -29.907 0.5000000000
43663  32.245  -26.408  -31.699 0.6000000238
43676  29.446  -26.500  -33.017 0.8000000119
44553  28.946  -25.273  -28.791 0.4000000060
44554  28.300  -25.389  -28.668 0.4000000060
44562  32.194  -25.052  -30.856 0.4000000060
44604  18.784  -25.444  -34.224 0.8999999762
45405  31.831  -24.600  -30.626 0.3000000119
45443  24.823  -24.037  -33.365 0.8000000119
45445  19.004  -23.813  -33.856 0.8000000119
45454  18.815  -24.725  -34.344 0.8000000119
46308  18.942  -23.203  -34.014 0.8000000119
47095  28.226  -23.037  -34.263 0.6000000238
47111  27.617  -22.549  -34.321 0.6999999881
47113  18.966  -22.417  -34.301 0.8000000119
47964  22.142  -21.804  -33.335 0.8999999762
47979  19.979  -20.724  -33.612 0.8000000119
47993  19.090  -20.825  -34.347 0.8000000119
48010  20.246  -19.930  -35.735 0.6000000238
48912  18.957  -19.801  -34.543 0.6999999881
49802  18.980  -18.228  -34.290 0.6999999881
50660  31.845  -18.007  -32.962 0.3000000119
50679  20.338  -17.073  -34.125 0.6000000238
51529  20.740  -15.766  -35.747 0.6000000238
52296  23.176  -16.064  -34.381 0.6000000238
52298  21.272  -16.004  -34.660 0.6000000238
52314  22.509  -14.940  -34.664 0.6000000238
52315  20.693  -15.395  -34.967 0.6000000238
52323  20.729  -15.003  -35.474 0.6000000238
52340  26.903  -16.996  -36.775 0.4000000060
52344  22.856  -14.252  -36.503 0.6000000238
53134  23.695  -13.859  -35.994 0.4000000060
53136  21.761  -13.739  -35.304 0.6000000238
53151  21.312  -14.201  -35.731 0.6000000238
54891  25.460  -12.028  -37.642 0.4000000060
54898  25.319  -12.147  -37.938 0.4000000060
103423  26.711  -33.223  -28.479 0.5000000000
103824  26.491  -43.892  -30.750 0.8999999762
104134  16.898  -49.943  -30.539 0.3000000119
106112  24.739  -35.899  -35.717 0.5000000000
106240  21.868  -35.205  -28.330 0.5000000000
107679  20.459  -45.143  -28.031 0.6999999881
107828  25.180  -30.101  -27.517 0.4000000060
108604  20.383  -48.207  -30.814 0.4000000060
108922  25.638  -45.279  -28.909 0.8000000119
109501  21.136  -29.890  -33.539 0.8999999762
111610  21.456  -38.345  -29.338 0.6999999881
111644  21.383  -31.782  -32.950 0.8999999762
112245  27.179  -31.041  -32.132 1.0000000000
112424  26.517  -32.654  -28.167 0.5000000000
112967  18.892  -39.830  -29.621 0.6000000238
114481  19.563  -42.137  -29.267 0.6999999881
114518  21.818  -39.044  -29.573 0.6999999881
114818  26.462  -16.021  -37.038 0.4000000060
114882  24.241  -38.072  -33.154 0.8999999762
115163  32.261  -24.977  -32.647 0.4000000060
115176  20.784  -32.969  -33.860 0.8999999762
115376  32.365  -25.860  -31.507 0.5000000000
116882  20.258  -22.914  -35.414 0.6999999881
117248  14.512  -50.120  -29.201 0.4000000060
117408  19.240  -38.711  -34.599 0.6000000238
118568  24.003  -30.092  -34.708 0.6999999881
118726  26.662  -30.650  -34.733 0.6000000238
119532  22.463  -20.767  -35.990 0.6000000238
119822  28.216  -26.785  -32.555 0.8000000119
120100  25.264  -44.081  -28.282 0.8999999762
120225  25.613  -32.389  -32.447 1.0000000000
120292  20.666  -19.509  -35.885 0.6000000238
120723  16.542  -39.518  -30.114 0.4000000060
120777  24.016  -30.191  -32.341 1.0000000000
121151  27.919  -37.972  -30.978 1.0000000000
121772  19.899  -39.240  -29.440 0.6999999881
121997  25.662  -21.055  -36.625 0.5000000000
122989  28.530  -13.944  -38.032 0.3000000119
123548  26.318  -44.320  -29.564 1.0000000000
124112  25.459  -31.089  -34.698 0.6000000238
124474  22.056  -47.643  -31.523 0.4000000060
124842  19.286  -33.003  -27.597 0.3000000119
124911  26.480  -36.832  -28.903 0.8999999762
124999  13.086  -47.797  -30.329 0.3000000119
125014  13.210  -45.982  -31.150 0.3000000119
125018  24.821  -43.848  -33.136 0.6999999881
