#!ascii label  , from subject 001 vox2ras=TkReg
1356
6435  19.578  -69.058  -48.195 0.5000000000
12222  19.727  -62.220  -42.587 0.6000000238
12237  19.280  -62.374  -43.307 0.6000000238
104658  18.019  -62.942  -43.101 0.6000000238
12238  18.694  -62.691  -43.619 0.6999999881
11309  18.069  -63.101  -44.017 0.6000000238
12271  19.423  -62.575  -45.345 0.6999999881
12254  18.729  -62.854  -44.607 0.6000000238
8669  19.590  -66.679  -42.348 0.5000000000
9549  20.948  -64.962  -44.938 0.6000000238
9539  20.983  -66.173  -43.673 0.6000000238
8680  19.744  -66.653  -43.158 0.5000000000
10423  21.086  -64.747  -46.557 0.5000000000
9562  20.606  -65.144  -45.834 0.4000000060
9550  20.701  -65.894  -44.481 0.5000000000
8688  20.136  -66.544  -44.012 0.6000000238
12133  17.833  -62.426  -36.339 0.5000000000
8740  21.558  -66.289  -49.055 0.4000000060
13083  17.992  -61.752  -36.993 0.5000000000
12134  16.845  -62.563  -36.482 0.5000000000
13105  18.246  -61.545  -37.833 0.6000000238
12179  19.409  -62.192  -40.137 0.6000000238
13146  20.014  -62.234  -41.635 0.6000000238
119787  20.389  -61.928  -42.114 0.6999999881
12193  19.369  -62.327  -41.075 0.6000000238
14111  20.580  -60.669  -43.563 0.6000000238
13175  20.342  -61.502  -44.000 0.6999999881
14124  21.178  -60.329  -44.906 0.6000000238
14125  20.641  -60.779  -44.464 0.6000000238
13192  20.054  -62.212  -44.540 0.6999999881
14136  21.594  -60.718  -45.942 0.6999999881
11327  17.996  -63.171  -45.001 0.6000000238
8646  20.151  -66.496  -40.922 0.5000000000
8668  20.373  -66.496  -42.587 0.6000000238
8657  20.279  -66.511  -41.770 0.5000000000
10422  21.633  -64.466  -45.265 0.6000000238
10408  21.668  -64.667  -44.454 0.6999999881
8679  20.485  -66.472  -43.242 0.6000000238
10434  21.101  -64.712  -47.625 0.4000000060
13081  19.681  -62.103  -36.881 0.5000000000
12132  18.708  -62.606  -36.314 0.5000000000
7182  21.022  -68.727  -48.892 0.5000000000
13095  18.691  -61.667  -37.149 0.5000000000
120833  20.744  -61.362  -39.228 0.6999999881
116439  18.996  -61.459  -37.810 0.6000000238
14058  21.408  -61.127  -39.527 0.6999999881
110902  20.164  -61.839  -39.627 0.6000000238
118758  19.389  -61.497  -38.333 0.6000000238
13131  20.840  -61.660  -40.131 0.6999999881
13132  20.142  -62.123  -40.666 0.6000000238
13145  20.747  -61.698  -41.257 0.6999999881
113622  21.025  -60.067  -43.144 0.6000000238
13159  20.786  -61.215  -42.128 0.6000000238
15045  21.584  -59.901  -44.395 0.6000000238
107853  20.288  -61.424  -42.955 0.6000000238
14123  22.132  -59.999  -45.314 0.6000000238
14135  22.595  -60.582  -46.461 0.6999999881
110494  18.927  -62.682  -46.560 0.6999999881
11346  17.144  -63.602  -46.373 0.5000000000
13206  20.434  -61.680  -46.039 0.6999999881
13207  20.091  -62.142  -45.472 0.6999999881
12272  18.535  -62.926  -45.691 0.6000000238
9516  21.290  -65.429  -41.537 0.5000000000
106942  20.697  -65.988  -41.213 0.5000000000
9504  20.498  -65.959  -40.487 0.5000000000
10393  22.162  -64.319  -43.196 0.6999999881
9517  20.998  -66.172  -42.057 0.6000000238
10421  22.405  -64.076  -45.712 0.5000000000
110967  22.146  -64.259  -44.825 0.6999999881
10407  22.202  -64.242  -44.095 0.6999999881
110904  21.468  -65.740  -43.249 0.6000000238
9527  21.073  -66.229  -42.874 0.6000000238
10441  21.693  -64.342  -47.947 0.4000000060
10433  21.693  -64.368  -47.143 0.4000000060
105737  21.647  -64.338  -46.151 0.5000000000
11209  20.418  -63.099  -37.004 0.5000000000
14028  21.173  -60.863  -37.662 0.5000000000
12150  20.861  -62.193  -37.182 0.5000000000
13094  19.440  -61.653  -37.198 0.5000000000
14057  21.838  -60.448  -38.969 0.6000000238
13103  20.518  -61.102  -37.869 0.5000000000
14071  22.070  -60.782  -39.991 0.6999999881
106558  22.959  -59.668  -40.755 0.6000000238
14083  21.903  -60.514  -41.102 0.6999999881
14072  21.442  -61.227  -40.561 0.6999999881
15016  23.311  -59.155  -42.059 0.6000000238
15002  22.123  -59.931  -41.877 0.6000000238
14084  21.274  -61.034  -41.451 0.6999999881
120802  23.804  -58.868  -43.304 0.6999999881
15017  22.553  -59.390  -42.409 0.6000000238
15018  21.731  -59.646  -42.743 0.6000000238
104846  23.982  -59.063  -45.080 0.6000000238
104571  23.318  -59.323  -43.936 0.6999999881
15044  22.354  -59.631  -44.247 0.6999999881
15074  25.142  -59.235  -46.639 0.6000000238
15060  23.921  -59.732  -46.238 0.6000000238
116281  23.097  -59.530  -45.134 0.6999999881
12299  17.669  -62.666  -47.503 0.6000000238
123322  23.052  -60.042  -46.045 0.6999999881
12270  19.750  -62.201  -46.588 0.6999999881
11362  17.639  -63.406  -47.165 0.6000000238
15075  24.711  -59.642  -47.715 0.6999999881
15076  24.341  -60.233  -47.510 0.6000000238
14134  23.578  -60.429  -47.036 0.8000000119
14153  22.069  -61.015  -46.892 0.6999999881
13217  21.345  -61.088  -47.411 0.6999999881
13218  20.424  -61.567  -47.198 0.6999999881
9503  21.077  -65.285  -40.564 0.6000000238
11308  22.609  -63.691  -43.676 0.6999999881
11291  22.628  -63.617  -42.780 0.6999999881
109801  21.871  -64.804  -42.595 0.6000000238
11344  23.366  -63.650  -45.689 0.5000000000
11326  22.773  -63.789  -44.674 0.6999999881
11376  23.221  -63.490  -47.828 0.4000000060
10432  22.220  -64.102  -46.717 0.5000000000
11222  20.801  -63.763  -37.806 0.5000000000
10316  20.391  -64.591  -38.192 0.5000000000
11208  21.245  -62.922  -37.469 0.5000000000
14027  21.992  -60.819  -37.570 0.6000000238
14954  23.311  -60.232  -38.752 0.6000000238
14044  21.826  -60.486  -38.116 0.6999999881
14045  21.076  -60.834  -38.451 0.6999999881
14970  23.054  -60.052  -39.242 0.6999999881
14070  22.538  -60.249  -39.518 0.6999999881
15000  23.521  -59.330  -41.204 0.6000000238
14985  23.645  -59.413  -40.320 0.6000000238
14082  22.505  -60.170  -40.412 0.6999999881
105921  25.377  -58.173  -42.737 0.6999999881
15875  24.650  -58.517  -42.135 0.6999999881
15862  24.087  -58.971  -41.671 0.6999999881
14154  17.513  -60.887  -46.883 0.6000000238
15890  25.352  -58.364  -44.069 0.6000000238
116786  24.526  -58.544  -43.152 0.6999999881
15876  23.900  -58.819  -42.540 0.6999999881
15931  26.029  -58.191  -46.526 0.6000000238
15932  25.941  -59.080  -46.454 0.6000000238
15922  26.446  -59.157  -45.895 0.6000000238
15907  26.144  -59.184  -45.169 0.6000000238
15891  24.299  -58.836  -44.074 0.6999999881
14172  18.035  -61.399  -47.503 0.6000000238
15943  25.142  -58.737  -46.797 0.6000000238
15058  25.834  -59.372  -45.846 0.6000000238
14179  20.340  -60.156  -47.928 0.6999999881
14170  19.585  -60.680  -47.799 0.6000000238
13230  19.074  -61.589  -47.717 0.6999999881
12298  18.348  -62.154  -47.613 0.6000000238
17578  25.503  -57.057  -46.282 0.5000000000
124519  24.746  -58.812  -47.028 0.6000000238
15945  24.300  -59.394  -48.239 0.8000000119
106497  23.544  -59.717  -48.552 0.8000000119
125450  22.522  -59.985  -48.325 0.8000000119
14168  22.293  -60.680  -47.599 0.8000000119
121184  20.684  -60.960  -47.696 0.6999999881
108820  19.939  -61.200  -47.693 0.6999999881
14150  24.444  -60.246  -48.266 0.8000000119
14167  23.269  -60.458  -48.009 0.8000000119
10382  22.243  -64.169  -42.267 0.6999999881
10368  21.677  -64.742  -41.059 0.6999999881
10353  21.683  -64.601  -40.287 0.6999999881
105232  20.576  -65.618  -39.746 0.6000000238
11307  23.092  -63.144  -44.023 0.6999999881
10333  21.257  -64.759  -39.545 0.6000000238
11325  23.511  -63.220  -44.818 0.6000000238
10315  21.032  -64.268  -38.645 0.5000000000
11221  21.530  -63.578  -38.170 0.5000000000
120661  16.091  -57.150  -40.462 0.6000000238
11207  22.036  -62.899  -37.828 0.5000000000
16680  15.945  -58.662  -40.943 0.5000000000
12148  22.534  -62.225  -37.634 0.5000000000
15877  16.758  -59.137  -41.840 0.6000000238
14025  23.421  -61.010  -37.788 0.6999999881
14026  22.689  -60.975  -37.558 0.6000000238
14953  24.127  -60.113  -38.935 0.6999999881
14043  22.777  -60.532  -37.969 0.6999999881
15908  17.032  -58.463  -44.684 0.6000000238
15844  24.856  -58.664  -40.385 0.6999999881
14984  24.338  -59.148  -39.965 0.6000000238
16677  26.336  -56.940  -41.642 0.6999999881
16678  25.873  -57.496  -41.262 0.6999999881
15861  24.751  -58.589  -41.231 0.6999999881
15061  17.720  -59.995  -46.542 0.6000000238
110221  16.942  -59.276  -45.998 0.6000000238
15889  26.195  -57.926  -43.381 0.6000000238
15874  25.332  -58.098  -41.701 0.6999999881
15077  18.388  -59.502  -47.142 0.6000000238
15078  16.773  -60.174  -46.242 0.6000000238
16722  27.193  -57.869  -45.035 0.6000000238
15888  26.509  -58.234  -44.563 0.6000000238
15950  19.038  -59.256  -47.431 0.6999999881
15090  18.917  -60.131  -47.691 0.6000000238
15091  18.374  -60.538  -47.349 0.6000000238
16741  26.684  -57.850  -46.139 0.6000000238
16755  22.023  -58.446  -47.452 0.6000000238
16746  21.236  -58.489  -47.041 0.6000000238
15088  20.551  -59.992  -48.077 0.6999999881
15089  19.726  -59.984  -47.771 0.6000000238
14171  18.712  -61.020  -47.693 0.6000000238
16754  22.744  -58.168  -47.512 0.6000000238
15947  21.754  -59.209  -47.803 0.8000000119
111874  23.446  -58.943  -48.034 0.6000000238
15946  22.674  -59.075  -48.003 0.6999999881
14178  20.893  -60.016  -48.277 0.8000000119
11290  23.218  -63.079  -42.533 0.6999999881
11275  22.795  -63.559  -41.762 0.6999999881
113724  22.571  -63.753  -40.961 0.6999999881
12236  23.570  -62.666  -44.227 0.6999999881
121098  22.956  -63.178  -43.280 0.6999999881
10332  21.955  -64.044  -39.820 0.6000000238
11237  21.750  -63.944  -39.005 0.6000000238
118661  17.609  -55.640  -39.243 0.6000000238
125288  17.322  -55.029  -39.857 0.6000000238
17502  16.861  -57.083  -39.958 0.6000000238
106153  16.331  -56.126  -40.342 0.6000000238
118158  22.187  -63.450  -38.472 0.6000000238
16664  16.382  -58.029  -40.505 0.5000000000
105780  24.200  -61.141  -38.392 0.6999999881
111791  23.623  -61.698  -38.037 0.6999999881
16696  17.544  -58.550  -41.780 0.4000000060
15846  16.762  -58.761  -40.932 0.5000000000
14055  24.863  -60.264  -39.244 0.6999999881
13102  24.955  -60.885  -39.002 0.8000000119
110215  17.921  -58.113  -42.536 0.5000000000
14968  24.598  -59.598  -39.451 0.6000000238
14042  23.726  -60.588  -38.323 0.6999999881
16724  17.615  -57.789  -44.358 0.6000000238
15860  25.384  -58.123  -40.819 0.6999999881
15843  25.515  -58.367  -40.037 0.6999999881
16736  17.721  -57.785  -45.220 0.6999999881
17533  27.590  -56.420  -42.388 0.6999999881
17516  26.981  -56.531  -41.564 0.6999999881
16735  18.491  -57.456  -45.374 0.5000000000
15937  17.753  -58.877  -46.434 0.6000000238
17546  28.618  -55.861  -43.604 0.6000000238
16692  27.558  -56.755  -43.474 0.6000000238
16693  26.790  -56.926  -42.549 0.6999999881
15936  18.502  -58.584  -46.806 0.6999999881
17547  27.942  -56.282  -44.050 0.6000000238
16707  26.983  -57.498  -43.880 0.6000000238
16747  19.806  -57.883  -46.193 0.5000000000
15935  19.279  -58.478  -46.948 0.6000000238
16733  27.051  -57.937  -45.730 0.6000000238
112041  21.951  -56.693  -46.152 0.6000000238
109158  20.726  -57.683  -46.437 0.5000000000
15949  19.914  -59.316  -47.405 0.6999999881
17581  22.793  -56.412  -45.887 0.6000000238
12221  23.921  -62.621  -42.419 0.6999999881
11274  23.641  -63.099  -41.656 0.6999999881
11256  23.277  -63.386  -40.776 0.6000000238
11236  22.632  -63.606  -39.178 0.6000000238
18382  18.016  -55.198  -38.735 0.4000000060
115702  17.312  -53.762  -39.449 0.5000000000
11235  23.289  -63.115  -38.983 0.6000000238
17481  18.147  -56.203  -38.785 0.5000000000
19353  16.438  -54.056  -40.803 0.6000000238
12192  24.321  -62.554  -40.101 0.6999999881
13114  24.729  -61.495  -39.093 0.6999999881
11220  22.830  -62.951  -38.290 0.6000000238
16662  18.002  -57.468  -40.450 0.5000000000
14054  25.690  -60.446  -39.556 0.6999999881
16695  18.374  -57.739  -41.993 0.4000000060
16657  28.778  -57.425  -40.955 0.6999999881
15841  27.422  -58.030  -40.230 0.6999999881
15826  27.367  -58.826  -40.102 0.6999999881
16708  18.336  -57.227  -43.158 0.6000000238
125377  29.392  -56.264  -41.600 0.6999999881
17496  29.076  -56.770  -41.349 0.6999999881
120218  26.089  -57.728  -40.418 0.6999999881
15828  25.853  -58.985  -39.641 0.6999999881
17559  18.564  -56.603  -44.198 0.5000000000
16723  17.983  -57.185  -44.049 0.5000000000
17532  28.509  -56.171  -42.467 0.6000000238
17515  27.853  -56.417  -41.591 0.6999999881
17498  27.370  -56.729  -40.879 0.6999999881
16660  26.496  -56.933  -40.918 0.6999999881
17560  18.292  -57.012  -44.759 0.5000000000
17556  28.505  -55.586  -44.490 0.5000000000
112845  29.315  -55.612  -43.147 0.6000000238
114246  28.068  -56.294  -43.176 0.6000000238
12207  24.349  -62.707  -41.602 0.6999999881
11254  24.086  -62.959  -40.858 0.6999999881
19331  17.833  -54.096  -38.856 0.4000000060
123030  24.784  -62.470  -41.546 0.6999999881
11255  23.760  -62.984  -40.210 0.6999999881
20369  17.217  -53.362  -39.274 0.4000000060
12206  24.776  -62.485  -40.857 0.6999999881
20377  16.842  -53.259  -39.665 0.6000000238
13129  26.149  -60.864  -39.935 0.8000000119
12176  25.049  -61.978  -39.879 0.6999999881
14052  27.125  -60.128  -40.113 0.6000000238
118713  15.863  -52.170  -39.644 0.6000000238
108747  27.935  -58.268  -40.333 0.6999999881
14982  28.083  -58.948  -40.669 0.6999999881
14965  26.965  -59.620  -39.870 0.6000000238
16676  29.499  -57.198  -41.312 0.6000000238
17531  29.903  -55.742  -41.685 0.6000000238
21307  13.854  -52.074  -38.716 0.5000000000
18424  29.945  -55.297  -42.526 0.6000000238
18407  29.306  -55.901  -42.096 0.6999999881
18438  30.133  -55.260  -44.064 0.5000000000
13144  25.688  -61.591  -41.167 0.6999999881
21297  17.101  -52.969  -39.072 0.4000000060
13143  26.131  -60.927  -40.743 0.8000000119
21305  16.872  -53.157  -39.477 0.5000000000
113908  27.440  -60.182  -41.418 0.8000000119
22216  16.206  -51.767  -39.195 0.4000000060
22215  16.643  -52.431  -39.370 0.4000000060
14069  26.732  -60.502  -40.350 0.6999999881
23173  14.907  -51.330  -38.509 0.4000000060
22230  16.291  -52.776  -39.850 0.5000000000
17512  30.442  -56.115  -41.627 0.6000000238
15859  29.213  -57.943  -41.076 0.6000000238
14998  28.794  -58.595  -41.134 0.6999999881
124831  14.553  -50.727  -37.943 0.4000000060
18422  31.671  -55.330  -42.363 0.6000000238
17513  29.759  -56.437  -41.502 0.6000000238
23176  12.966  -51.138  -38.539 0.4000000060
22224  14.551  -51.955  -38.999 0.6000000238
18437  30.549  -54.734  -43.125 0.5000000000
20404  31.183  -53.448  -43.881 0.5000000000
107760  17.035  -52.374  -38.380 0.4000000060
109371  25.990  -60.998  -41.725 0.8000000119
104216  16.512  -51.716  -38.471 0.4000000060
14081  26.759  -60.537  -41.312 0.6999999881
23152  15.405  -51.345  -38.535 0.4000000060
14997  28.996  -58.961  -41.942 0.6000000238
108256  28.431  -59.371  -41.453 0.6999999881
16675  30.198  -56.878  -41.554 0.6000000238
15858  29.934  -57.826  -41.665 0.6000000238
23131  14.171  -49.648  -37.932 0.4000000060
23153  13.432  -49.817  -38.247 0.4000000060
18423  30.699  -55.344  -42.125 0.6000000238
23154  12.917  -50.108  -38.352 0.4000000060
19384  31.713  -53.848  -43.104 0.4000000060
22206  17.011  -51.745  -37.288 0.4000000060
15015  27.952  -59.960  -41.872 0.6999999881
22207  16.291  -51.181  -37.354 0.4000000060
15873  29.764  -58.697  -42.201 0.6999999881
23130  14.897  -50.482  -37.658 0.4000000060
16690  31.305  -56.945  -41.970 0.6000000238
16691  30.725  -57.375  -41.931 0.6000000238
24044  13.206  -48.718  -38.325 0.4000000060
24064  12.284  -49.210  -37.864 0.3000000119
19383  32.625  -53.958  -42.999 0.4000000060
20401  33.002  -53.431  -43.446 0.4000000060
109278  33.307  -52.991  -43.938 0.4000000060
24042  14.514  -49.222  -37.458 0.4000000060
24043  13.902  -48.779  -38.007 0.4000000060
17530  32.243  -56.023  -42.379 0.6000000238
18436  33.022  -54.861  -42.901 0.6000000238
18435  33.636  -54.893  -43.646 0.6000000238
110692  33.562  -53.684  -43.761 0.4000000060
20409  34.100  -53.535  -44.414 0.5000000000
21345  33.468  -52.535  -44.717 0.4000000060
22179  10.129  -50.890  -35.566 0.3000000119
108603  34.500  -52.040  -45.850 0.4000000060
24011  16.092  -49.203  -35.036 0.4000000060
22177  12.028  -50.774  -35.329 0.3000000119
20307  8.551  -53.343  -34.339 0.4000000060
24002  16.888  -48.917  -34.406 0.4000000060
24892  15.101  -48.379  -34.204 0.4000000060
23097  12.908  -50.692  -35.239 0.3000000119
24004  14.081  -49.418  -35.043 0.3000000119
21242  9.654  -51.884  -35.143 0.3000000119
22178  11.030  -50.785  -35.355 0.3000000119
21243  8.731  -52.265  -34.906 0.3000000119
24876  16.417  -48.068  -33.601 0.4000000060
24878  15.012  -48.288  -33.905 0.4000000060
24893  14.879  -48.598  -34.506 0.4000000060
22159  11.686  -51.720  -34.866 0.3000000119
22160  10.733  -51.838  -35.027 0.3000000119
19247  7.520  -55.136  -30.793 0.4000000060
20249  7.702  -54.038  -29.972 0.3000000119
108729  7.619  -53.057  -30.079 0.3000000119
116493  10.492  -52.858  -34.623 0.3000000119
20306  9.563  -53.074  -34.506 0.3000000119
23981  15.415  -48.558  -33.314 0.4000000060
24003  14.748  -48.769  -34.427 0.4000000060
23096  13.629  -50.510  -34.689 0.3000000119
123550  13.204  -51.171  -34.781 0.3000000119
21240  12.243  -52.527  -34.233 0.3000000119
19263  8.341  -55.217  -32.691 0.3000000119
20305  11.122  -53.375  -34.072 0.3000000119
19229  7.667  -54.707  -30.286 0.3000000119
20292  10.400  -53.830  -33.861 0.3000000119
111574  8.395  -54.407  -30.717 0.4000000060
20248  8.089  -53.788  -30.524 0.3000000119
20268  8.802  -53.626  -31.204 0.3000000119
121893  8.022  -53.121  -31.014 0.3000000119
23072  14.787  -50.044  -33.394 0.4000000060
23079  14.116  -50.938  -33.956 0.4000000060
21239  13.043  -52.427  -34.118 0.3000000119
18306  8.073  -55.290  -31.453 0.4000000060
20303  12.815  -53.270  -33.654 0.3000000119
18318  8.634  -55.370  -32.090 0.3000000119
19228  8.301  -54.982  -30.898 0.4000000060
18305  8.958  -55.231  -31.521 0.4000000060
21222  8.599  -52.632  -31.645 0.3000000119
117000  15.162  -50.586  -32.834 0.4000000060
22150  14.112  -51.838  -33.690 0.4000000060
21230  13.643  -52.649  -33.675 0.4000000060
20290  12.643  -53.790  -33.106 0.4000000060
20291  11.348  -54.052  -33.579 0.3000000119
18303  10.714  -55.168  -32.290 0.3000000119
18304  9.934  -55.225  -31.645 0.3000000119
110543  9.976  -54.528  -31.274 0.3000000119
112781  9.984  -53.643  -31.352 0.5000000000
123721  9.271  -54.274  -31.140 0.4000000060
21221  9.476  -52.945  -31.756 0.4000000060
22146  9.256  -51.241  -32.471 0.3000000119
21226  14.334  -52.451  -33.036 0.4000000060
104829  13.481  -53.384  -32.981 0.4000000060
20280  12.593  -53.803  -32.485 0.3000000119
20266  11.345  -54.006  -31.565 0.3000000119
21211  11.392  -52.305  -31.193 0.3000000119
19276  11.469  -54.639  -33.122 0.3000000119
19244  11.424  -54.590  -31.960 0.3000000119
20267  10.611  -54.056  -31.364 0.3000000119
108140  11.013  -53.243  -31.476 0.3000000119
22131  10.978  -51.623  -31.141 0.3000000119
19245  10.693  -54.656  -31.594 0.3000000119
121475  10.519  -52.480  -31.640 0.3000000119
23075  8.774  -50.551  -32.762 0.3000000119
23948  16.666  -49.430  -31.411 0.3000000119
22144  15.551  -51.029  -32.232 0.3000000119
22137  15.239  -51.940  -31.720 0.3000000119
21209  13.687  -52.562  -30.654 0.3000000119
22129  12.417  -51.748  -30.149 0.3000000119
22130  11.591  -51.629  -30.493 0.3000000119
21218  13.888  -52.942  -31.467 0.3000000119
21219  12.960  -52.911  -31.198 0.3000000119
21210  12.158  -52.336  -30.803 0.3000000119
23052  11.043  -50.890  -30.265 0.3000000119
23053  10.675  -50.900  -31.107 0.3000000119
22138  10.488  -51.577  -31.944 0.3000000119
23063  9.961  -51.252  -32.386 0.3000000119
22139  9.615  -52.020  -32.112 0.3000000119
117941  17.321  -49.384  -31.057 0.3000000119
22136  15.865  -51.257  -31.343 0.3000000119
106906  15.243  -51.991  -30.727 0.3000000119
22128  13.379  -51.937  -30.055 0.3000000119
22122  11.872  -50.966  -29.887 0.3000000119
117182  10.653  -50.215  -30.195 0.3000000119
115159  10.570  -50.299  -31.241 0.3000000119
23073  10.386  -50.718  -32.237 0.3000000119
23965  8.714  -49.960  -33.376 0.3000000119
23041  12.452  -50.304  -29.655 0.3000000119
23042  11.290  -50.198  -29.766 0.3000000119
23950  10.592  -49.740  -32.014 0.3000000119
23963  10.055  -49.828  -32.790 0.3000000119
23074  9.538  -50.528  -32.787 0.3000000119
23964  9.342  -49.814  -33.301 0.3000000119
23932  11.956  -49.563  -29.762 0.3000000119
23942  10.930  -49.493  -29.875 0.3000000119
23943  10.568  -49.514  -30.643 0.3000000119
23931  13.127  -49.631  -29.675 0.3000000119
23941  11.616  -48.778  -30.033 0.3000000119
24828  10.859  -48.676  -30.432 0.3000000119
24841  10.561  -48.733  -31.386 0.3000000119
24860  10.306  -48.813  -32.678 0.3000000119
25764  9.772  -48.174  -33.523 0.3000000119
7183  20.086  -68.641  -48.751 0.5000000000
7190  20.389  -68.143  -49.287 0.5000000000
8000  21.399  -67.144  -49.215 0.4000000060
13176  19.967  -62.180  -43.583 0.6999999881
10451  21.302  -64.801  -48.381 0.4000000060
7189  21.385  -68.115  -49.203 0.5000000000
15027  22.365  -59.304  -43.284 0.6000000238
13092  21.400  -61.406  -37.407 0.5000000000
15026  23.165  -59.070  -42.906 0.6000000238
107172  25.466  -61.231  -39.534 0.8000000119
12163  24.073  -61.904  -38.734 0.6999999881
14966  26.212  -59.655  -39.673 0.6000000238
110026  29.440  -55.454  -44.480 0.5000000000
16659  27.000  -57.451  -40.452 0.6999999881
23174  14.283  -51.237  -38.386 0.4000000060
117773  30.515  -54.849  -44.534 0.5000000000
17511  31.375  -56.137  -41.855 0.6000000238
20403  32.199  -53.265  -43.386 0.4000000060
15872  30.591  -58.279  -42.547 0.6000000238
16689  31.987  -56.938  -42.444 0.6000000238
24926  12.882  -48.725  -37.608 0.3000000119
19382  33.359  -54.180  -43.360 0.4000000060
19391  33.979  -54.295  -43.960 0.4000000060
24891  16.009  -48.510  -34.220 0.4000000060
22145  15.021  -51.665  -32.630 0.3000000119
23061  16.258  -50.318  -31.052 0.3000000119
15905  30.782  -58.967  -43.942 0.5000000000
15024  29.497  -59.689  -43.626 0.5000000000
14097  28.083  -60.272  -42.736 0.6999999881
14108  27.509  -60.750  -43.261 0.6999999881
13158  25.380  -61.673  -42.205 0.6000000238
15012  30.191  -59.139  -43.157 0.5000000000
15013  29.306  -59.373  -42.726 0.6000000238
14098  27.242  -60.415  -42.265 0.6000000238
13174  24.585  -61.681  -43.776 0.6000000238
110745  23.512  -62.630  -43.385 0.6000000238
14107  28.251  -60.477  -43.652 0.6999999881
13172  26.102  -61.327  -43.595 0.6000000238
13173  25.315  -61.463  -43.259 0.6000000238
14109  26.698  -60.929  -42.966 0.6999999881
13157  25.965  -61.171  -42.658 0.6000000238
12235  24.198  -62.099  -43.159 0.6000000238
13188  27.191  -61.399  -44.780 0.6999999881
13189  26.358  -61.580  -44.500 0.6999999881
13204  25.868  -61.994  -45.177 0.6000000238
12251  24.593  -62.030  -44.554 0.6000000238
14121  28.431  -60.592  -44.615 0.6000000238
13171  26.984  -61.268  -43.833 0.6999999881
13190  25.333  -61.606  -44.312 0.6000000238
14120  29.136  -60.207  -45.038 0.6000000238
121866  32.462  -57.607  -44.879 0.5000000000
123595  30.727  -58.707  -43.226 0.5000000000
14132  28.753  -60.818  -45.523 0.6999999881
13203  26.649  -61.763  -45.433 0.6000000238
12252  24.097  -62.649  -44.768 0.6000000238
17564  32.975  -57.023  -45.006 0.5000000000
15887  31.294  -58.320  -43.413 0.5000000000
18453  34.998  -55.239  -45.435 0.5000000000
16719  32.722  -57.199  -44.029 0.5000000000
19401  35.639  -54.502  -45.590 0.4000000060
11293  17.579  -63.653  -42.602 0.4000000060
105865  18.447  -62.895  -41.860 0.4000000060
105428  17.865  -63.487  -41.824 0.4000000060
117540  18.733  -62.587  -41.347 0.5000000000
12194  18.679  -62.457  -40.637 0.5000000000
12195  18.040  -62.688  -40.330 0.5000000000
17555  33.251  -56.371  -43.963 0.5000000000
12180  18.521  -62.202  -39.603 0.5000000000
12168  15.871  -62.898  -37.655 0.6000000238
18445  34.222  -54.974  -44.422 0.4000000060
13117  18.708  -61.702  -38.576 0.5000000000
12165  17.806  -62.044  -38.652 0.5000000000
12152  16.526  -62.349  -37.279 0.5000000000
117096  17.428  -63.992  -41.891 0.5000000000
11276  17.483  -63.817  -41.244 0.5000000000
104567  16.879  -64.058  -40.699 0.5000000000
11258  17.387  -63.280  -40.427 0.5000000000
120138  16.298  -63.974  -40.310 0.5000000000
12181  17.598  -62.595  -39.648 0.5000000000
11238  16.518  -63.170  -39.230 0.5000000000
11239  15.913  -63.351  -38.689 0.5000000000
12182  17.065  -62.622  -38.935 0.5000000000
20421  36.175  -53.871  -45.796 0.4000000060
19390  34.689  -54.402  -44.747 0.4000000060
21358  35.350  -52.833  -45.939 0.4000000060
11363  16.736  -63.570  -47.200 0.5000000000
10354  16.127  -64.336  -40.989 0.5000000000
16705  32.584  -56.610  -43.168 0.5000000000
14173  17.037  -61.699  -47.481 0.5000000000
13233  16.131  -62.154  -47.596 0.5000000000
13221  14.601  -61.945  -47.084 0.5000000000
118844  16.432  -62.710  -47.592 0.5000000000
20422  35.177  -53.724  -45.098 0.4000000060
14155  16.533  -60.950  -46.709 0.5000000000
14156  15.674  -60.993  -46.587 0.5000000000
14138  15.870  -60.272  -46.033 0.5000000000
14139  15.066  -60.501  -45.917 0.5000000000
14157  14.892  -61.194  -46.517 0.5000000000
13222  13.881  -62.435  -46.818 0.4000000060
15046  15.986  -59.819  -44.204 0.5000000000
15064  14.259  -60.207  -45.318 0.6000000238
14140  13.714  -60.859  -45.659 0.6000000238
15062  16.175  -59.788  -45.437 0.5000000000
15030  15.691  -59.598  -43.480 0.5000000000
15047  15.296  -59.951  -43.919 0.5000000000
15048  14.531  -59.878  -44.304 0.6000000238
15065  13.183  -60.138  -45.204 0.6000000238
14141  12.855  -60.866  -45.304 0.6000000238
14142  11.999  -60.828  -45.147 0.5000000000
14143  11.234  -60.862  -45.041 0.5000000000
15068  10.737  -60.488  -45.011 0.5000000000
15909  16.455  -59.299  -44.001 0.5000000000
15029  16.213  -59.258  -43.170 0.5000000000
15020  15.715  -59.214  -42.772 0.5000000000
15031  14.873  -59.548  -43.679 0.5000000000
15879  14.733  -58.043  -43.089 0.6000000238
15911  13.176  -58.564  -44.602 0.6000000238
15050  12.745  -59.323  -45.038 0.6000000238
15066  12.300  -60.145  -45.185 0.6000000238
15052  11.037  -59.823  -44.812 0.5000000000
18416  8.774  -55.840  -40.922 0.5000000000
15915  9.246  -58.896  -44.166 0.5000000000
15892  16.965  -58.647  -43.553 0.5000000000
15863  15.993  -59.185  -41.457 0.5000000000
15864  15.288  -58.593  -41.561 0.6000000238
16697  14.686  -57.714  -42.432 0.6000000238
17549  14.043  -56.942  -42.761 0.6000000238
16726  13.531  -58.007  -43.924 0.6000000238
16711  13.782  -57.597  -43.160 0.6000000238
16727  12.924  -58.105  -44.096 0.6000000238
16712  13.265  -57.585  -43.177 0.6000000238
15051  11.934  -59.521  -44.983 0.6000000238
15913  11.495  -59.021  -44.406 0.5000000000
15914  10.344  -59.302  -44.175 0.5000000000
15896  9.896  -58.742  -43.571 0.5000000000
16714  10.578  -58.205  -42.525 0.5000000000
16715  9.470  -58.576  -42.641 0.5000000000
15880  8.904  -58.125  -41.812 0.5000000000
17521  15.000  -57.210  -41.652 0.6000000238
115121  14.892  -56.069  -41.777 0.6000000238
18427  14.600  -55.488  -41.943 0.6000000238
18429  14.102  -55.395  -42.283 0.6000000238
18442  14.032  -56.060  -42.504 0.6000000238
110418  13.132  -56.693  -42.728 0.6000000238
17538  13.443  -55.874  -42.465 0.6000000238
17551  12.490  -57.199  -42.661 0.5000000000
17540  11.909  -56.467  -41.891 0.5000000000
16713  11.818  -58.094  -42.924 0.5000000000
17541  11.060  -56.541  -41.508 0.5000000000
18414  10.618  -55.085  -41.019 0.6000000238
16699  10.269  -57.029  -41.623 0.5000000000
17523  10.299  -55.906  -41.189 0.5000000000
18399  10.134  -54.993  -40.815 0.5000000000
106014  10.333  -55.822  -39.533 0.5000000000
19377  15.001  -54.796  -41.620 0.6000000238
19365  14.194  -54.385  -41.596 0.6000000238
19380  12.811  -54.791  -41.703 0.6000000238
18431  12.165  -55.677  -41.639 0.6000000238
19356  11.111  -54.927  -40.829 0.6000000238
19344  10.833  -54.874  -40.562 0.5000000000
20399  15.518  -54.206  -41.362 0.6000000238
18412  12.300  -55.088  -41.416 0.6000000238
19343  11.827  -54.885  -40.475 0.6000000238
106128  11.509  -55.019  -39.937 0.5000000000
21316  15.607  -52.821  -40.450 0.6000000238
21326  15.895  -53.132  -40.851 0.6000000238
21327  14.889  -53.047  -41.074 0.6000000238
20379  13.883  -53.726  -41.102 0.6000000238
19355  12.364  -54.699  -40.792 0.6000000238
104078  12.805  -54.476  -40.223 0.5000000000
21317  14.735  -52.881  -40.048 0.6000000238
119078  14.227  -53.382  -40.505 0.6000000238
120235  14.341  -52.857  -39.132 0.6000000238
114156  13.280  -54.107  -40.457 0.6000000238
20360  13.515  -53.070  -38.584 0.6000000238
20345  12.928  -53.644  -38.035 0.5000000000
21298  12.570  -52.126  -38.755 0.4000000060
12220  24.688  -62.287  -42.215 0.6000000238
15871  31.307  -57.613  -42.554 0.5000000000
16706  32.323  -57.311  -43.343 0.5000000000
17562  34.523  -56.060  -45.794 0.5000000000
18454  34.172  -55.583  -44.991 0.5000000000
11260  16.025  -63.642  -39.647 0.6000000238
15910  14.057  -58.832  -44.219 0.6000000238
16710  14.152  -57.671  -43.150 0.6000000238
16728  12.090  -58.348  -43.953 0.6000000238
16698  11.406  -57.315  -42.132 0.5000000000
112344  14.725  -53.841  -41.385 0.6000000238
105938  13.236  -54.343  -41.451 0.6000000238
20370  13.960  -53.598  -39.527 0.6000000238
19333  13.555  -53.990  -38.718 0.6000000238
6427  19.936  -69.204  -47.036 0.4000000060
4965  21.419  -70.868  -45.780 0.5000000000
112501  22.261  -70.441  -45.858 0.5000000000
5681  21.704  -69.946  -46.115 0.4000000060
6426  21.142  -69.263  -47.278 0.4000000060
6425  21.973  -69.003  -47.502 0.4000000060
6434  20.577  -69.078  -48.132 0.4000000060
122102  23.256  -70.298  -45.734 0.5000000000
5676  22.684  -70.688  -45.681 0.5000000000
6424  22.369  -68.610  -47.199 0.5000000000
6432  22.543  -69.032  -48.598 0.5000000000
6433  21.651  -69.129  -48.361 0.4000000060
108520  23.613  -69.760  -45.746 0.5000000000
6414  23.533  -69.400  -46.094 0.5000000000
6423  22.872  -68.463  -46.656 0.5000000000
6431  22.905  -68.593  -48.223 0.5000000000
7181  21.915  -68.966  -49.047 0.4000000060
7180  22.447  -68.617  -49.059 0.4000000060
6413  23.985  -68.952  -45.586 0.5000000000
6422  23.704  -68.609  -46.193 0.5000000000
7174  24.082  -67.915  -46.339 0.5000000000
7175  23.112  -67.876  -47.030 0.5000000000
7179  23.221  -68.067  -48.207 0.5000000000
7188  22.095  -67.850  -49.155 0.4000000060
11343  24.169  -63.183  -45.624 0.5000000000
11359  23.952  -63.218  -46.647 0.4000000060
106760  23.744  -62.947  -47.661 0.4000000060
116803  23.678  -63.071  -48.160 0.4000000060
11387  22.957  -63.834  -48.175 0.4000000060
10450  22.071  -64.379  -48.258 0.4000000060
7178  23.829  -67.521  -47.134 0.5000000000
113571  23.083  -65.082  -48.682 0.4000000060
9598  22.441  -65.328  -48.783 0.4000000060
8736  22.394  -66.225  -48.922 0.4000000060
124537  24.359  -66.949  -47.050 0.4000000060
7994  23.883  -67.334  -47.779 0.5000000000
8735  23.084  -67.004  -48.877 0.4000000060
7187  22.980  -68.047  -49.021 0.4000000060
11386  24.397  -62.994  -48.551 0.4000000060
10449  23.363  -64.404  -48.424 0.4000000060
7987  25.601  -66.468  -46.047 0.4000000060
9597  23.891  -65.380  -48.339 0.4000000060
110287  23.163  -65.948  -48.727 0.4000000060
8728  25.113  -66.220  -46.775 0.4000000060
124083  24.492  -66.579  -47.506 0.4000000060
8734  23.853  -66.664  -48.295 0.4000000060
7995  23.436  -67.554  -48.439 0.4000000060
12269  24.822  -62.650  -45.484 0.5000000000
12281  24.600  -62.562  -46.649 0.4000000060
12297  24.860  -62.055  -47.523 0.4000000060
11374  25.004  -62.416  -48.292 0.4000000060
11385  25.286  -63.078  -48.601 0.4000000060
117052  24.894  -63.830  -48.480 0.4000000060
9596  24.947  -65.112  -48.163 0.4000000060
8727  26.129  -65.982  -46.894 0.4000000060
9595  25.974  -65.467  -47.940 0.4000000060
110986  24.568  -66.079  -47.996 0.4000000060
12250  25.204  -62.143  -45.055 0.5000000000
12268  25.499  -62.451  -45.776 0.5000000000
12280  25.622  -62.414  -46.795 0.5000000000
11373  25.804  -62.747  -48.267 0.4000000060
11384  26.277  -63.696  -48.198 0.4000000060
10446  26.949  -64.918  -48.155 0.4000000060
9594  27.583  -64.847  -48.172 0.4000000060
12278  27.270  -62.488  -47.036 0.4000000060
13202  27.457  -61.539  -45.769 0.5000000000
12294  27.614  -63.010  -47.530 0.4000000060
11372  26.862  -63.434  -47.817 0.4000000060
13229  28.131  -62.260  -47.309 0.5000000000
12293  28.610  -62.996  -47.801 0.4000000060
11382  28.699  -63.959  -48.150 0.4000000060
13201  28.301  -61.365  -46.069 0.6000000238
13227  29.852  -62.165  -46.667 0.5000000000
12291  30.223  -62.526  -46.781 0.4000000060
107195  15.547  -56.310  -41.136 0.5000000000
19363  15.766  -54.193  -41.275 0.5000000000
21314  16.389  -53.080  -40.062 0.5000000000
18410  15.996  -54.948  -40.918 0.5000000000
20388  16.163  -53.423  -40.794 0.5000000000
18411  15.198  -55.067  -41.559 0.5000000000
5679  23.151  -70.112  -46.068 0.5000000000
5680  22.339  -69.423  -46.389 0.5000000000
11375  24.324  -62.502  -48.035 0.4000000060
8733  25.173  -65.946  -47.526 0.4000000060
12296  25.602  -62.298  -47.784 0.4000000060
12295  26.547  -62.838  -47.559 0.4000000060
10447  25.711  -64.327  -48.237 0.4000000060
13216  26.960  -62.030  -46.333 0.5000000000
104163  28.244  -64.503  -48.274 0.4000000060
13215  27.760  -61.777  -46.681 0.5000000000
13214  28.630  -61.757  -46.776 0.6000000238
12307  29.208  -63.422  -47.872 0.5000000000
14148  29.971  -60.922  -46.408 0.5000000000
18451  38.067  -55.307  -46.035 0.3000000119
119163  37.073  -56.604  -46.718 0.3000000119
18465  37.113  -55.973  -46.764 0.3000000119
18464  37.855  -55.239  -46.197 0.3000000119
19398  38.772  -54.917  -46.229 0.3000000119
118365  38.963  -53.890  -45.079 0.3000000119
20408  38.816  -54.079  -45.728 0.3000000119
16738  36.684  -57.284  -46.552 0.3000000119
16749  36.194  -57.519  -46.911 0.4000000060
16750  35.243  -57.676  -47.117 0.4000000060
16737  37.190  -56.741  -46.313 0.3000000119
17584  34.503  -57.087  -46.930 0.4000000060
17574  35.690  -56.861  -47.030 0.4000000060
16731  32.630  -57.690  -45.721 0.4000000060
15904  31.396  -58.623  -44.548 0.4000000060
18444  38.145  -55.564  -45.722 0.3000000119
18466  36.442  -56.162  -46.956 0.3000000119
17576  33.954  -56.695  -46.266 0.4000000060
20419  38.770  -53.818  -45.942 0.3000000119
19412  37.438  -54.966  -46.489 0.3000000119
15081  33.625  -59.473  -47.687 0.4000000060
15082  32.736  -59.589  -47.572 0.4000000060
15072  30.897  -59.938  -46.719 0.4000000060
15057  30.776  -59.695  -46.195 0.4000000060
15926  36.298  -58.024  -46.544 0.4000000060
15940  33.829  -58.539  -47.382 0.4000000060
15941  32.916  -58.755  -47.309 0.4000000060
15071  31.491  -59.509  -46.736 0.4000000060
15056  31.336  -59.353  -46.025 0.4000000060
16729  36.809  -57.445  -46.018 0.3000000119
15928  33.227  -58.055  -47.002 0.4000000060
15919  32.372  -58.364  -46.380 0.4000000060
103698  30.169  -59.497  -44.281 0.4000000060
16716  37.289  -56.847  -45.845 0.3000000119
15041  30.828  -59.269  -45.134 0.4000000060
17552  37.767  -56.349  -45.423 0.3000000119
16730  33.229  -57.138  -45.941 0.4000000060
18452  36.055  -55.353  -46.403 0.4000000060
14162  32.753  -60.623  -48.115 0.4000000060
14147  30.704  -60.477  -46.658 0.4000000060
116896  34.067  -60.239  -47.850 0.4000000060
108313  32.165  -60.077  -47.229 0.4000000060
15918  36.189  -58.818  -45.857 0.3000000119
15079  35.533  -59.180  -47.095 0.4000000060
17542  37.251  -56.375  -44.306 0.3000000119
17553  37.291  -56.890  -45.224 0.3000000119
15042  29.998  -59.852  -45.400 0.4000000060
18433  37.900  -55.557  -44.473 0.3000000119
14165  30.357  -61.326  -46.539 0.4000000060
14163  31.978  -60.871  -47.418 0.4000000060
20431  37.215  -53.551  -46.420 0.3000000119
19400  36.637  -54.716  -46.334 0.3000000119
119827  29.535  -59.844  -44.502 0.4000000060
14131  29.537  -60.501  -45.876 0.4000000060
14149  29.158  -61.207  -46.237 0.4000000060
115793  30.759  -61.745  -46.705 0.4000000060
17573  36.672  -56.771  -46.984 0.3000000119
19410  38.519  -54.686  -46.144 0.3000000119
20418  39.074  -53.258  -45.559 0.3000000119
15939  34.911  -58.464  -47.296 0.4000000060
17575  34.806  -56.545  -46.575 0.4000000060
16740  32.890  -57.836  -46.473 0.4000000060
15903  31.980  -58.252  -45.357 0.4000000060
18467  35.454  -56.041  -46.488 0.4000000060
123519  34.308  -59.722  -47.648 0.4000000060
15084  31.336  -60.006  -46.892 0.4000000060
15942  32.320  -58.922  -47.165 0.4000000060
15917  36.481  -58.148  -46.115 0.3000000119
15929  32.537  -58.447  -46.931 0.4000000060
15080  34.971  -60.018  -47.318 0.4000000060
15070  35.604  -59.735  -46.560 0.3000000119
16717  36.856  -57.422  -45.430 0.3000000119
3224  18.614  -74.189  -44.369 0.3000000119
3225  17.964  -73.906  -44.453 0.3000000119
3222  20.065  -73.906  -43.778 0.3000000119
3216  17.998  -74.186  -43.821 0.3000000119
3746  19.118  -74.099  -44.753 0.3000000119
3747  18.509  -73.970  -44.785 0.3000000119
3221  20.823  -74.042  -43.435 0.3000000119
2723  20.350  -74.374  -43.009 0.3000000119
3215  18.847  -74.366  -43.679 0.3000000119
3737  21.281  -73.913  -43.447 0.3000000119
3744  20.330  -73.759  -43.862 0.3000000119
3753  19.312  -73.639  -44.960 0.3000000119
5682  20.899  -70.130  -45.846 0.3000000119
3205  21.523  -74.504  -42.522 0.3000000119
2705  20.900  -74.706  -42.554 0.3000000119
3736  22.183  -73.697  -43.027 0.3000000119
3213  21.219  -74.440  -43.085 0.3000000119
2715  20.178  -74.401  -42.807 0.3000000119
4318  19.826  -72.403  -44.631 0.3000000119
4958  21.870  -71.228  -45.505 0.3000000119
4966  20.635  -71.164  -45.508 0.3000000119
4302  21.944  -72.617  -42.953 0.3000000119
4311  20.581  -72.956  -43.852 0.3000000119
4303  21.250  -72.813  -43.326 0.3000000119
4310  21.566  -71.832  -43.712 0.3000000119
4954  21.795  -71.531  -44.779 0.3000000119
4955  21.217  -71.665  -44.930 0.3000000119
125213  22.374  -71.124  -45.255 0.3000000119
6393  24.297  -68.396  -45.057 0.4000000060
6407  23.846  -69.185  -45.291 0.4000000060
105382  16.447  -72.545  -39.763 0.3000000119
4244  15.387  -72.918  -38.781 0.3000000119
3207  18.810  -74.332  -42.948 0.3000000119
3731  17.367  -73.942  -42.970 0.3000000119
3707  20.541  -73.392  -40.730 0.3000000119
3708  19.415  -73.281  -41.051 0.3000000119
3710  17.331  -72.990  -40.452 0.3000000119
3723  16.486  -72.976  -40.514 0.3000000119
123445  15.831  -72.618  -39.617 0.3000000119
3179  21.988  -74.446  -41.197 0.3000000119
3720  19.498  -73.881  -41.820 0.3000000119
3709  18.331  -73.136  -40.847 0.3000000119
120931  16.121  -73.070  -41.034 0.3000000119
4271  15.757  -72.815  -40.298 0.3000000119
115396  20.132  -74.061  -42.029 0.3000000119
3194  18.747  -74.041  -42.178 0.3000000119
3722  17.772  -73.450  -41.245 0.3000000119
125361  16.577  -73.323  -41.602 0.3000000119
3195  18.018  -74.092  -42.485 0.3000000119
106020  17.321  -73.667  -41.907 0.3000000119
119533  19.515  -73.345  -44.777 0.3000000119
4319  19.432  -72.855  -44.872 0.3000000119
3191  21.335  -74.665  -41.993 0.3000000119
110406  20.931  -71.931  -44.026 0.3000000119
113407  16.671  -72.164  -39.034 0.3000000119
4281  15.856  -72.870  -41.848 0.3000000119
3718  21.105  -74.253  -41.332 0.3000000119
4269  18.849  -72.578  -40.539 0.3000000119
3721  18.619  -73.613  -41.471 0.3000000119
122201  16.943  -73.380  -41.055 0.3000000119
4282  15.196  -72.595  -41.228 0.3000000119
5675  23.462  -70.026  -45.321 0.3000000119
10391  29.385  -64.748  -43.967 0.3000000119
9536  28.749  -65.671  -43.911 0.3000000119
8675  28.114  -65.743  -44.469 0.3000000119
8686  27.143  -65.831  -44.748 0.4000000060
7956  26.303  -66.320  -45.337 0.4000000060
7973  25.894  -66.739  -45.450 0.3000000119
7988  24.764  -67.171  -46.331 0.3000000119
10406  29.465  -64.879  -44.958 0.3000000119
8684  29.207  -65.568  -45.433 0.4000000060
8712  28.376  -65.903  -45.854 0.4000000060
8725  28.102  -65.605  -46.634 0.4000000060
8713  26.436  -66.036  -46.228 0.3000000119
10439  28.822  -64.832  -47.832 0.4000000060
105574  27.909  -65.301  -47.533 0.4000000060
9586  26.764  -65.581  -47.767 0.3000000119
10444  28.506  -64.572  -48.163 0.3000000119
10365  28.989  -63.877  -41.689 0.3000000119
10379  29.105  -64.229  -42.891 0.3000000119
115297  27.808  -65.724  -43.640 0.4000000060
8676  27.032  -65.946  -44.252 0.4000000060
7942  26.295  -66.411  -44.886 0.3000000119
7957  25.930  -67.070  -45.044 0.3000000119
7142  25.457  -67.446  -44.830 0.3000000119
11289  29.490  -63.354  -42.433 0.3000000119
11306  29.548  -63.763  -43.595 0.3000000119
11324  29.800  -64.223  -44.679 0.3000000119
10405  30.077  -64.602  -45.605 0.3000000119
10420  29.683  -65.185  -45.774 0.3000000119
9574  29.552  -65.618  -46.056 0.4000000060
11322  31.155  -63.048  -45.594 0.3000000119
11341  31.202  -63.194  -46.112 0.3000000119
10419  30.224  -64.650  -46.026 0.3000000119
9559  29.809  -65.117  -45.936 0.4000000060
107557  29.202  -65.171  -46.805 0.4000000060
11358  31.339  -62.966  -46.237 0.3000000119
10437  30.186  -63.955  -46.557 0.4000000060
10443  29.151  -64.180  -47.851 0.4000000060
12304  31.582  -62.201  -47.188 0.3000000119
11380  30.953  -62.588  -46.648 0.4000000060
10442  29.778  -63.600  -47.188 0.4000000060
122319  29.065  -64.029  -48.018 0.4000000060
13237  32.783  -62.034  -48.441 0.3000000119
12305  30.483  -62.727  -46.781 0.4000000060
13239  31.540  -61.865  -47.156 0.3000000119
8631  28.714  -66.676  -39.379 0.3000000119
9487  27.867  -65.696  -39.639 0.3000000119
116462  26.620  -66.639  -39.664 0.3000000119
8643  26.081  -66.048  -40.782 0.3000000119
112032  29.260  -63.650  -40.904 0.3000000119
10351  28.163  -64.729  -40.663 0.3000000119
9514  27.460  -65.007  -41.192 0.3000000119
8655  25.863  -66.265  -41.901 0.3000000119
12204  30.177  -62.325  -41.242 0.3000000119
11273  29.655  -63.106  -41.349 0.3000000119
10366  28.338  -64.547  -41.414 0.3000000119
10381  27.958  -64.866  -42.027 0.3000000119
9537  26.785  -65.883  -43.460 0.3000000119
8677  26.269  -66.559  -44.044 0.3000000119
7925  25.882  -66.919  -44.260 0.3000000119
7944  25.368  -67.411  -44.527 0.3000000119
7143  24.696  -67.799  -44.750 0.3000000119
6394  24.049  -68.540  -44.851 0.3000000119
12218  29.909  -62.474  -42.111 0.3000000119
116020  32.601  -62.565  -46.886 0.3000000119
11369  31.097  -62.849  -46.450 0.3000000119
12290  31.996  -62.433  -47.276 0.3000000119
13225  33.690  -61.648  -48.043 0.3000000119
13236  33.268  -61.377  -48.432 0.3000000119
13238  32.097  -61.749  -47.981 0.3000000119
117192  29.673  -67.272  -39.319 0.3000000119
112794  28.685  -65.757  -39.578 0.3000000119
9500  28.248  -65.014  -39.910 0.3000000119
9488  26.979  -65.711  -39.735 0.3000000119
10350  29.278  -63.952  -40.279 0.3000000119
9501  27.440  -65.056  -40.138 0.3000000119
6395  23.413  -69.409  -44.658 0.3000000119
107175  30.373  -67.723  -39.869 0.3000000119
111732  29.689  -66.470  -39.454 0.3000000119
9486  29.095  -65.240  -39.707 0.3000000119
10331  28.774  -64.541  -40.240 0.3000000119
11253  29.728  -63.401  -40.538 0.3000000119
8630  30.852  -67.361  -39.886 0.3000000119
113545  30.668  -66.735  -39.745 0.3000000119
9485  30.043  -65.652  -39.708 0.3000000119
10330  29.454  -64.587  -39.822 0.3000000119
7166  24.268  -68.249  -45.597 0.3000000119
7153  25.562  -67.414  -45.056 0.3000000119
123962  26.300  -66.205  -45.652 0.3000000119
106236  26.832  -65.770  -47.268 0.4000000060
112779  29.567  -63.436  -47.521 0.4000000060
14160  34.490  -60.639  -47.459 0.3000000119
10392  29.017  -65.176  -43.364 0.3000000119
8685  28.921  -65.499  -44.839 0.3000000119
8695  28.358  -65.645  -45.212 0.4000000060
8696  27.222  -65.869  -45.310 0.4000000060
7972  27.191  -65.987  -45.947 0.4000000060
9583  29.763  -64.785  -46.318 0.4000000060
10380  28.581  -64.583  -42.360 0.3000000119
9524  28.314  -65.284  -42.953 0.3000000119
8687  26.236  -66.490  -44.445 0.4000000060
7943  25.822  -67.077  -44.632 0.3000000119
11288  29.928  -62.875  -43.176 0.3000000119
12234  30.502  -62.558  -43.847 0.3000000119
12249  30.621  -62.957  -44.754 0.3000000119
10431  30.442  -64.541  -46.049 0.4000000060
12289  32.707  -62.576  -47.984 0.3000000119
9502  26.787  -65.473  -40.483 0.3000000119
9515  26.642  -65.586  -41.513 0.3000000119
8666  26.007  -66.285  -43.174 0.3000000119
13212  33.879  -61.684  -46.825 0.3000000119
13106  17.614  -61.751  -37.712 0.4000000060
2706  20.675  -74.698  -42.605 0.3000000119
2713  21.080  -74.803  -42.950 0.3000000119
2714  20.768  -74.663  -42.772 0.3000000119
2722  20.816  -74.571  -43.006 0.3000000119
2726  20.415  -74.179  -43.257 0.3000000119
2727  19.822  -74.099  -43.598 0.3000000119
3192  20.838  -74.568  -41.964 0.3000000119
3193  19.715  -74.333  -42.641 0.3000000119
3204  22.800  -74.218  -42.364 0.3000000119
3206  19.495  -74.398  -43.191 0.3000000119
3214  19.659  -74.262  -43.387 0.3000000119
3223  19.273  -74.223  -44.118 0.3000000119
3719  20.291  -73.911  -41.505 0.3000000119
3745  19.628  -73.781  -44.490 0.3000000119
3752  19.973  -73.164  -44.412 0.3000000119
3754  18.755  -73.702  -45.045 0.3000000119
4258  15.285  -72.863  -39.559 0.3000000119
4317  20.373  -72.108  -44.419 0.3000000119
5688  21.734  -69.329  -46.648 0.5000000000
5689  21.259  -69.588  -46.417 0.4000000060
6415  22.942  -69.268  -46.377 0.5000000000
7144  24.182  -67.986  -44.593 0.3000000119
7154  24.805  -67.811  -44.948 0.3000000119
7155  24.408  -68.209  -45.129 0.3000000119
7165  24.921  -67.751  -45.143 0.3000000119
7173  24.721  -67.673  -45.701 0.5000000000
7974  25.390  -67.270  -45.510 0.3000000119
7999  22.274  -67.123  -49.081 0.4000000060
8647  19.368  -66.585  -40.632 0.5000000000
8670  18.839  -66.810  -42.076 0.5000000000
8711  29.197  -66.023  -45.890 0.4000000060
8726  27.343  -65.695  -46.957 0.4000000060
8732  25.893  -65.932  -47.364 0.4000000060
9505  19.958  -66.216  -40.094 0.5000000000
9525  27.306  -65.357  -42.470 0.3000000119
9526  21.530  -65.529  -42.472 0.6000000238
9535  29.172  -65.382  -44.444 0.3000000119
9538  21.416  -65.379  -44.003 0.6000000238
9548  29.304  -65.379  -45.325 0.3000000119
9560  29.501  -65.505  -45.770 0.3000000119
9561  21.124  -64.665  -45.701 0.4000000060
9575  29.034  -65.789  -46.411 0.4000000060
9584  28.585  -65.239  -47.357 0.4000000060
9585  27.403  -65.264  -47.884 0.4000000060
9593  28.018  -64.700  -48.170 0.4000000060
10352  22.094  -64.105  -40.617 0.6999999881
10367  22.192  -64.132  -41.418 0.6999999881
10383  21.819  -64.835  -41.885 0.6999999881
10394  21.700  -65.076  -43.212 0.6999999881
10418  30.717  -63.805  -45.937 0.4000000060
10436  30.775  -63.485  -46.243 0.3000000119
10438  29.476  -64.409  -47.123 0.4000000060
10440  22.400  -63.990  -47.672 0.4000000060
10445  27.806  -64.654  -48.230 0.3000000119
10448  24.178  -64.180  -48.376 0.4000000060
11211  15.252  -63.109  -37.172 0.6000000238
11257  18.100  -63.071  -41.128 0.5000000000
11259  16.660  -63.561  -40.030 0.5000000000
11292  18.086  -63.087  -42.358 0.4000000060
11305  30.045  -63.288  -44.275 0.3000000119
11323  30.405  -63.716  -45.242 0.3000000119
11328  17.326  -63.532  -44.400 0.6000000238
11342  30.659  -63.983  -45.944 0.3000000119
11345  17.859  -63.316  -46.089 0.6000000238
11357  32.000  -62.554  -46.948 0.3000000119
11360  23.107  -63.762  -46.851 0.5000000000
11361  18.272  -63.104  -46.672 0.6000000238
11370  30.557  -63.108  -46.631 0.3000000119
11371  27.990  -63.695  -48.070 0.4000000060
11377  16.177  -63.157  -47.423 0.5000000000
11381  30.206  -63.005  -46.923 0.4000000060
11383  27.471  -64.317  -48.177 0.4000000060
12130  20.073  -62.440  -36.863 0.5000000000
12131  19.432  -62.619  -36.552 0.5000000000
12147  23.168  -62.235  -37.919 0.6999999881
12149  21.722  -62.109  -37.347 0.5000000000
12151  17.269  -61.991  -36.993 0.4000000060
12164  23.502  -62.459  -38.510 0.6999999881
12166  17.058  -62.119  -38.004 0.4000000060
12167  16.467  -62.731  -38.302 0.5000000000
12177  24.404  -62.106  -39.409 0.6999999881
12178  23.824  -62.654  -39.393 0.6000000238
12205  25.316  -61.992  -40.690 0.6999999881
12208  19.183  -62.463  -41.874 0.4000000060
12217  30.401  -62.110  -42.833 0.3000000119
12219  25.146  -62.143  -41.465 0.6999999881
12223  18.713  -62.560  -42.659 0.6000000238
12253  19.424  -62.523  -44.150 0.6999999881
12267  26.197  -62.299  -46.029 0.5000000000
12276  33.326  -62.330  -47.645 0.3000000119
12277  32.037  -62.853  -46.062 0.3000000119
12279  26.400  -62.612  -46.892 0.4000000060
12282  24.296  -62.449  -47.449 0.4000000060
12283  19.638  -61.817  -47.495 0.6999999881
12284  19.038  -62.282  -47.432 0.6999999881
12285  18.310  -62.759  -47.250 0.6999999881
12286  17.001  -63.110  -47.492 0.6000000238
12288  33.225  -62.102  -48.366 0.3000000119
12292  29.398  -62.746  -47.442 0.4000000060
12303  32.242  -62.334  -47.904 0.3000000119
12306  29.711  -63.060  -47.395 0.4000000060
13082  19.101  -62.112  -36.678 0.5000000000
13090  22.997  -61.581  -37.610 0.6000000238
13091  22.225  -61.433  -37.393 0.6000000238
13093  20.380  -61.626  -37.336 0.5000000000
13104  19.798  -61.372  -37.782 0.5000000000
13115  20.177  -61.423  -38.562 0.6000000238
13116  19.402  -61.838  -39.133 0.6000000238
13130  25.713  -61.482  -40.212 0.6999999881
13191  20.463  -61.592  -44.960 0.6999999881
13205  21.088  -61.230  -46.535 0.6999999881
13213  29.525  -61.690  -46.540 0.6000000238
13219  16.180  -61.552  -47.194 0.5000000000
13220  15.432  -61.688  -47.178 0.5000000000
13226  31.528  -61.432  -47.113 0.4000000060
13228  28.976  -62.250  -47.214 0.5000000000
13231  18.359  -61.654  -47.637 0.6000000238
13232  17.729  -61.993  -47.687 0.6000000238
13234  15.150  -62.367  -47.476 0.5000000000
14041  24.386  -60.631  -38.739 0.8000000119
14053  26.557  -60.258  -39.843 0.6000000238
14056  22.515  -60.296  -38.693 0.6999999881
14080  27.284  -60.173  -40.694 0.6999999881
14099  26.457  -60.724  -42.189 0.8000000119
14100  21.383  -60.461  -42.195 0.6000000238
14106  28.923  -60.121  -44.089 0.4000000060
14110  20.951  -60.107  -44.002 0.6000000238
14122  27.735  -60.977  -44.187 0.6999999881
14133  27.972  -61.116  -45.156 0.6999999881
14137  20.818  -60.982  -45.436 0.6000000238
14151  23.976  -60.609  -47.838 0.8000000119
14152  23.046  -60.669  -47.296 0.8000000119
14159  12.624  -61.788  -45.328 0.5000000000
14161  33.864  -60.953  -48.126 0.3000000119
14164  31.083  -60.858  -46.826 0.4000000060
14166  23.987  -60.369  -48.423 0.8000000119
14169  20.432  -60.494  -47.894 0.6999999881
14174  32.630  -61.375  -48.309 0.3000000119
14175  24.218  -60.046  -48.734 0.8000000119
14176  23.378  -60.041  -48.548 0.8000000119
14177  21.743  -59.852  -48.166 0.8000000119
14967  25.404  -59.659  -39.539 0.6000000238
14969  23.751  -59.711  -39.477 0.6999999881
14983  27.501  -59.629  -40.361 0.6000000238
14986  23.079  -59.830  -39.931 0.6999999881
14999  27.818  -59.744  -41.056 0.8000000119
15001  22.779  -59.533  -41.569 0.6000000238
15003  16.089  -59.333  -42.212 0.5000000000
15014  28.609  -59.686  -42.313 0.6000000238
15019  16.677  -59.083  -42.654 0.6000000238
15025  28.792  -59.975  -43.169 0.6999999881
15028  21.594  -59.689  -43.616 0.6000000238
15040  31.466  -58.905  -45.445 0.4000000060
15043  25.105  -59.152  -44.994 0.6000000238
15049  13.576  -59.467  -44.827 0.6000000238
15053  10.134  -60.028  -44.758 0.5000000000
15059  24.825  -59.497  -45.866 0.6000000238
15063  15.276  -59.930  -44.985 0.5000000000
15067  11.548  -60.318  -45.115 0.5000000000
15073  30.301  -60.213  -46.351 0.4000000060
15083  31.946  -59.306  -47.013 0.4000000060
15085  24.603  -59.853  -48.296 0.6999999881
15086  22.440  -59.801  -48.276 0.8000000119
15087  21.344  -59.935  -48.288 0.8000000119
15827  26.603  -58.975  -39.768 0.6999999881
15829  25.079  -58.998  -39.729 0.6999999881
15840  28.564  -58.120  -40.562 0.6999999881
15842  26.794  -58.239  -40.090 0.6999999881
15845  24.230  -59.085  -40.810 0.6999999881
15878  15.168  -58.752  -42.527 0.6000000238
15893  15.219  -58.974  -43.221 0.6000000238
15894  14.490  -58.487  -43.537 0.6000000238
15895  11.055  -58.650  -43.583 0.5000000000
15900  36.484  -58.189  -45.623 0.3000000119
15906  26.715  -58.616  -45.481 0.6000000238
15912  12.457  -58.684  -44.655 0.6000000238
15920  31.886  -59.004  -46.210 0.4000000060
15921  26.632  -58.581  -46.163 0.6000000238
15923  18.023  -58.104  -46.039 0.6999999881
15924  17.306  -58.523  -45.613 0.6000000238
15925  16.585  -59.193  -45.025 0.6000000238
15927  36.065  -58.856  -46.421 0.3000000119
15930  32.059  -58.881  -46.908 0.4000000060
15933  24.875  -59.030  -46.960 0.6000000238
15934  20.265  -58.531  -46.847 0.6999999881
15938  35.874  -58.375  -46.965 0.4000000060
15944  24.677  -59.327  -47.580 0.6999999881
15948  20.835  -59.319  -47.526 0.6999999881
16658  27.941  -57.531  -40.553 0.6999999881
16663  17.149  -57.812  -40.357 0.5000000000
16674  30.823  -56.654  -41.724 0.6000000238
16679  17.683  -57.931  -41.130 0.4000000060
16681  9.221  -56.948  -41.544 0.5000000000
16694  26.027  -57.594  -42.276 0.6999999881
16709  17.695  -57.925  -43.384 0.6000000238
16720  32.121  -57.969  -44.070 0.5000000000
16721  27.625  -57.155  -44.530 0.6000000238
16725  13.994  -57.959  -43.712 0.6000000238
16739  33.593  -57.385  -46.674 0.4000000060
16742  24.940  -57.903  -46.754 0.6000000238
16745  21.785  -57.542  -46.853 0.6000000238
16748  18.902  -58.015  -46.081 0.6000000238
16751  34.133  -57.773  -47.139 0.4000000060
16752  24.469  -58.642  -47.293 0.6000000238
16753  23.704  -58.294  -47.461 0.6000000238
17489  17.599  -56.592  -39.360 0.6000000238
17490  11.443  -55.760  -39.315 0.5000000000
17497  28.291  -56.788  -41.045 0.6999999881
17514  28.731  -56.367  -41.621 0.6999999881
17520  15.620  -57.793  -40.921 0.6000000238
17522  11.286  -55.807  -41.249 0.5000000000
17536  14.334  -57.187  -42.727 0.6000000238
17537  14.316  -56.234  -42.363 0.6000000238
17539  12.713  -56.166  -42.316 0.6000000238
17544  33.347  -55.514  -43.488 0.6000000238
17545  32.835  -55.781  -43.023 0.6000000238
17548  18.876  -56.272  -43.441 0.5000000000
17550  13.625  -56.817  -42.755 0.6000000238
17554  33.745  -55.603  -44.241 0.5000000000
17561  37.640  -56.109  -46.030 0.3000000119
17563  33.639  -56.316  -45.203 0.5000000000
17577  26.272  -57.286  -46.127 0.6000000238
18316  10.396  -55.486  -32.755 0.3000000119
18327  10.915  -55.244  -32.952 0.3000000119
18390  17.033  -55.986  -39.726 0.6000000238
18393  10.245  -55.047  -40.212 0.5000000000
18398  16.858  -54.981  -40.474 0.6000000238
18400  9.423  -55.396  -40.706 0.5000000000
18413  11.611  -55.272  -41.133 0.6000000238
18415  9.525  -55.437  -40.974 0.5000000000
18421  32.390  -55.306  -42.607 0.6000000238
18428  14.438  -55.379  -42.037 0.6000000238
18430  12.794  -55.358  -42.028 0.6000000238
18450  38.929  -55.089  -46.334 0.3000000119
18463  38.806  -54.982  -46.257 0.3000000119
19243  12.038  -53.958  -31.890 0.3000000119
19246  9.147  -54.775  -31.245 0.4000000060
19262  11.399  -54.774  -32.642 0.3000000119
19264  7.743  -55.301  -32.215 0.3000000119
19275  11.990  -54.227  -32.870 0.3000000119
19280  7.591  -54.777  -33.080 0.3000000119
19332  13.918  -53.563  -39.137 0.6000000238
19341  17.577  -54.572  -39.387 0.4000000060
19342  13.582  -54.025  -39.643 0.6000000238
19352  17.044  -54.057  -40.064 0.6000000238
19354  13.054  -54.098  -40.951 0.6000000238
19364  14.993  -54.425  -41.576 0.6000000238
19366  12.565  -54.647  -41.213 0.6000000238
19367  11.725  -55.027  -40.959 0.6000000238
19373  32.128  -54.598  -42.682 0.4000000060
19374  31.257  -54.568  -42.726 0.4000000060
19378  14.511  -54.986  -41.883 0.6000000238
19379  13.593  -54.975  -42.043 0.6000000238
19385  30.956  -54.150  -43.694 0.5000000000
19399  37.044  -54.098  -46.434 0.3000000119
19411  38.302  -54.820  -46.238 0.3000000119
19413  36.846  -55.536  -46.776 0.3000000119
20304  11.861  -53.355  -33.888 0.3000000119
20378  16.459  -53.261  -40.262 0.6000000238
20380  13.729  -53.826  -40.417 0.6000000238
20389  15.935  -53.576  -41.080 0.6000000238
20390  15.442  -53.672  -41.319 0.6000000238
20407  39.242  -53.134  -45.005 0.3000000119
20432  36.458  -53.243  -46.162 0.4000000060
21208  14.571  -52.556  -31.029 0.3000000119
21217  14.596  -52.532  -32.053 0.3000000119
21220  11.959  -53.103  -31.465 0.3000000119
21223  7.822  -52.297  -30.933 0.3000000119
21227  13.995  -53.016  -32.327 0.4000000060
21241  11.371  -52.664  -34.473 0.3000000119
21244  7.831  -52.339  -34.927 0.4000000060
21306  16.420  -52.817  -39.785 0.5000000000
21313  16.714  -53.245  -39.784 0.6000000238
21315  16.309  -53.105  -40.163 0.6000000238
21318  14.201  -53.404  -39.612 0.6000000238
21325  16.253  -53.298  -40.615 0.6000000238
21356  39.058  -52.453  -45.508 0.3000000119
21359  34.368  -52.812  -45.217 0.5000000000
21360  33.659  -51.986  -45.365 0.4000000060
22135  16.194  -51.114  -30.639 0.3000000119
22149  14.586  -51.151  -33.332 0.4000000060
22157  13.525  -51.650  -34.244 0.3000000119
22158  12.671  -51.600  -34.675 0.3000000119
22180  9.196  -50.736  -35.737 0.3000000119
22217  15.851  -51.791  -39.296 0.4000000060
22222  16.382  -52.371  -39.497 0.5000000000
22223  15.327  -51.907  -39.373 0.4000000060
22225  12.916  -51.877  -38.798 0.4000000060
22231  15.848  -52.481  -39.843 0.6000000238
22232  15.221  -52.418  -39.734 0.6000000238
22233  14.577  -52.571  -39.343 0.6000000238
23095  14.393  -49.864  -34.143 0.3000000119
23121  15.284  -49.776  -36.947 0.4000000060
23151  15.811  -51.244  -38.189 0.4000000060
23175  13.699  -51.077  -38.352 0.4000000060
23949  15.984  -49.472  -31.774 0.3000000119
23982  14.938  -48.983  -33.652 0.4000000060
24022  14.111  -48.715  -37.031 0.4000000060
24062  13.700  -49.221  -38.304 0.4000000060
24063  12.740  -49.061  -38.461 0.4000000060
24861  9.544  -49.126  -33.459 0.3000000119
24877  15.546  -48.313  -33.615 0.4000000060
24925  13.504  -48.700  -37.473 0.3000000119
103277  23.259  -63.298  -39.792 0.6000000238
104101  25.075  -62.415  -46.440 0.4000000060
104267  13.757  -52.810  -38.648 0.6000000238
104380  12.344  -49.720  -38.079 0.3000000119
104562  12.644  -57.956  -43.346 0.6000000238
105336  23.963  -62.085  -44.041 0.6999999881
105749  17.352  -58.703  -42.576 0.5000000000
105991  37.473  -55.999  -46.368 0.3000000119
106244  22.620  -63.710  -40.194 0.6000000238
106952  12.048  -53.929  -33.335 0.3000000119
107704  17.000  -62.395  -47.685 0.6000000238
108065  9.717  -57.923  -41.911 0.5000000000
108625  33.455  -60.506  -48.132 0.4000000060
109128  23.012  -68.752  -48.871 0.4000000060
109497  19.078  -73.144  -45.106 0.3000000119
109643  19.538  -74.039  -44.237 0.3000000119
109667  21.816  -64.742  -43.786 0.6999999881
111412  18.156  -74.258  -43.205 0.3000000119
111592  12.654  -48.799  -38.152 0.3000000119
112557  21.361  -60.439  -47.980 0.8000000119
112694  20.803  -71.559  -45.238 0.3000000119
113879  34.558  -59.228  -47.488 0.4000000060
113932  22.901  -70.661  -45.281 0.3000000119
115867  28.777  -64.167  -40.853 0.3000000119
115999  12.901  -52.346  -30.505 0.3000000119
116909  9.152  -55.342  -32.679 0.3000000119
116920  23.663  -63.593  -48.289 0.4000000060
117319  14.146  -61.529  -46.284 0.4000000060
117496  26.192  -58.432  -39.896 0.6999999881
117962  18.846  -56.338  -44.738 0.5000000000
118266  24.812  -61.842  -42.949 0.6000000238
118383  22.446  -60.192  -48.140 0.8000000119
118431  14.040  -50.417  -38.084 0.4000000060
118648  11.877  -54.297  -32.378 0.3000000119
118859  17.537  -52.938  -38.236 0.4000000060
119136  15.568  -50.723  -37.259 0.4000000060
119451  30.270  -67.289  -39.751 0.3000000119
119730  29.376  -58.403  -41.522 0.6000000238
119810  26.502  -65.820  -42.523 0.3000000119
119831  16.087  -59.605  -43.700 0.5000000000
119949  14.548  -56.576  -42.266 0.6000000238
119982  24.524  -59.472  -46.843 0.6000000238
120026  9.034  -58.524  -43.842 0.5000000000
120037  14.417  -60.792  -45.965 0.5000000000
120311  31.843  -57.676  -43.148 0.5000000000
121191  12.558  -54.913  -39.790 0.5000000000
121200  9.516  -55.487  -32.150 0.3000000119
121583  26.399  -66.023  -40.093 0.3000000119
121785  17.032  -63.062  -39.670 0.5000000000
121788  17.402  -63.413  -45.408 0.5000000000
121886  12.427  -50.552  -38.268 0.4000000060
122139  15.545  -59.257  -41.987 0.5000000000
122200  22.436  -59.964  -41.153 0.6000000238
122220  9.520  -56.114  -41.271 0.5000000000
122291  18.472  -62.084  -36.601 0.5000000000
122328  38.840  -55.403  -46.492 0.3000000119
123009  14.465  -50.497  -33.686 0.4000000060
123142  16.313  -53.270  -40.517 0.5000000000
123304  20.965  -74.772  -42.360 0.3000000119
123386  10.123  -55.546  -32.327 0.3000000119
123617  20.732  -60.692  -42.795 0.6000000238
124158  39.038  -53.248  -44.510 0.3000000119
124278  26.522  -57.539  -42.965 0.6999999881
125194  18.066  -73.804  -41.830 0.3000000119
