#!ascii label  , from subject 001 vox2ras=TkReg
1612
109600  13.697  -67.578  -42.133 0.6999999881
7904  13.004  -67.721  -41.986 0.8000000119
7113  12.485  -68.661  -40.941 0.8000000119
7121  11.919  -68.941  -41.430 0.6999999881
104637  13.316  -67.617  -43.404 0.6000000238
7919  12.889  -67.615  -42.808 0.6000000238
7128  11.833  -68.598  -42.246 0.6000000238
104882  13.313  -67.669  -44.156 0.6000000238
124258  12.792  -68.251  -40.496 0.8000000119
7114  11.904  -69.086  -40.597 0.6999999881
7105  11.831  -69.164  -39.661 0.6999999881
5615  11.139  -69.987  -39.597 0.6999999881
7918  13.694  -67.579  -42.849 0.6000000238
7903  13.597  -67.771  -41.367 0.6999999881
6363  11.450  -69.571  -40.311 0.6999999881
7950  14.126  -67.633  -44.571 0.6000000238
119154  14.610  -67.406  -45.637 0.6000000238
110836  13.326  -67.452  -45.123 0.6000000238
7989  13.142  -66.904  -47.737 0.6000000238
7978  12.531  -67.184  -47.107 0.6000000238
7873  13.433  -67.726  -39.325 0.8000000119
7103  13.133  -67.802  -38.390 0.8000000119
7087  12.572  -68.430  -38.298 0.6999999881
7074  12.584  -68.756  -37.053 0.6999999881
5591  11.313  -70.111  -36.977 0.6999999881
7888  13.390  -67.912  -40.422 0.8000000119
7104  12.365  -68.475  -39.309 0.6999999881
6333  11.636  -69.889  -37.786 0.6999999881
115767  14.200  -67.686  -40.801 0.6999999881
7874  12.777  -68.073  -39.792 0.8000000119
6347  11.690  -69.601  -38.724 0.6999999881
7902  14.334  -67.597  -41.682 0.6999999881
7934  14.064  -67.670  -43.627 0.6999999881
7961  14.885  -67.589  -45.026 0.6000000238
7949  14.820  -67.749  -44.095 0.6000000238
7977  13.485  -66.947  -47.212 0.6000000238
113214  13.386  -67.401  -46.214 0.6000000238
8720  13.621  -66.578  -47.987 0.6000000238
6445  13.617  -68.954  -49.145 0.6999999881
107250  12.950  -68.714  -48.709 0.6000000238
5706  13.947  -70.377  -50.230 0.5000000000
6451  13.692  -69.632  -49.975 0.6000000238
5707  13.459  -71.062  -50.234 0.5000000000
109417  13.468  -67.432  -37.568 0.8999999762
7086  12.906  -68.016  -37.592 0.8000000119
7073  12.913  -67.891  -36.804 0.6999999881
118935  14.064  -67.684  -39.971 0.6999999881
104591  13.740  -67.441  -38.502 0.8999999762
6316  12.285  -69.090  -36.361 0.6999999881
109198  14.968  -67.496  -41.121 0.8000000119
7887  14.783  -67.410  -40.192 0.8000000119
7901  15.163  -67.687  -42.081 0.8000000119
7931  16.248  -67.562  -43.724 0.6999999881
7917  14.414  -67.600  -42.546 0.6999999881
7932  15.387  -67.674  -43.684 0.8000000119
7948  15.566  -67.629  -44.402 0.8000000119
7975  15.054  -67.257  -45.838 0.6999999881
7976  14.256  -67.175  -46.358 0.6999999881
8731  14.191  -66.280  -47.977 0.6000000238
103283  14.060  -67.459  -48.746 0.6999999881
6450  14.517  -69.682  -50.139 0.6999999881
8622  15.207  -66.837  -38.436 0.8999999762
7061  12.516  -68.429  -36.205 0.6999999881
7871  15.406  -67.155  -39.522 0.8000000119
7886  15.574  -67.276  -40.487 0.6999999881
7915  16.909  -67.340  -43.116 0.6999999881
109803  16.792  -67.504  -42.303 0.6000000238
105537  15.543  -67.632  -42.924 0.8000000119
7947  16.924  -67.517  -44.314 0.8000000119
7960  15.698  -67.415  -45.258 0.8000000119
116906  15.543  -66.074  -46.915 0.6999999881
124878  15.468  -66.022  -48.159 0.8000000119
8719  14.196  -66.459  -47.421 0.6999999881
8739  15.659  -66.216  -48.712 0.8000000119
7194  15.456  -68.435  -49.695 0.6999999881
112385  14.830  -67.597  -49.088 0.6999999881
112803  14.938  -66.321  -48.298 0.6999999881
6449  15.391  -69.338  -50.145 0.6999999881
7198  14.742  -68.822  -49.991 0.6999999881
11297  9.339  -63.089  -41.827 0.6000000238
12226  9.516  -62.219  -41.922 0.6000000238
12228  8.068  -61.684  -42.566 0.6000000238
120681  7.903  -60.363  -42.788 0.6999999881
8615  14.809  -66.629  -37.327 0.8999999762
7060  12.945  -67.572  -36.119 0.6999999881
7884  17.121  -67.122  -40.884 0.6000000238
7914  17.552  -67.206  -42.561 0.6000000238
7899  17.328  -67.250  -41.702 0.6000000238
107316  17.095  -67.512  -43.790 0.6999999881
7958  18.079  -67.021  -45.009 0.6999999881
7946  17.714  -67.408  -44.251 0.6999999881
10309  13.376  -64.383  -36.473 0.6999999881
9458  12.355  -65.368  -36.549 0.6999999881
8701  16.807  -66.620  -45.901 0.8000000119
7959  17.163  -67.260  -45.070 0.8000000119
11225  14.198  -63.984  -37.664 0.6000000238
10319  13.312  -64.392  -37.643 0.6000000238
10311  12.149  -65.125  -37.494 0.6999999881
8702  15.843  -66.795  -46.115 0.6999999881
10320  12.638  -64.448  -38.292 0.5000000000
10321  11.937  -64.651  -38.376 0.6999999881
9592  16.074  -65.800  -48.445 0.8000000119
8729  15.814  -65.840  -47.637 0.8000000119
10318  13.890  -64.222  -38.518 0.5000000000
10336  13.370  -64.076  -39.235 0.5000000000
8005  15.772  -67.440  -49.214 0.6999999881
11261  13.738  -63.666  -40.039 0.5000000000
10372  14.075  -63.494  -40.922 0.6000000238
123368  13.612  -63.256  -40.616 0.5000000000
11241  11.964  -63.139  -40.240 0.6000000238
11263  11.061  -63.246  -40.353 0.6999999881
11280  10.506  -63.293  -40.836 0.6999999881
11278  13.416  -63.130  -41.178 0.5000000000
11279  12.595  -62.588  -41.102 0.6000000238
120651  11.457  -62.551  -41.087 0.6000000238
12211  9.874  -62.689  -41.608 0.6000000238
10387  13.833  -63.761  -41.895 0.6000000238
12209  12.206  -62.421  -42.078 0.6000000238
12224  11.214  -62.278  -41.989 0.6000000238
11312  13.141  -63.680  -42.855 0.5000000000
124651  12.654  -63.050  -42.527 0.5000000000
12240  10.031  -61.948  -42.906 0.6000000238
13160  9.211  -61.536  -42.459 0.6000000238
14112  8.481  -60.041  -42.882 0.6999999881
15032  7.955  -59.111  -44.131 0.6000000238
15898  6.958  -58.957  -43.041 0.6999999881
11296  11.600  -62.473  -42.762 0.6000000238
11314  11.378  -62.867  -43.781 0.6000000238
116676  9.647  -61.453  -43.679 0.6000000238
13193  9.550  -61.029  -44.585 0.6999999881
15054  8.820  -59.384  -44.286 0.5000000000
8607  14.573  -66.579  -36.383 0.8999999762
7885  16.940  -67.028  -40.069 0.6000000238
8636  16.075  -66.895  -39.034 0.6999999881
7840  13.679  -66.894  -36.206 0.8000000119
7052  11.823  -68.488  -35.737 0.6999999881
7829  13.362  -66.550  -35.755 0.6999999881
9446  13.899  -65.738  -35.610 0.8000000119
7930  17.621  -67.349  -43.423 0.6999999881
10301  13.567  -64.452  -35.798 0.8000000119
10302  12.921  -64.907  -36.099 0.6000000238
11200  14.333  -63.580  -36.121 0.6999999881
117068  14.791  -63.583  -37.633 0.6000000238
9591  16.531  -65.452  -47.915 0.8000000119
9579  17.092  -65.515  -47.364 0.8000000119
9603  16.769  -65.532  -48.817 0.8000000119
11224  14.654  -64.040  -38.442 0.5000000000
8738  16.274  -65.961  -49.113 0.8000000119
10335  14.324  -64.131  -39.295 0.5000000000
10355  15.636  -64.016  -40.229 0.5000000000
111723  15.324  -64.201  -40.885 0.6000000238
10356  14.726  -63.980  -40.275 0.6000000238
10386  14.621  -64.404  -42.151 0.6000000238
110058  14.009  -64.336  -42.798 0.6000000238
16700  7.957  -58.194  -41.713 0.5000000000
15916  8.481  -58.777  -44.133 0.5000000000
15882  7.401  -58.701  -42.593 0.6000000238
11313  11.858  -63.552  -44.392 0.6000000238
11315  10.813  -62.439  -44.123 0.6999999881
12256  10.062  -61.641  -44.741 0.6999999881
14127  8.651  -59.688  -44.165 0.6999999881
10411  13.208  -64.321  -44.549 0.6000000238
14145  9.926  -61.090  -44.933 0.6000000238
10426  12.115  -63.424  -45.703 0.6999999881
12274  11.059  -62.217  -44.596 0.6000000238
14144  10.520  -61.014  -45.044 0.5000000000
114746  15.952  -66.537  -38.345 0.6999999881
8614  15.544  -66.358  -37.601 0.6999999881
8606  15.268  -66.305  -36.606 0.6999999881
124690  15.012  -66.363  -35.984 0.8000000119
9445  15.124  -65.084  -35.471 0.6999999881
11189  14.827  -63.670  -35.732 0.6999999881
116980  14.322  -65.040  -35.438 0.6999999881
17524  8.849  -56.103  -41.185 0.5000000000
10369  16.157  -64.494  -41.965 0.5000000000
10370  15.367  -64.447  -41.616 0.6000000238
16682  8.415  -57.033  -41.388 0.5000000000
10384  16.157  -64.433  -42.889 0.5000000000
11294  16.895  -64.227  -42.373 0.5000000000
110524  14.724  -64.587  -42.862 0.6000000238
10398  13.555  -64.326  -43.631 0.6000000238
116058  9.224  -60.112  -44.743 0.5000000000
10395  16.116  -64.343  -43.698 0.5000000000
10396  15.312  -64.583  -43.445 0.6000000238
110650  13.964  -64.536  -44.213 0.6000000238
10410  14.721  -64.512  -44.316 0.6000000238
8613  16.252  -66.023  -37.862 0.6999999881
9468  15.893  -65.822  -36.938 0.6999999881
9457  15.554  -65.825  -35.957 0.6999999881
11367  12.645  -63.093  -46.050 0.5000000000
11310  17.598  -63.456  -43.490 0.5000000000
13208  11.788  -61.859  -45.011 0.5000000000
103854  15.869  -64.038  -45.351 0.5000000000
121328  14.378  -63.911  -45.976 0.5000000000
10425  12.963  -63.946  -45.452 0.5000000000
11368  11.873  -63.076  -45.836 0.5000000000
118261  13.541  -62.904  -46.812 0.5000000000
14158  13.440  -61.725  -45.830 0.5000000000
11364  15.714  -63.549  -47.156 0.5000000000
12302  13.979  -62.944  -47.405 0.5000000000
13223  12.235  -62.662  -45.617 0.5000000000
11347  16.232  -63.742  -46.339 0.5000000000
11365  14.748  -63.498  -47.258 0.5000000000
11366  13.491  -63.153  -46.774 0.5000000000
108727  16.740  -63.700  -45.344 0.5000000000
11348  15.122  -63.907  -46.456 0.5000000000
11378  15.212  -63.165  -47.467 0.5000000000
17491  9.750  -56.392  -39.320 0.6000000238
105201  7.969  -56.910  -39.773 0.6000000238
119933  9.345  -55.516  -40.041 0.5000000000
17483  11.059  -56.625  -38.633 0.6999999881
16650  9.067  -57.085  -39.219 0.6000000238
16640  8.365  -57.719  -39.066 0.6000000238
120853  9.469  -59.089  -37.754 0.6999999881
16637  11.920  -56.937  -37.736 0.6000000238
16639  10.248  -57.394  -38.582 0.6999999881
104597  9.476  -57.968  -38.511 0.6999999881
113171  7.950  -59.004  -38.660 0.6999999881
14029  9.761  -59.611  -37.071 0.8000000119
17470  12.155  -56.256  -37.647 0.5000000000
17482  12.037  -56.208  -38.417 0.5000000000
15805  10.250  -58.998  -37.443 0.8000000119
15816  11.277  -58.102  -37.325 0.6000000238
14934  9.956  -59.631  -35.751 0.6999999881
19310  12.917  -54.764  -38.099 0.5000000000
18383  12.765  -55.335  -38.558 0.5000000000
14933  10.370  -59.240  -36.408 0.6999999881
14018  9.673  -60.122  -36.310 0.6999999881
15804  10.943  -58.716  -37.155 0.6999999881
113330  12.062  -56.924  -37.117 0.6999999881
13994  9.307  -60.068  -35.076 0.6999999881
16604  10.187  -58.290  -35.886 0.6999999881
18365  12.124  -55.598  -37.614 0.6000000238
16616  11.746  -57.278  -36.802 0.8000000119
20320  3.992  -53.872  -34.742 0.6999999881
19299  3.894  -54.427  -35.946 0.8000000119
107295  12.161  -51.420  -38.482 0.4000000060
15770  8.282  -59.238  -34.562 0.6999999881
20361  12.316  -52.692  -38.253 0.5000000000
16605  9.352  -58.252  -35.412 0.6999999881
123857  12.485  -54.052  -37.748 0.6000000238
19311  11.833  -54.578  -37.580 0.6000000238
16617  10.852  -58.296  -36.406 0.6999999881
17454  11.817  -56.503  -36.962 0.8000000119
18350  10.875  -56.251  -36.658 0.8000000119
23913  0.998  -49.799  -28.463 0.5000000000
23025  2.174  -50.608  -27.980 0.5000000000
22103  2.645  -51.362  -27.208 0.5000000000
20250  5.014  -53.524  -30.744 0.5000000000
20297  4.290  -52.916  -33.283 0.6000000238
20269  5.081  -53.445  -31.625 0.6000000238
104951  4.895  -53.724  -29.843 0.6000000238
20221  4.261  -53.959  -27.811 0.6000000238
105686  3.478  -53.097  -33.113 0.6999999881
20283  4.246  -53.092  -32.346 0.6999999881
20311  3.733  -53.416  -34.530 0.6999999881
111219  2.896  -53.564  -32.829 0.6999999881
16620  7.160  -57.293  -36.056 0.6999999881
105907  6.007  -56.151  -36.625 0.6999999881
18355  5.603  -55.387  -36.994 0.8000000119
21299  11.627  -51.927  -38.457 0.5000000000
16606  8.369  -57.953  -35.502 0.6999999881
20346  11.892  -53.468  -37.766 0.6000000238
117262  8.881  -57.509  -35.869 0.8000000119
18366  10.174  -55.434  -37.145 0.6999999881
17457  8.967  -56.785  -36.393 0.8000000119
17456  10.191  -56.889  -36.395 0.8000000119
23923  0.984  -49.205  -28.837 0.5000000000
23922  1.565  -49.552  -28.769 0.6000000238
23934  2.491  -49.443  -28.763 0.5000000000
124552  2.224  -50.160  -28.742 0.6000000238
23033  2.969  -50.432  -28.388 0.6000000238
22102  3.425  -51.682  -27.327 0.6000000238
22113  3.764  -51.096  -27.992 0.6000000238
22101  4.403  -51.719  -27.445 0.5000000000
19249  5.802  -54.111  -30.894 0.5000000000
19231  5.694  -54.102  -29.989 0.5000000000
20282  5.142  -53.354  -32.580 0.6000000238
111953  4.038  -54.088  -29.834 0.6999999881
20210  4.357  -53.207  -27.149 0.6000000238
20296  5.277  -53.100  -33.576 0.6000000238
21232  3.759  -52.972  -33.945 0.6999999881
20284  3.460  -53.339  -32.133 0.6999999881
20270  4.204  -53.316  -31.441 0.6999999881
20252  3.447  -54.106  -30.523 0.8000000119
20237  3.837  -54.232  -29.072 0.6999999881
21247  4.943  -52.829  -34.781 0.6999999881
21262  4.315  -52.884  -35.275 0.6999999881
21277  4.531  -52.691  -36.083 0.6999999881
125094  4.018  -53.567  -36.220 0.8000000119
19317  5.733  -53.960  -37.319 0.8000000119
18372  4.816  -54.777  -36.995 0.8000000119
120025  10.285  -52.362  -38.056 0.5000000000
111798  8.657  -51.835  -37.684 0.6000000238
18353  7.477  -55.789  -37.121 0.8000000119
18370  6.088  -54.744  -37.422 0.8000000119
19312  10.639  -54.690  -37.532 0.6000000238
20363  9.451  -52.739  -38.026 0.6999999881
18352  8.504  -55.901  -36.876 0.8000000119
19313  9.516  -54.591  -37.662 0.6999999881
18367  9.024  -55.267  -37.231 0.6999999881
18351  9.635  -56.053  -36.678 0.8000000119
25733  1.386  -48.259  -28.651 0.4000000060
24819  2.632  -48.826  -28.514 0.5000000000
119612  2.659  -50.017  -30.321 0.4000000060
23032  3.796  -50.449  -28.856 0.5000000000
22112  4.945  -50.908  -28.023 0.5000000000
19266  5.948  -54.193  -31.891 0.5000000000
20235  5.751  -53.615  -29.130 0.6000000238
104624  5.439  -53.100  -28.377 0.6000000238
21174  4.752  -52.421  -27.344 0.6000000238
20281  6.030  -53.979  -32.800 0.6000000238
20236  4.701  -53.652  -28.810 0.6999999881
20220  4.876  -53.116  -27.740 0.6999999881
20310  5.781  -52.875  -34.214 0.6000000238
115895  4.556  -53.254  -36.457 0.8000000119
20348  7.873  -53.461  -37.909 0.6999999881
19314  8.441  -54.422  -37.702 0.6999999881
18369  6.937  -55.027  -37.809 0.8000000119
19316  6.498  -54.088  -37.815 0.8000000119
20347  8.916  -53.629  -37.997 0.6999999881
25732  2.613  -48.422  -28.189 0.4000000060
26676  2.322  -47.263  -27.511 0.4000000060
26654  1.849  -46.986  -27.149 0.4000000060
23058  2.661  -49.636  -30.579 0.5000000000
24818  3.114  -48.919  -28.908 0.4000000060
27592  1.758  -46.006  -27.061 0.5000000000
23024  6.437  -50.586  -27.953 0.5000000000
110187  5.338  -51.561  -27.582 0.5000000000
22124  7.072  -51.006  -28.678 0.5000000000
21187  5.673  -52.347  -27.781 0.6999999881
21260  5.112  -52.590  -35.745 0.6000000238
20350  5.744  -52.854  -36.709 0.8000000119
22210  8.070  -51.101  -37.268 0.6000000238
21293  7.198  -52.066  -37.266 0.6000000238
22198  6.993  -51.648  -36.829 0.6999999881
21275  6.278  -52.213  -36.501 0.6999999881
20349  6.953  -53.374  -37.912 0.6999999881
27581  1.967  -45.070  -26.862 0.3000000119
25746  3.475  -48.521  -30.321 0.4000000060
25731  3.390  -48.201  -28.707 0.3000000119
26689  3.327  -47.464  -28.225 0.4000000060
26675  3.010  -46.847  -27.776 0.4000000060
26653  2.291  -46.330  -27.320 0.4000000060
27591  2.190  -45.681  -27.176 0.5000000000
23057  2.644  -49.978  -31.007 0.4000000060
27580  2.225  -45.085  -26.896 0.3000000119
23046  2.983  -50.243  -30.144 0.4000000060
22111  7.149  -51.498  -28.065 0.5000000000
23031  4.955  -50.485  -28.744 0.4000000060
20217  7.176  -52.431  -28.387 0.6000000238
23056  3.525  -50.253  -30.847 0.4000000060
22123  7.343  -51.747  -28.818 0.4000000060
23043  6.435  -50.547  -28.676 0.5000000000
21276  5.376  -52.603  -36.264 0.6999999881
21294  6.563  -52.482  -36.999 0.6999999881
27590  2.783  -45.849  -27.258 0.4000000060
27579  3.287  -45.538  -26.507 0.3000000119
24829  2.935  -48.530  -31.195 0.3000000119
23055  5.122  -50.536  -30.828 0.4000000060
22133  6.834  -50.890  -29.854 0.4000000060
111636  5.964  -50.682  -29.952 0.4000000060
26688  3.710  -47.569  -28.599 0.3000000119
26674  3.360  -46.961  -28.065 0.3000000119
26652  2.717  -46.349  -27.492 0.4000000060
26651  3.440  -46.486  -27.721 0.3000000119
25729  4.204  -48.123  -29.925 0.3000000119
23069  3.170  -49.628  -31.550 0.3000000119
23067  5.083  -50.001  -31.541 0.3000000119
23068  4.216  -49.900  -31.228 0.3000000119
23054  5.894  -50.775  -31.033 0.3000000119
26673  4.114  -47.172  -28.339 0.3000000119
27589  3.912  -45.961  -27.143 0.3000000119
124132  3.762  -47.401  -28.493 0.3000000119
26650  4.570  -46.754  -27.579 0.3000000119
23954  3.994  -49.340  -31.450 0.3000000119
23953  4.987  -49.050  -31.542 0.3000000119
23066  6.156  -50.277  -31.515 0.3000000119
26687  4.248  -47.588  -29.110 0.3000000119
104217  5.055  -47.338  -29.337 0.3000000119
24843  5.597  -48.345  -31.406 0.3000000119
10337  12.416  -64.098  -38.979 0.6000000238
121990  11.912  -63.688  -39.521 0.6999999881
10357  11.201  -63.685  -39.733 0.6999999881
10358  10.475  -64.133  -40.255 0.6999999881
23030  5.803  -50.473  -28.232 0.4000000060
21186  6.763  -52.161  -27.875 0.6000000238
27578  4.439  -45.803  -26.135 0.3000000119
7127  12.291  -67.954  -42.447 0.6999999881
5603  11.128  -70.201  -38.547 0.6999999881
7933  14.785  -67.670  -43.248 0.8000000119
125444  12.921  -67.444  -48.216 0.6000000238
103789  15.802  -67.615  -41.370 0.6000000238
7830  12.794  -67.243  -35.846 0.6999999881
8717  16.400  -65.927  -46.853 0.8000000119
8747  15.206  -66.716  -48.787 0.6999999881
124405  16.225  -66.974  -49.195 0.8000000119
110903  7.628  -59.368  -43.463 0.6999999881
11240  12.751  -63.608  -39.709 0.5000000000
12210  10.540  -62.651  -41.409 0.6000000238
15883  6.668  -58.775  -42.117 0.6000000238
11332  11.290  -63.108  -44.848 0.6999999881
10292  13.670  -65.062  -35.576 0.8000000119
11223  15.285  -63.466  -38.107 0.5000000000
10334  15.230  -63.936  -39.235 0.6000000238
10397  14.375  -64.583  -43.524 0.6000000238
17458  8.000  -56.425  -36.605 0.8000000119
3749  12.440  -73.428  -44.703 0.4000000060
3740  12.637  -73.558  -43.740 0.4000000060
3762  13.138  -73.855  -47.175 0.3000000119
110591  13.137  -74.107  -45.361 0.4000000060
2729  13.806  -75.042  -45.198 0.4000000060
3226  13.373  -74.384  -44.340 0.4000000060
4328  16.113  -72.049  -46.269 0.4000000060
4322  15.082  -72.067  -46.024 0.5000000000
123898  14.220  -71.585  -45.435 0.5000000000
4329  15.259  -72.413  -46.900 0.3000000119
113158  14.412  -72.348  -46.736 0.4000000060
3758  12.160  -72.664  -45.047 0.4000000060
4330  14.380  -72.584  -47.392 0.3000000119
107082  12.938  -73.314  -46.281 0.3000000119
3757  12.543  -73.290  -45.467 0.3000000119
3764  13.610  -73.157  -47.732 0.3000000119
4334  15.940  -72.104  -47.225 0.4000000060
4974  16.507  -71.482  -47.691 0.3000000119
4335  15.187  -72.343  -47.741 0.3000000119
4341  14.374  -72.481  -48.794 0.4000000060
4340  15.152  -72.212  -48.595 0.3000000119
4982  14.735  -71.606  -49.815 0.4000000060
4345  14.061  -72.144  -49.348 0.4000000060
4351  13.229  -72.023  -49.532 0.4000000060
110521  17.142  -71.081  -47.027 0.4000000060
4973  17.231  -71.035  -48.146 0.4000000060
5690  18.201  -69.746  -47.688 0.5000000000
115484  16.624  -71.537  -48.766 0.4000000060
5694  17.126  -70.947  -49.077 0.4000000060
4344  15.036  -72.022  -49.296 0.4000000060
4981  15.592  -71.528  -49.699 0.5000000000
5699  16.645  -70.497  -49.659 0.4000000060
4988  14.331  -71.104  -50.200 0.4000000060
6446  12.909  -69.525  -49.208 0.6000000238
6452  13.149  -70.281  -50.125 0.4000000060
6436  18.505  -69.357  -48.582 0.6000000238
6442  18.403  -69.074  -49.379 0.6000000238
5698  17.293  -70.038  -49.380 0.6000000238
6443  17.586  -69.261  -49.633 0.6000000238
6444  16.798  -69.548  -49.891 0.6000000238
7193  17.076  -68.626  -49.790 0.6999999881
5704  16.061  -69.938  -50.098 0.5000000000
121402  16.211  -69.035  -50.098 0.6000000238
8004  16.689  -67.561  -49.390 0.6999999881
105145  19.644  -67.704  -49.500 0.6999999881
113670  18.834  -67.265  -49.608 0.6999999881
105767  18.890  -68.277  -49.438 0.6000000238
8002  18.336  -67.820  -49.636 0.6999999881
9602  17.631  -65.472  -49.059 0.6999999881
9590  17.288  -65.261  -48.231 0.6999999881
8716  17.363  -66.002  -46.549 0.6999999881
8003  17.600  -67.664  -49.562 0.6999999881
8737  17.038  -65.873  -49.317 0.6999999881
123783  17.104  -67.111  -49.399 0.6999999881
9606  20.244  -65.500  -49.144 0.5000000000
9600  19.226  -65.346  -48.818 0.6000000238
8744  18.232  -66.460  -49.526 0.6999999881
9601  18.519  -65.410  -48.945 0.6000000238
9578  17.931  -65.432  -47.376 0.6999999881
9577  18.807  -65.529  -46.906 0.6999999881
113383  18.113  -67.157  -49.606 0.6999999881
8715  18.203  -66.003  -46.330 0.6999999881
8700  17.694  -66.611  -45.725 0.6000000238
9589  18.804  -65.333  -48.088 0.6000000238
113417  19.582  -65.309  -47.508 0.6000000238
8714  18.877  -66.003  -46.096 0.6000000238
9576  19.496  -65.645  -46.378 0.6000000238
7898  18.044  -66.945  -41.876 0.5000000000
106340  10.537  -70.624  -39.132 0.6000000238
6364  10.829  -69.957  -40.590 0.6000000238
8699  18.505  -66.486  -45.597 0.6000000238
7945  18.593  -67.076  -44.378 0.6000000238
7928  19.208  -66.977  -43.804 0.5000000000
124063  18.242  -67.000  -42.494 0.5000000000
4873  10.098  -71.168  -37.830 0.6000000238
105531  11.110  -70.379  -37.787 0.6000000238
5604  10.614  -70.750  -38.241 0.6000000238
8698  19.309  -66.254  -45.469 0.6000000238
8689  19.344  -66.655  -44.595 0.5000000000
7929  18.389  -67.248  -43.653 0.5000000000
6304  9.327  -69.679  -35.749 0.6000000238
123922  10.805  -69.443  -35.965 0.6000000238
122962  10.303  -70.456  -36.056 0.6000000238
4855  9.358  -71.184  -36.716 0.6000000238
5576  10.555  -70.628  -36.629 0.6000000238
6302  11.415  -69.157  -35.934 0.6000000238
5562  10.953  -69.900  -36.233 0.6000000238
8621  16.700  -66.366  -38.715 0.6000000238
7054  9.805  -69.038  -35.879 0.6000000238
8609  10.970  -67.160  -36.730 0.6000000238
7053  11.168  -68.645  -35.927 0.6000000238
8608  11.567  -66.871  -36.148 0.6000000238
7833  11.363  -68.019  -35.954 0.6000000238
9459  12.055  -66.156  -36.225 0.5000000000
7831  12.298  -67.356  -35.731 0.6000000238
121983  12.530  -66.192  -35.742 0.5000000000
6305  8.588  -69.496  -35.776 0.6999999881
7055  9.107  -69.033  -35.815 0.6000000238
7062  10.396  -68.461  -36.125 0.6000000238
8616  11.412  -66.513  -36.962 0.6000000238
9469  11.809  -65.804  -37.224 0.6000000238
7890  8.407  -67.208  -40.111 0.6000000238
7063  9.415  -68.608  -36.116 0.6000000238
7843  9.770  -68.069  -36.577 0.6000000238
8623  11.122  -66.099  -37.824 0.5000000000
7858  9.602  -67.335  -38.175 0.6000000238
8625  9.877  -66.847  -38.810 0.6000000238
7876  8.586  -67.330  -39.366 0.6000000238
8652  8.553  -66.961  -40.724 0.6000000238
7850  9.095  -67.850  -37.318 0.6000000238
9477  11.502  -65.363  -38.089 0.6000000238
117968  10.158  -67.040  -38.047 0.6000000238
8624  10.393  -66.380  -38.338 0.5000000000
8637  10.113  -66.028  -39.248 0.6000000238
117079  9.543  -66.665  -39.474 0.5000000000
110289  8.980  -66.173  -40.755 0.5000000000
10338  11.507  -64.171  -39.104 0.6000000238
9492  10.677  -65.341  -39.342 0.6000000238
8650  9.461  -66.011  -39.987 0.6000000238
8651  9.579  -65.441  -40.860 0.6000000238
9519  9.833  -65.099  -41.617 0.6999999881
9529  9.036  -65.765  -43.025 0.6999999881
9540  8.301  -65.566  -43.538 0.6999999881
9551  8.175  -65.091  -44.081 0.6999999881
9506  10.163  -65.221  -40.022 0.6000000238
9518  10.139  -64.960  -40.862 0.6999999881
10388  9.174  -64.272  -42.569 0.6999999881
9528  9.423  -65.190  -42.508 0.6999999881
10400  8.950  -65.141  -43.429 0.6999999881
11317  7.864  -63.623  -43.488 0.6000000238
11281  9.948  -63.354  -41.369 0.6000000238
8659  18.692  -66.720  -41.258 0.5000000000
8660  17.852  -66.839  -41.066 0.5000000000
8633  19.155  -66.419  -39.769 0.5000000000
8648  18.522  -66.671  -40.401 0.5000000000
8634  18.286  -66.542  -39.588 0.6000000238
9489  20.565  -65.152  -38.905 0.6000000238
111554  19.781  -65.828  -39.147 0.6000000238
9490  18.827  -66.167  -38.994 0.6000000238
8619  18.080  -66.251  -39.013 0.6000000238
8620  17.507  -65.984  -38.644 0.6000000238
9473  19.949  -65.215  -38.476 0.5000000000
9474  19.205  -65.490  -38.282 0.6000000238
9476  16.959  -65.678  -38.068 0.6000000238
10307  19.060  -64.036  -36.964 0.6000000238
10300  17.819  -64.361  -36.571 0.5000000000
9466  17.832  -65.026  -37.216 0.6000000238
9467  16.626  -65.463  -37.251 0.6000000238
10299  18.438  -63.821  -36.437 0.5000000000
9455  17.051  -64.838  -36.695 0.6000000238
11199  15.230  -63.225  -36.328 0.5000000000
12135  15.949  -62.751  -36.743 0.5000000000
10290  15.388  -64.279  -35.592 0.6000000238
10289  16.291  -64.288  -36.010 0.6000000238
113483  14.653  -70.526  -50.201 0.6000000238
119164  16.272  -68.282  -49.598 0.6999999881
8649  17.687  -66.831  -40.209 0.5000000000
9478  10.892  -65.724  -38.705 0.6000000238
10374  9.631  -64.276  -41.779 0.6999999881
8635  17.422  -66.579  -39.379 0.6000000238
9456  16.241  -65.253  -36.355 0.6000000238
11188  15.680  -63.550  -35.944 0.6000000238
104093  13.069  -74.017  -46.241 0.3000000119
3761  13.463  -72.773  -46.793 0.3000000119
4324  12.935  -72.611  -45.855 0.4000000060
4336  14.400  -72.617  -48.158 0.3000000119
4339  15.831  -71.831  -48.193 0.4000000060
4977  15.891  -71.870  -49.139 0.4000000060
5691  17.752  -70.432  -47.288 0.4000000060
5693  17.658  -70.154  -48.489 0.5000000000
6437  17.889  -69.621  -49.179 0.6000000238
4980  16.387  -71.343  -49.422 0.5000000000
5700  15.941  -70.874  -49.981 0.5000000000
7192  18.021  -68.516  -49.656 0.6000000238
9607  19.297  -65.620  -49.151 0.6999999881
7849  10.128  -67.450  -37.238 0.6000000238
10413  7.572  -64.475  -44.432 0.6000000238
10306  20.104  -64.032  -37.518 0.5000000000
9475  18.294  -65.762  -38.467 0.6000000238
106343  17.698  -65.472  -37.972 0.6000000238
10317  19.732  -64.782  -37.881 0.5000000000
10308  18.473  -64.578  -37.076 0.6000000238
11194  19.791  -62.989  -36.571 0.5000000000
113803  17.771  -63.618  -36.190 0.5000000000
11197  17.219  -63.032  -36.072 0.5000000000
649  17.958  -80.417  -27.581 0.4000000060
654  18.758  -81.118  -28.064 0.4000000060
120822  17.795  -79.991  -29.150 0.5000000000
646  15.468  -80.167  -26.424 0.5000000000
115288  15.332  -81.814  -25.872 0.5000000000
171  15.134  -83.211  -26.558 0.5000000000
651  15.574  -79.893  -27.248 0.5000000000
975  15.887  -79.459  -26.479 0.5000000000
448  19.298  -81.350  -28.681 0.4000000060
455  19.693  -81.196  -29.307 0.4000000060
661  19.222  -80.491  -30.047 0.5000000000
2239  15.902  -76.520  -42.018 0.3000000119
2238  16.602  -76.821  -41.694 0.3000000119
2246  15.741  -76.541  -42.902 0.3000000119
2724  14.787  -75.711  -43.678 0.3000000119
640  16.504  -79.950  -25.388 0.4000000060
420  15.777  -81.512  -24.986 0.5000000000
260  15.672  -82.386  -24.652 0.5000000000
639  17.128  -79.925  -25.370 0.4000000060
986  17.117  -79.720  -27.120 0.4000000060
441  19.325  -81.686  -27.445 0.3000000119
435  18.878  -81.344  -26.486 0.3000000119
671  20.396  -80.464  -30.609 0.4000000060
446  20.126  -81.228  -28.586 0.3000000119
454  20.154  -81.192  -29.189 0.4000000060
465  20.080  -81.084  -30.011 0.5000000000
445  20.585  -80.868  -29.051 0.3000000119
2232  15.888  -76.367  -40.982 0.3000000119
2237  17.261  -77.007  -41.390 0.3000000119
2707  15.030  -76.160  -42.226 0.3000000119
2717  14.376  -75.493  -42.680 0.3000000119
3217  13.988  -74.965  -43.537 0.3000000119
628  16.886  -80.308  -24.812 0.3000000119
419  16.532  -81.110  -24.342 0.4000000060
429  17.697  -80.562  -24.815 0.3000000119
123296  20.361  -81.140  -27.609 0.3000000119
1001  21.352  -79.492  -30.231 0.4000000060
108929  20.963  -79.834  -30.840 0.4000000060
660  21.096  -80.293  -29.579 0.4000000060
106505  20.922  -80.224  -27.678 0.3000000119
2686  15.919  -75.784  -39.393 0.4000000060
2696  16.327  -75.998  -40.264 0.4000000060
121651  17.110  -75.992  -40.394 0.4000000060
2223  17.800  -75.893  -40.092 0.4000000060
2222  18.722  -76.243  -39.931 0.4000000060
2221  19.458  -76.764  -39.649 0.5000000000
2698  14.232  -75.481  -40.641 0.3000000119
2697  14.888  -76.174  -41.001 0.3000000119
2708  14.286  -75.688  -41.544 0.3000000119
3218  13.262  -74.255  -43.396 0.3000000119
123281  11.942  -72.995  -44.895 0.3000000119
104765  21.523  -79.017  -30.028 0.3000000119
1007  21.238  -78.732  -31.905 0.4000000060
1016  21.102  -78.913  -32.395 0.4000000060
990  21.189  -79.372  -28.449 0.3000000119
985  21.147  -79.618  -27.639 0.3000000119
653  21.032  -80.164  -28.594 0.3000000119
1421  22.233  -77.909  -37.239 0.5000000000
1415  22.564  -77.792  -36.474 0.5000000000
122337  15.792  -74.024  -38.069 0.3000000119
3156  16.111  -74.858  -38.291 0.3000000119
3684  14.613  -74.178  -38.796 0.3000000119
2677  15.565  -75.368  -38.760 0.3000000119
2685  16.856  -75.837  -39.673 0.4000000060
2673  19.586  -75.862  -38.436 0.5000000000
2212  21.034  -77.247  -38.706 0.5000000000
2678  14.749  -75.076  -38.856 0.3000000119
115980  17.425  -75.752  -39.249 0.4000000060
2684  18.285  -75.748  -39.342 0.4000000060
2683  19.216  -75.960  -39.287 0.5000000000
2213  20.095  -76.542  -39.039 0.5000000000
120004  13.948  -75.159  -41.143 0.3000000119
3208  13.560  -74.605  -42.673 0.3000000119
3733  12.890  -73.704  -42.766 0.3000000119
3741  12.309  -73.043  -43.072 0.3000000119
4314  12.542  -72.214  -44.365 0.4000000060
1746  21.350  -78.589  -30.007 0.3000000119
1378  21.242  -78.449  -31.757 0.4000000060
114961  21.433  -79.679  -26.879 0.3000000119
1359  21.376  -78.962  -27.675 0.3000000119
1362  21.425  -79.013  -28.962 0.3000000119
1377  21.246  -78.050  -32.613 0.4000000060
1400  22.572  -77.779  -34.679 0.4000000060
1409  22.789  -77.767  -35.601 0.5000000000
122729  22.933  -76.455  -34.737 0.4000000060
1787  23.157  -77.326  -35.035 0.5000000000
4234  16.566  -72.576  -37.786 0.3000000119
2193  22.150  -76.663  -36.712 0.5000000000
2192  22.931  -76.798  -36.105 0.5000000000
3144  16.487  -74.135  -37.788 0.3000000119
2661  20.753  -76.109  -37.340 0.4000000060
2649  22.250  -76.109  -36.150 0.5000000000
3683  15.329  -73.488  -38.404 0.3000000119
3155  17.024  -75.036  -38.117 0.4000000060
2675  17.631  -75.595  -38.579 0.4000000060
2662  19.922  -75.630  -37.629 0.5000000000
2660  21.396  -76.587  -37.086 0.5000000000
3168  14.209  -74.740  -39.289 0.3000000119
2676  16.608  -75.615  -38.765 0.4000000060
2674  18.602  -75.660  -38.510 0.5000000000
3180  13.865  -74.187  -40.689 0.3000000119
104503  13.539  -73.692  -41.357 0.4000000060
4297  12.982  -72.615  -41.999 0.3000000119
3724  12.745  -73.132  -42.034 0.4000000060
109410  12.452  -72.601  -43.475 0.4000000060
7981  9.728  -67.649  -46.704 0.5000000000
104138  13.150  -71.971  -45.260 0.3000000119
983  23.295  -79.134  -26.727 0.3000000119
114589  21.853  -79.126  -26.954 0.3000000119
2143  21.018  -77.134  -32.398 0.3000000119
984  22.452  -79.115  -26.643 0.3000000119
2157  21.631  -76.744  -33.291 0.3000000119
2169  23.023  -76.807  -33.913 0.5000000000
2628  22.559  -76.015  -34.306 0.4000000060
2623  22.028  -75.924  -33.788 0.3000000119
4888  17.225  -71.619  -38.031 0.3000000119
2640  21.762  -75.441  -35.770 0.5000000000
3682  16.036  -73.268  -37.841 0.3000000119
3141  20.367  -75.305  -36.848 0.4000000060
3143  17.411  -74.339  -37.512 0.4000000060
3154  17.934  -75.272  -37.802 0.4000000060
2663  18.939  -75.403  -37.717 0.4000000060
3695  14.150  -73.886  -39.498 0.3000000119
4259  14.531  -73.230  -39.863 0.3000000119
4284  13.452  -72.961  -41.377 0.3000000119
4296  13.926  -72.115  -42.293 0.4000000060
4307  13.008  -72.273  -42.846 0.4000000060
7966  10.074  -67.608  -45.902 0.5000000000
4948  12.998  -71.977  -43.671 0.4000000060
4305  15.006  -71.820  -43.741 0.5000000000
114294  10.152  -67.487  -47.377 0.5000000000
1355  22.972  -78.939  -27.091 0.3000000119
4874  9.470  -71.278  -37.504 0.5000000000
3100  21.699  -75.467  -34.025 0.3000000119
2624  21.328  -75.315  -33.354 0.3000000119
4891  9.418  -71.356  -38.307 0.5000000000
111903  8.015  -71.259  -36.977 0.6000000238
4872  17.114  -71.911  -37.704 0.3000000119
4905  17.245  -71.768  -38.720 0.3000000119
4233  17.321  -72.504  -37.297 0.3000000119
3671  17.891  -73.530  -37.075 0.3000000119
3128  21.018  -74.888  -36.213 0.4000000060
3120  21.238  -74.827  -35.343 0.4000000060
5567  5.895  -70.491  -35.763 0.5000000000
3131  18.533  -74.234  -36.761 0.3000000119
106036  19.363  -74.841  -37.042 0.3000000119
3122  19.556  -74.229  -35.793 0.3000000119
6376  11.314  -69.286  -41.951 0.5000000000
4272  14.993  -72.786  -40.527 0.3000000119
4273  14.179  -73.080  -40.639 0.3000000119
7136  11.689  -68.142  -43.009 0.5000000000
106382  14.443  -72.319  -41.689 0.3000000119
7937  10.860  -67.981  -44.247 0.5000000000
4295  15.027  -72.220  -42.086 0.4000000060
7951  11.205  -67.615  -44.761 0.6000000238
4294  15.821  -72.587  -42.979 0.4000000060
124007  11.010  -67.455  -46.233 0.5000000000
4304  15.937  -72.106  -44.050 0.4000000060
106411  15.315  -71.647  -44.886 0.3000000119
4313  13.835  -71.611  -44.404 0.4000000060
7991  10.757  -67.357  -47.866 0.6000000238
4320  18.384  -72.746  -45.169 0.3000000119
4962  17.660  -72.082  -45.405 0.4000000060
115219  16.800  -72.178  -45.441 0.4000000060
104610  11.448  -67.360  -48.105 0.6000000238
7998  10.911  -67.668  -48.384 0.5000000000
4960  19.113  -72.068  -44.906 0.3000000119
4961  18.207  -71.652  -45.304 0.5000000000
4969  17.362  -71.397  -45.959 0.4000000060
4970  16.612  -71.664  -46.659 0.4000000060
124503  11.072  -67.993  -48.716 0.6000000238
4967  19.885  -71.285  -45.054 0.3000000119
5677  18.946  -70.742  -45.064 0.5000000000
4968  18.083  -70.740  -45.637 0.4000000060
116765  17.613  -70.769  -46.429 0.4000000060
125271  19.245  -69.896  -45.540 0.4000000060
5684  18.547  -69.966  -45.710 0.5000000000
123884  17.943  -70.247  -46.292 0.4000000060
106467  18.343  -69.716  -46.699 0.5000000000
4856  8.575  -71.185  -36.473 0.6000000238
4843  7.178  -71.046  -36.120 0.6000000238
4887  17.873  -71.252  -38.429 0.3000000119
4871  17.882  -71.263  -37.555 0.3000000119
115668  17.685  -71.885  -37.251 0.3000000119
4232  18.096  -72.539  -36.884 0.3000000119
5565  7.673  -70.498  -35.782 0.6000000238
5566  6.763  -70.509  -35.833 0.6000000238
113352  18.044  -71.553  -39.273 0.3000000119
3662  18.416  -73.474  -36.449 0.3000000119
6320  5.927  -69.717  -35.917 0.6000000238
4920  18.372  -72.013  -40.006 0.3000000119
3130  19.015  -74.335  -36.299 0.3000000119
6334  6.096  -69.166  -36.650 0.6000000238
7092  5.600  -68.334  -38.461 0.6000000238
7080  5.126  -68.940  -37.882 0.6000000238
7093  4.768  -68.547  -38.695 0.6000000238
7108  4.422  -68.204  -39.482 0.5000000000
3739  16.639  -72.911  -43.908 0.4000000060
4321  17.529  -72.566  -45.212 0.4000000060
6417  19.953  -69.569  -45.956 0.4000000060
6418  19.058  -69.310  -46.192 0.5000000000
5601  19.242  -70.322  -38.546 0.3000000119
5602  18.461  -70.689  -38.113 0.3000000119
5590  18.454  -70.652  -37.344 0.3000000119
103257  18.225  -71.665  -36.849 0.3000000119
4219  18.656  -72.484  -36.208 0.3000000119
4210  19.099  -72.976  -35.460 0.3000000119
4841  9.119  -70.987  -36.037 0.5000000000
5614  18.709  -70.868  -39.080 0.3000000119
6318  7.925  -69.401  -35.979 0.5000000000
6306  7.226  -69.902  -35.913 0.6000000238
4904  18.766  -71.421  -39.746 0.3000000119
3661  18.916  -73.583  -35.897 0.3000000119
7066  7.035  -69.202  -36.801 0.6000000238
4919  19.222  -71.907  -40.203 0.3000000119
7078  6.725  -68.800  -37.522 0.6000000238
3738  17.350  -73.664  -43.828 0.3000000119
113914  16.726  -73.369  -43.191 0.3000000119
7107  5.255  -67.946  -39.234 0.6000000238
7894  4.758  -67.580  -40.841 0.6000000238
7077  7.547  -68.640  -37.287 0.6000000238
7089  8.145  -68.033  -37.760 0.5000000000
107677  7.901  -67.661  -38.671 0.6000000238
7860  7.032  -67.957  -38.928 0.6000000238
7879  5.845  -67.703  -39.873 0.6000000238
7880  4.937  -67.681  -40.033 0.6000000238
7907  5.308  -67.366  -41.427 0.6000000238
7893  5.555  -67.502  -40.664 0.6000000238
7921  5.125  -67.337  -42.185 0.5000000000
7076  8.352  -68.427  -36.892 0.5000000000
7859  8.814  -67.584  -38.406 0.5000000000
7877  7.654  -67.476  -39.630 0.5000000000
7905  7.155  -67.119  -41.255 0.6000000238
9553  6.222  -65.546  -45.095 0.5000000000
9564  7.169  -64.842  -45.268 0.6000000238
113704  7.082  -65.180  -45.240 0.6000000238
9566  5.586  -65.212  -45.657 0.5000000000
10428  5.696  -64.632  -45.645 0.6000000238
112402  4.953  -64.928  -45.795 0.6000000238
8671  7.181  -66.392  -42.739 0.5000000000
8664  6.718  -66.824  -41.954 0.6000000238
9530  8.260  -66.133  -42.971 0.6000000238
8681  6.662  -66.267  -43.473 0.5000000000
8673  5.823  -66.783  -43.491 0.5000000000
109495  7.764  -65.426  -44.080 0.6000000238
11298  8.629  -63.294  -42.573 0.6000000238
9552  7.585  -65.113  -44.748 0.6000000238
11353  5.445  -63.712  -45.292 0.5000000000
14012  6.141  -60.986  -34.719 0.5000000000
7875  9.330  -67.138  -39.113 0.5000000000
7891  7.695  -67.264  -40.502 0.5000000000
121679  8.608  -66.171  -42.294 0.6000000238
13999  4.611  -60.281  -34.638 0.5000000000
114460  3.959  -59.820  -34.444 0.6000000238
13998  5.485  -60.460  -34.430 0.6000000238
111169  6.283  -60.314  -34.031 0.6000000238
14013  5.027  -60.753  -35.385 0.5000000000
13997  6.756  -60.857  -34.486 0.5000000000
12120  6.995  -62.167  -35.833 0.5000000000
13197  4.472  -61.762  -44.099 0.5000000000
11335  4.561  -63.071  -45.027 0.5000000000
116307  5.005  -55.561  -36.704 0.6000000238
17462  3.980  -55.504  -35.855 0.6999999881
17461  4.589  -56.059  -36.059 0.6000000238
17447  3.917  -56.434  -35.473 0.6999999881
16593  3.356  -57.490  -34.289 0.6000000238
15762  2.930  -59.256  -33.527 0.6000000238
16608  4.575  -57.073  -35.429 0.6000000238
16609  3.804  -57.412  -34.969 0.6000000238
17460  5.298  -56.423  -36.189 0.6000000238
118899  5.463  -57.185  -35.516 0.6000000238
16591  4.431  -58.175  -34.613 0.6000000238
16592  3.803  -58.391  -34.311 0.5000000000
14908  2.986  -60.005  -33.864 0.6000000238
118929  6.243  -57.074  -36.039 0.6000000238
15790  5.861  -58.383  -34.272 0.6000000238
15773  4.260  -59.240  -34.329 0.5000000000
15774  3.531  -59.391  -33.953 0.6000000238
15789  6.642  -58.513  -34.657 0.6000000238
121903  5.221  -58.976  -34.160 0.6000000238
15771  7.225  -59.326  -34.071 0.6000000238
15772  6.207  -59.077  -33.736 0.6000000238
14914  7.188  -60.267  -34.082 0.6000000238
13065  7.461  -61.064  -34.684 0.5000000000
12137  6.407  -62.681  -36.375 0.5000000000
13096  7.345  -61.840  -36.933 0.5000000000
114849  6.525  -62.064  -37.413 0.5000000000
121675  5.622  -61.647  -38.510 0.5000000000
106901  2.802  -57.428  -33.608 0.6999999881
117169  7.617  -57.739  -35.666 0.5000000000
14913  8.033  -59.916  -34.213 0.6000000238
14011  8.873  -60.697  -35.383 0.6000000238
13085  7.694  -61.872  -36.216 0.5000000000
13084  8.159  -61.397  -36.561 0.6000000238
14031  7.774  -61.098  -37.236 0.5000000000
14046  7.126  -60.382  -37.894 0.6000000238
14047  6.354  -60.578  -38.338 0.6000000238
21245  6.738  -52.154  -35.199 0.4000000060
18330  2.590  -54.913  -33.141 0.6999999881
18307  2.786  -55.002  -31.474 0.5000000000
17408  2.217  -56.478  -30.701 0.5000000000
109114  6.775  -51.591  -36.000 0.6000000238
21259  6.001  -52.000  -35.997 0.5000000000
18319  2.589  -55.374  -32.243 0.6000000238
17414  2.075  -56.790  -31.481 0.5000000000
116534  7.816  -50.904  -35.782 0.5000000000
20312  2.894  -53.692  -34.327 0.6000000238
19290  3.702  -54.463  -35.155 0.6999999881
117836  2.657  -56.532  -33.522 0.8000000119
105015  2.360  -57.154  -32.864 0.6999999881
14010  9.462  -60.301  -35.702 0.6000000238
107620  8.442  -60.807  -36.904 0.6000000238
18294  2.867  -55.556  -29.963 0.5000000000
20309  6.540  -52.925  -34.332 0.5000000000
19267  2.682  -54.359  -32.349 0.6999999881
106030  2.447  -56.337  -30.050 0.5000000000
21257  8.603  -51.231  -35.421 0.4000000060
123456  8.072  -51.637  -35.287 0.4000000060
22181  8.382  -50.573  -36.042 0.4000000060
23133  8.580  -50.801  -36.816 0.5000000000
22209  9.103  -51.211  -37.269 0.4000000060
19232  3.003  -54.854  -30.692 0.5000000000
17401  2.747  -56.481  -29.159 0.5000000000
20308  7.467  -53.112  -34.402 0.3000000119
20294  7.132  -53.764  -33.675 0.3000000119
19250  2.923  -54.433  -31.494 0.6000000238
113698  9.769  -50.463  -36.454 0.4000000060
23122  10.182  -50.305  -36.604 0.4000000060
21301  9.698  -51.895  -37.803 0.4000000060
20253  3.243  -54.475  -30.253 0.6000000238
20271  3.439  -53.689  -31.275 0.6000000238
22219  10.207  -51.264  -37.521 0.4000000060
20238  3.425  -54.552  -29.421 0.5000000000
19220  3.008  -54.839  -29.685 0.5000000000
114043  9.297  -54.631  -33.518 0.3000000119
20293  7.998  -54.166  -33.904 0.3000000119
19281  6.750  -54.271  -33.058 0.3000000119
19265  6.807  -54.879  -32.284 0.4000000060
23155  11.629  -49.820  -37.479 0.3000000119
21300  10.676  -51.895  -38.011 0.4000000060
117973  11.832  -50.576  -37.870 0.4000000060
103731  7.324  -55.263  -31.557 0.4000000060
120384  3.481  -54.355  -29.865 0.6000000238
19210  3.382  -54.900  -28.674 0.4000000060
19248  6.668  -54.900  -31.081 0.4000000060
19277  10.804  -54.809  -33.313 0.3000000119
18317  9.903  -55.623  -32.765 0.3000000119
120486  3.804  -54.559  -28.550 0.5000000000
122012  6.373  -54.551  -30.281 0.4000000060
19219  6.551  -54.245  -29.684 0.4000000060
20218  6.997  -52.995  -28.365 0.5000000000
19218  7.178  -54.277  -29.640 0.4000000060
20234  6.752  -53.638  -29.020 0.4000000060
22140  8.412  -51.689  -31.805 0.3000000119
22141  7.369  -51.553  -30.723 0.3000000119
21223  7.822  -52.297  -30.933 0.3000000119
22142  6.780  -50.990  -31.198 0.3000000119
26677  1.436  -47.686  -27.612 0.4000000060
23064  8.466  -51.012  -32.209 0.3000000119
3651  19.896  -74.038  -35.127 0.3000000119
20233  7.260  -53.371  -29.133 0.3000000119
14030  8.983  -60.224  -36.957 0.6000000238
26639  1.210  -46.495  -26.436 0.4000000060
23125  7.848  -50.804  -36.910 0.5000000000
21199  7.411  -52.541  -29.176 0.3000000119
117359  16.018  -71.956  -45.545 0.3000000119
4327  16.961  -71.972  -45.798 0.4000000060
121921  7.190  -67.540  -40.110 0.5000000000
648  18.627  -81.105  -27.253 0.4000000060
119788  16.657  -79.490  -27.727 0.5000000000
263  15.467  -82.539  -25.352 0.5000000000
672  19.592  -80.500  -30.709 0.5000000000
2231  16.795  -76.387  -40.942 0.4000000060
638  17.921  -80.670  -25.728 0.4000000060
670  21.024  -80.309  -30.232 0.4000000060
686  20.912  -79.544  -31.467 0.4000000060
106084  15.396  -75.912  -40.140 0.4000000060
2230  17.535  -76.512  -40.749 0.4000000060
2229  18.303  -76.720  -40.565 0.4000000060
255  16.410  -81.853  -23.521 0.3000000119
107549  20.815  -80.688  -27.203 0.3000000119
994  21.289  -79.464  -29.340 0.3000000119
114019  21.311  -79.164  -31.148 0.4000000060
695  21.055  -79.130  -31.932 0.4000000060
113108  14.610  -75.620  -39.998 0.3000000119
2699  13.896  -74.888  -40.554 0.4000000060
1368  21.424  -78.677  -30.912 0.4000000060
1395  21.971  -77.790  -33.868 0.4000000060
2672  20.561  -76.314  -38.266 0.5000000000
7952  10.469  -67.746  -45.061 0.5000000000
105730  13.361  -74.071  -41.973 0.4000000060
1769  21.693  -77.320  -33.378 0.4000000060
1780  22.399  -77.184  -33.797 0.4000000060
1784  22.979  -77.292  -34.246 0.5000000000
2639  22.519  -76.169  -35.291 0.5000000000
3672  16.883  -73.301  -37.463 0.3000000119
3694  14.760  -73.346  -39.043 0.3000000119
3696  13.922  -74.031  -40.148 0.3000000119
3712  13.894  -73.538  -40.750 0.3000000119
121090  10.876  -67.379  -47.066 0.6000000238
2617  21.787  -76.045  -33.499 0.3000000119
103817  22.409  -76.830  -33.729 0.4000000060
3129  19.982  -74.671  -36.362 0.3000000119
7936  11.698  -67.884  -43.854 0.5000000000
104587  14.755  -72.084  -42.881 0.4000000060
114326  21.162  -74.893  -33.727 0.3000000119
3121  20.404  -74.524  -35.617 0.3000000119
3755  17.954  -73.440  -44.967 0.4000000060
4312  16.538  -72.360  -44.805 0.4000000060
4959  19.960  -71.793  -44.790 0.3000000119
106045  18.380  -70.888  -36.829 0.3000000119
7090  7.274  -68.216  -38.072 0.6000000238
4853  18.623  -71.384  -36.188 0.3000000119
4211  18.998  -72.007  -35.571 0.3000000119
4268  19.762  -72.655  -40.455 0.3000000119
8672  6.335  -66.801  -42.706 0.5000000000
9542  7.060  -65.633  -44.409 0.6000000238
117728  3.026  -55.924  -34.611 0.6999999881
105096  2.542  -55.987  -32.963 0.6999999881
18340  2.942  -55.006  -34.672 0.6999999881
109242  8.776  -54.239  -33.834 0.3000000119
19279  8.686  -54.824  -33.269 0.3000000119
105069  12.305  -67.546  -44.663 0.5000000000
7935  12.568  -67.710  -43.652 0.5000000000
8001  20.408  -67.216  -49.424 0.6000000238
8662  8.530  -66.462  -41.467 0.4000000060
8661  9.152  -65.712  -41.836 0.5000000000
11334  6.292  -63.426  -44.973 0.5000000000
11299  7.993  -62.498  -42.772 0.5000000000
12257  7.315  -62.600  -43.744 0.5000000000
11333  7.102  -63.437  -44.409 0.5000000000
12259  5.568  -62.506  -44.944 0.5000000000
13194  6.115  -61.623  -44.439 0.5000000000
12227  8.770  -62.140  -42.260 0.5000000000
13196  4.879  -61.601  -44.454 0.4000000060
12241  7.461  -61.756  -43.121 0.5000000000
12242  6.907  -61.811  -44.021 0.5000000000
13195  5.320  -61.592  -44.557 0.5000000000
13181  4.715  -61.058  -43.884 0.5000000000
13178  6.652  -61.069  -43.375 0.6000000238
13179  5.700  -60.854  -43.948 0.5000000000
14116  5.027  -60.459  -43.386 0.5000000000
14048  5.733  -60.862  -38.746 0.5000000000
14114  6.132  -60.308  -43.220 0.6000000238
13147  4.097  -61.226  -41.047 0.5000000000
14060  4.908  -60.793  -39.615 0.5000000000
14115  5.538  -60.291  -43.243 0.6000000238
14101  4.976  -60.221  -42.441 0.6000000238
14086  4.073  -60.831  -41.971 0.5000000000
108369  6.727  -59.633  -43.008 0.6000000238
15035  6.035  -59.757  -42.665 0.6000000238
15036  5.469  -60.116  -42.802 0.6000000238
14973  4.987  -59.978  -39.978 0.6000000238
15021  6.247  -59.299  -42.082 0.6000000238
14958  5.895  -60.011  -39.036 0.5000000000
14957  6.716  -59.791  -38.804 0.5000000000
15004  6.148  -59.376  -41.514 0.6000000238
14988  5.192  -59.874  -40.833 0.6000000238
15763  2.534  -59.551  -33.095 0.5000000000
16576  2.276  -58.038  -32.282 0.5000000000
104401  2.607  -58.393  -33.101 0.5000000000
14956  7.556  -59.620  -38.297 0.6000000238
15865  6.423  -58.753  -40.925 0.6000000238
15818  6.978  -58.789  -39.014 0.6000000238
15848  6.001  -59.402  -40.987 0.6000000238
15832  5.968  -58.727  -39.894 0.6000000238
119743  5.958  -57.890  -39.958 0.6000000238
19230  7.018  -54.865  -30.148 0.3000000119
24798  0.760  -48.326  -28.073 0.3000000119
6428  18.883  -69.239  -47.313 0.4000000060
6441  19.235  -68.908  -49.041 0.5000000000
7196  12.097  -68.707  -48.820 0.5000000000
8007  12.459  -68.013  -48.468 0.5000000000
7191  19.667  -68.324  -49.233 0.4000000060
103858  12.994  -67.053  -47.874 0.4000000060
8741  20.721  -66.255  -49.236 0.4000000060
7963  12.474  -67.487  -45.879 0.4000000060
7964  11.523  -67.474  -45.566 0.4000000060
7979  11.637  -67.358  -46.593 0.4000000060
7990  12.281  -67.153  -47.797 0.4000000060
9599  21.645  -64.965  -48.663 0.4000000060
108593  20.719  -65.146  -48.797 0.4000000060
9588  19.595  -65.227  -48.460 0.4000000060
119942  12.149  -67.788  -43.106 0.4000000060
9605  21.059  -65.508  -49.001 0.4000000060
119304  20.355  -65.223  -46.894 0.4000000060
9563  20.021  -65.702  -45.756 0.5000000000
16702  6.809  -58.387  -41.287 0.5000000000
16701  7.223  -58.238  -41.512 0.5000000000
16665  6.873  -57.558  -40.469 0.5000000000
17526  7.690  -56.803  -40.774 0.5000000000
17525  8.178  -56.366  -40.977 0.5000000000
16651  7.302  -57.542  -39.457 0.5000000000
18394  8.660  -55.886  -40.561 0.5000000000
16571  1.976  -57.704  -31.571 0.4000000060
17415  1.866  -57.352  -30.794 0.4000000060
17504  7.642  -56.779  -40.563 0.5000000000
15830  6.733  -57.926  -39.084 0.5000000000
8743  18.988  -66.352  -49.423 0.5000000000
9587  20.387  -65.010  -48.302 0.4000000060
265  15.259  -82.353  -26.779 0.4000000060
174  15.146  -83.037  -27.227 0.4000000060
201  13.476  -83.302  -31.389 0.4000000060
436  15.200  -81.128  -26.622 0.4000000060
442  15.360  -81.762  -27.359 0.4000000060
200  14.258  -83.377  -31.279 0.4000000060
266  15.341  -82.509  -27.700 0.4000000060
295  15.101  -82.294  -32.268 0.4000000060
284  14.916  -83.103  -31.952 0.4000000060
650  16.107  -79.659  -27.902 0.5000000000
108159  15.371  -80.885  -27.457 0.5000000000
449  16.068  -80.819  -28.893 0.4000000060
450  15.733  -81.715  -28.202 0.4000000060
199  15.021  -83.220  -31.033 0.4000000060
663  17.126  -79.654  -28.822 0.5000000000
106507  17.384  -79.796  -29.695 0.5000000000
664  16.596  -80.050  -29.384 0.5000000000
268  16.026  -81.920  -29.168 0.4000000060
269  15.597  -82.726  -28.615 0.4000000060
675  16.915  -80.125  -30.231 0.4000000060
457  16.255  -80.890  -29.780 0.4000000060
286  17.683  -81.622  -32.532 0.4000000060
282  17.037  -82.027  -31.964 0.4000000060
283  16.169  -82.250  -31.476 0.4000000060
280  15.689  -82.579  -30.664 0.4000000060
275  15.721  -82.888  -29.564 0.4000000060
287  16.292  -82.116  -32.142 0.4000000060
119914  15.400  -82.805  -31.571 0.4000000060
466  17.392  -80.531  -30.969 0.5000000000
467  16.610  -81.218  -30.573 0.4000000060
279  16.085  -81.913  -30.087 0.4000000060
107625  18.436  -81.189  -32.206 0.5000000000
473  17.694  -81.317  -31.754 0.4000000060
474  16.991  -81.767  -31.259 0.4000000060
110312  16.331  -81.971  -30.782 0.4000000060
705  19.066  -80.482  -33.894 0.3000000119
713  19.142  -79.760  -34.492 0.3000000119
712  19.806  -79.898  -34.126 0.4000000060
479  19.103  -80.947  -33.327 0.3000000119
1026  20.331  -79.714  -33.757 0.4000000060
704  19.470  -79.950  -33.474 0.4000000060
112253  19.161  -79.011  -36.843 0.3000000119
720  19.456  -79.296  -35.329 0.4000000060
1032  20.625  -79.545  -34.318 0.4000000060
1048  20.580  -78.783  -36.381 0.4000000060
1041  20.206  -79.098  -35.558 0.4000000060
1031  21.322  -78.990  -34.625 0.4000000060
1030  21.715  -78.428  -34.219 0.3000000119
477  18.430  -81.355  -33.005 0.3000000119
1025  21.073  -79.312  -33.663 0.3000000119
703  20.167  -79.579  -32.929 0.4000000060
1057  20.213  -78.829  -37.282 0.4000000060
121641  20.852  -78.846  -35.735 0.4000000060
1410  22.171  -78.204  -36.021 0.4000000060
1401  22.080  -78.338  -35.093 0.4000000060
476  19.110  -80.981  -32.608 0.4000000060
111912  19.356  -80.226  -32.863 0.4000000060
1058  19.432  -79.020  -37.847 0.4000000060
1024  21.344  -78.563  -33.522 0.3000000119
1427  21.247  -78.222  -38.455 0.4000000060
124310  20.267  -78.790  -38.231 0.4000000060
1810  21.522  -77.857  -38.332 0.4000000060
1422  21.913  -78.154  -37.899 0.4000000060
1047  21.430  -78.518  -36.305 0.4000000060
688  18.251  -80.370  -31.347 0.4000000060
472  19.101  -80.656  -31.906 0.4000000060
696  20.601  -79.602  -32.074 0.3000000119
118062  19.769  -80.197  -32.167 0.4000000060
702  20.918  -79.234  -32.657 0.3000000119
1433  20.183  -78.199  -39.338 0.4000000060
1816  19.798  -77.981  -39.991 0.4000000060
2220  20.171  -77.486  -39.348 0.4000000060
1804  22.059  -77.795  -37.708 0.4000000060
1416  22.138  -78.191  -36.990 0.4000000060
662  18.265  -79.995  -29.845 0.4000000060
687  20.453  -80.060  -31.432 0.3000000119
456  18.986  -80.743  -29.385 0.4000000060
674  17.760  -79.899  -30.498 0.4000000060
673  18.644  -80.155  -30.651 0.4000000060
114134  19.060  -80.357  -31.240 0.4000000060
116683  19.778  -80.402  -31.372 0.4000000060
124122  20.443  -65.642  -45.195 0.4000000060
1056  21.272  -78.462  -37.213 0.4000000060
168  15.130  -83.273  -25.775 0.5000000000
206  13.989  -83.080  -31.991 0.4000000060
288  15.600  -82.476  -32.030 0.4000000060
294  15.832  -81.897  -32.569 0.4000000060
430  15.469  -80.681  -25.684 0.5000000000
438  20.453  -80.805  -28.129 0.3000000119
439  20.052  -81.523  -27.970 0.3000000119
447  19.761  -81.559  -28.456 0.3000000119
464  20.566  -80.851  -29.790 0.4000000060
629  16.138  -80.468  -25.147 0.4000000060
641  15.897  -79.901  -25.783 0.4000000060
645  17.955  -80.576  -26.700 0.4000000060
655  17.903  -80.211  -28.422 0.5000000000
656  16.334  -79.946  -28.595 0.5000000000
657  15.778  -80.467  -28.091 0.5000000000
962  16.528  -79.520  -25.873 0.5000000000
973  17.227  -79.744  -26.120 0.4000000060
974  16.567  -79.396  -26.521 0.5000000000
987  16.191  -79.279  -27.215 0.5000000000
991  16.686  -79.638  -28.237 0.5000000000
1015  21.220  -78.375  -32.927 0.4000000060
1033  20.013  -79.488  -34.773 0.4000000060
1040  21.433  -78.671  -35.452 0.4000000060
1049  19.738  -79.032  -36.222 0.4000000060
1385  21.621  -77.671  -33.417 0.4000000060
1423  21.051  -78.562  -38.101 0.4000000060
1428  20.606  -78.459  -38.830 0.4000000060
1761  21.235  -77.684  -32.578 0.4000000060
1788  23.071  -77.276  -35.947 0.5000000000
1796  22.450  -77.417  -36.783 0.5000000000
1811  21.040  -77.946  -39.059 0.4000000060
2173  23.279  -77.007  -34.472 0.5000000000
2174  23.081  -76.627  -34.314 0.5000000000
2182  23.217  -76.879  -35.187 0.4000000060
2201  21.957  -77.165  -37.440 0.5000000000
2202  21.325  -76.753  -37.905 0.5000000000
2211  21.641  -77.380  -38.048 0.4000000060
2629  21.883  -75.404  -34.862 0.3000000119
2650  21.344  -75.874  -36.557 0.4000000060
2687  15.033  -75.575  -39.315 0.3000000119
2688  14.101  -75.173  -39.884 0.4000000060
2689  13.924  -74.505  -39.944 0.3000000119
2709  13.811  -74.990  -41.860 0.3000000119
2716  15.196  -76.046  -43.116 0.3000000119
3142  18.351  -74.658  -37.257 0.3000000119
3157  15.307  -74.541  -38.454 0.3000000119
3196  13.781  -74.504  -41.269 0.3000000119
3711  14.122  -73.539  -40.160 0.3000000119
3732  16.592  -73.353  -42.391 0.3000000119
3748  17.385  -73.198  -44.488 0.4000000060
3756  17.293  -72.798  -44.995 0.4000000060
4270  18.037  -72.641  -40.308 0.3000000119
4283  14.291  -72.631  -41.168 0.3000000119
4306  13.917  -71.894  -43.303 0.4000000060
4308  12.590  -72.813  -42.618 0.4000000060
4323  13.786  -71.956  -46.154 0.4000000060
4842  8.198  -70.996  -35.967 0.6000000238
4854  10.090  -71.158  -36.972 0.6000000238
4875  8.774  -71.261  -37.239 0.5000000000
4890  9.990  -71.073  -38.705 0.6000000238
4966  20.635  -71.164  -45.508 0.3000000119
4983  13.896  -71.583  -49.926 0.4000000060
4987  15.142  -71.083  -50.087 0.5000000000
5563  9.641  -70.484  -35.816 0.5000000000
5564  8.667  -70.364  -35.724 0.6999999881
5577  9.928  -70.999  -36.242 0.6000000238
5592  10.648  -70.749  -37.384 0.6000000238
5613  19.540  -70.569  -39.197 0.3000000119
5683  20.037  -70.486  -45.434 0.4000000060
5705  15.296  -70.270  -50.157 0.6000000238
6301  12.099  -68.862  -35.882 0.6000000238
6303  10.212  -69.708  -35.845 0.6000000238
6307  6.416  -70.001  -35.793 0.6000000238
6317  11.805  -69.496  -36.289 0.6999999881
6319  6.640  -69.569  -36.147 0.6000000238
6332  12.116  -69.563  -36.953 0.6999999881
6346  12.122  -69.240  -37.893 0.6999999881
6370  11.314  -69.425  -41.048 0.6999999881
6416  20.683  -69.486  -46.495 0.4000000060
7051  12.314  -68.042  -35.795 0.6999999881
7064  8.587  -68.825  -36.120 0.6000000238
7065  7.807  -68.994  -36.518 0.5000000000
7075  9.016  -68.308  -36.522 0.6000000238
7079  5.899  -68.781  -37.659 0.6000000238
7088  12.027  -68.901  -38.779 0.6999999881
7091  6.424  -68.259  -38.265 0.6000000238
7106  6.108  -67.781  -38.994 0.6000000238
7120  12.436  -68.321  -41.709 0.8000000119
7184  11.518  -67.914  -48.569 0.5000000000
7185  10.704  -68.147  -48.563 0.5000000000
7190  20.389  -68.143  -49.287 0.4000000060
7195  14.280  -68.347  -49.233 0.6999999881
7197  11.281  -68.577  -48.918 0.6000000238
7199  14.188  -69.081  -49.822 0.6999999881
7832  11.793  -67.375  -35.797 0.6000000238
7841  11.274  -67.431  -36.162 0.6000000238
7842  10.630  -67.752  -36.416 0.6000000238
7847  14.029  -66.905  -37.013 0.8999999762
7848  13.395  -67.310  -36.668 0.8000000119
7856  14.236  -66.989  -38.027 0.8999999762
7857  10.675  -66.761  -37.500 0.5000000000
7870  16.201  -67.076  -39.874 0.6000000238
7872  14.423  -67.350  -39.140 0.8999999762
7878  6.730  -67.699  -39.699 0.6000000238
7889  12.982  -68.103  -41.166 0.8000000119
7892  6.601  -67.507  -40.515 0.5000000000
7900  16.061  -67.785  -42.152 0.6000000238
7906  6.181  -67.317  -41.323 0.6000000238
7913  18.893  -66.997  -42.947 0.5000000000
7916  16.291  -67.537  -42.845 0.6999999881
7920  5.880  -67.169  -42.031 0.5000000000
7953  9.879  -67.916  -45.416 0.5000000000
7962  14.142  -67.477  -45.468 0.6000000238
7965  10.750  -67.551  -45.628 0.5000000000
7980  10.375  -67.485  -46.510 0.6000000238
7992  10.089  -67.695  -48.061 0.5000000000
7996  13.536  -67.064  -48.326 0.6000000238
7997  12.199  -67.424  -48.132 0.4000000060
8006  14.302  -66.719  -48.438 0.6999999881
8594  14.738  -65.798  -35.667 0.8000000119
8595  14.272  -66.385  -35.901 0.8000000119
8596  12.688  -66.659  -35.717 0.6999999881
8597  12.151  -66.771  -35.779 0.6000000238
8638  9.168  -67.014  -40.070 0.6000000238
8653  8.003  -67.008  -41.231 0.4000000060
8658  19.521  -66.663  -41.500 0.5000000000
8663  7.777  -66.594  -41.986 0.6000000238
8690  18.760  -66.715  -44.998 0.6000000238
8691  6.260  -66.123  -44.203 0.5000000000
8692  5.565  -66.326  -44.544 0.5000000000
8697  20.025  -66.190  -44.935 0.4000000060
8718  14.930  -66.542  -46.665 0.6999999881
8730  14.960  -66.107  -47.597 0.8000000119
8742  19.845  -66.234  -49.404 0.5000000000
8745  17.488  -66.616  -49.469 0.6999999881
8746  16.640  -66.555  -49.289 0.6999999881
9444  15.791  -65.024  -35.771 0.6000000238
9447  12.651  -65.549  -35.846 0.6000000238
9464  19.107  -64.799  -37.532 0.5000000000
9465  18.463  -65.249  -37.738 0.6000000238
9491  11.237  -64.961  -38.907 0.6000000238
9541  7.526  -65.908  -43.518 0.6000000238
9565  6.547  -65.017  -45.604 0.6000000238
9604  21.768  -65.617  -48.872 0.4000000060
9608  18.344  -65.784  -49.281 0.6999999881
9609  17.703  -65.916  -49.409 0.6999999881
10291  14.600  -64.332  -35.467 0.6999999881
10293  13.181  -65.124  -35.733 0.6000000238
10310  12.767  -64.850  -36.967 0.6999999881
10339  10.850  -64.623  -39.560 0.6000000238
10371  14.647  -64.043  -41.309 0.6000000238
10373  10.070  -64.224  -41.070 0.6999999881
10385  15.384  -64.574  -42.477 0.6000000238
10399  12.661  -63.981  -43.944 0.6000000238
10401  8.278  -64.621  -43.767 0.6999999881
10409  15.595  -64.345  -44.396 0.5000000000
10412  12.299  -64.028  -44.955 0.6999999881
10414  7.015  -64.093  -45.025 0.6000000238
10424  13.970  -64.272  -45.129 0.6000000238
10427  6.370  -64.333  -45.352 0.6000000238
10429  5.044  -64.288  -45.629 0.6000000238
11190  14.094  -63.902  -35.722 0.8000000119
11195  19.091  -63.235  -36.368 0.5000000000
11196  18.214  -63.077  -36.024 0.5000000000
11198  16.227  -63.057  -36.205 0.5000000000
11210  19.675  -63.582  -36.931 0.5000000000
11212  14.600  -63.465  -36.872 0.6000000238
11213  13.916  -63.889  -36.724 0.6999999881
11262  13.050  -63.129  -40.406 0.6000000238
11277  16.869  -64.252  -41.519 0.5000000000
11295  12.220  -63.122  -43.211 0.6000000238
11311  16.928  -64.029  -43.399 0.5000000000
11316  8.635  -64.271  -43.179 0.6999999881
11329  16.452  -64.025  -44.406 0.5000000000
11330  14.962  -64.197  -45.257 0.6000000238
11331  11.706  -63.508  -45.214 0.6999999881
11349  13.639  -63.638  -46.073 0.5000000000
11350  12.964  -63.300  -45.999 0.5000000000
11351  11.459  -63.084  -45.571 0.6999999881
11352  11.193  -62.630  -44.974 0.6000000238
11379  14.486  -63.124  -47.479 0.5000000000
12136  7.020  -62.173  -36.468 0.5000000000
12153  6.708  -62.351  -36.886 0.5000000000
12225  10.331  -62.208  -41.972 0.6000000238
12239  10.903  -62.203  -42.855 0.6000000238
12255  10.390  -62.069  -44.426 0.6999999881
12258  6.516  -62.529  -44.518 0.5000000000
12260  4.951  -62.258  -44.952 0.5000000000
12261  4.401  -62.387  -44.617 0.5000000000
12273  11.474  -62.900  -45.358 0.6000000238
12275  5.016  -63.024  -45.070 0.5000000000
12287  14.113  -63.264  -47.308 0.5000000000
12300  15.636  -62.726  -47.542 0.5000000000
12301  14.759  -62.833  -47.539 0.5000000000
13064  8.252  -61.072  -34.966 0.6000000238
13072  8.355  -61.371  -35.815 0.6000000238
13073  7.679  -61.672  -35.404 0.5000000000
13074  6.743  -61.610  -35.126 0.5000000000
13107  6.117  -61.426  -38.043 0.6000000238
13108  5.850  -62.415  -38.005 0.5000000000
13118  5.253  -62.247  -38.781 0.5000000000
13161  8.458  -61.050  -42.652 0.6000000238
13162  7.621  -61.044  -42.763 0.6999999881
13163  4.540  -60.894  -42.973 0.5000000000
13177  9.217  -60.398  -43.031 0.6999999881
13180  5.100  -60.836  -44.071 0.5000000000
13209  11.374  -62.305  -44.809 0.6000000238
13210  10.619  -61.591  -44.793 0.5000000000
13224  11.605  -62.886  -45.467 0.5000000000
13235  14.425  -62.603  -47.366 0.5000000000
13995  8.573  -60.365  -34.666 0.6000000238
13996  7.959  -60.550  -34.412 0.5000000000
14019  8.901  -60.747  -36.234 0.6000000238
14032  6.825  -61.198  -37.576 0.5000000000
14059  5.143  -61.235  -39.021 0.5000000000
14073  4.722  -60.798  -40.417 0.5000000000
14085  4.818  -60.432  -41.444 0.6000000238
14113  6.926  -60.304  -42.932 0.6000000238
14126  9.381  -60.411  -44.722 0.6000000238
14915  5.792  -59.756  -33.849 0.6000000238
14916  4.900  -59.889  -34.215 0.5000000000
14941  10.482  -59.223  -36.883 0.8000000119
14942  10.111  -59.618  -36.472 0.6999999881
14943  8.643  -59.473  -37.781 0.6999999881
14944  8.075  -60.248  -37.491 0.6000000238
14955  8.763  -58.592  -38.413 0.6999999881
14971  6.277  -59.150  -39.397 0.6000000238
14972  5.672  -59.607  -39.731 0.5000000000
14987  5.714  -59.367  -40.382 0.6000000238
15005  5.489  -59.811  -41.618 0.6000000238
15022  5.744  -59.794  -42.165 0.6000000238
15033  7.379  -59.220  -43.322 0.6999999881
15034  6.613  -59.435  -42.919 0.6999999881
15069  9.991  -60.590  -44.918 0.6000000238
15785  10.425  -58.911  -36.098 0.6999999881
15786  9.958  -58.889  -35.508 0.6999999881
15787  9.285  -59.207  -35.005 0.6999999881
15788  7.645  -58.512  -35.027 0.5000000000
15796  11.358  -58.108  -36.871 0.6999999881
15797  10.819  -58.813  -36.700 0.6999999881
15817  10.552  -58.280  -37.838 0.8000000119
15831  6.318  -58.203  -39.438 0.5000000000
15847  6.179  -58.653  -40.448 0.6000000238
15881  8.437  -58.796  -42.876 0.5000000000
15884  6.489  -58.816  -41.446 0.6000000238
15897  7.667  -58.852  -43.641 0.6000000238
15899  6.465  -59.247  -42.616 0.6000000238
16582  3.186  -58.397  -33.738 0.6000000238
16590  5.236  -57.877  -34.801 0.6000000238
16607  6.862  -57.861  -35.519 0.5000000000
16618  9.696  -57.560  -36.045 0.8000000119
16619  8.015  -57.137  -36.072 0.8000000119
16626  11.720  -57.471  -37.176 0.6000000238
16638  11.278  -57.575  -37.881 0.6000000238
16641  7.578  -58.169  -38.871 0.6999999881
16652  6.606  -57.650  -39.713 0.6000000238
16666  6.328  -57.995  -40.495 0.6000000238
16683  7.703  -57.216  -41.110 0.5000000000
16684  7.207  -57.620  -40.808 0.5000000000
16685  6.699  -58.212  -40.850 0.5000000000
17422  2.366  -56.404  -32.199 0.5000000000
17439  3.391  -56.611  -34.843 0.6000000238
17440  2.902  -56.611  -34.181 0.8000000119
17455  11.249  -57.025  -36.510 0.8000000119
17459  7.042  -56.563  -36.628 0.6999999881
17469  12.445  -55.807  -38.316 0.5000000000
17492  7.965  -56.481  -40.398 0.5000000000
17493  7.093  -56.991  -40.140 0.5000000000
17503  8.145  -56.346  -40.802 0.5000000000
17505  7.300  -57.038  -40.509 0.5000000000
18298  2.808  -55.705  -30.707 0.5000000000
18328  10.315  -55.397  -33.102 0.3000000119
18329  9.620  -55.259  -33.143 0.3000000119
18339  3.519  -55.570  -35.200 0.6999999881
18354  6.508  -55.611  -37.141 0.8000000119
18356  4.418  -55.118  -36.436 0.6000000238
18364  12.553  -55.581  -38.005 0.5000000000
18368  7.951  -55.103  -37.382 0.8000000119
18371  5.333  -54.632  -37.169 0.8000000119
18391  13.196  -54.817  -39.154 0.5000000000
18392  12.544  -55.503  -39.078 0.5000000000
19229  7.667  -54.707  -30.286 0.3000000119
19278  9.994  -54.739  -33.485 0.3000000119
19285  9.427  -53.979  -33.911 0.3000000119
19286  2.683  -54.494  -34.059 0.6999999881
19291  2.972  -54.195  -34.735 0.6000000238
19298  4.437  -54.120  -36.562 0.8000000119
19315  7.398  -54.294  -37.910 0.6999999881
19318  4.998  -53.966  -36.987 0.8000000119
20219  6.230  -52.977  -28.410 0.6000000238
20251  4.130  -53.713  -30.616 0.6000000238
20272  3.126  -54.206  -31.042 0.6000000238
20285  3.017  -53.915  -31.862 0.6000000238
20295  6.281  -53.465  -33.553 0.6000000238
20298  2.632  -53.919  -33.452 0.6999999881
20318  4.210  -52.732  -35.843 0.6999999881
20319  4.145  -53.246  -35.155 0.6999999881
20327  4.893  -52.915  -36.356 0.8000000119
20328  4.352  -52.799  -36.189 0.6999999881
20329  3.912  -52.983  -36.056 0.8000000119
20362  11.257  -52.507  -38.090 0.5000000000
21172  6.642  -51.164  -27.784 0.5000000000
21173  6.128  -51.564  -27.663 0.5000000000
21231  4.438  -52.913  -34.107 0.6999999881
21233  3.968  -53.153  -34.560 0.6999999881
21246  5.798  -52.433  -35.046 0.6000000238
21248  4.249  -52.925  -34.762 0.6999999881
21258  7.382  -51.571  -35.593 0.4000000060
21261  4.379  -52.728  -35.575 0.6999999881
21291  8.298  -52.629  -37.911 0.6999999881
21292  7.785  -51.811  -37.567 0.6000000238
22100  5.961  -50.864  -27.744 0.5000000000
22114  3.023  -50.982  -27.736 0.6000000238
22132  7.486  -52.021  -29.806 0.3000000119
22182  7.248  -51.095  -36.265 0.6000000238
22183  6.865  -51.622  -36.507 0.6000000238
22196  7.783  -50.717  -36.475 0.5000000000
22197  7.314  -51.045  -36.805 0.6999999881
22208  9.817  -50.781  -37.063 0.4000000060
22211  7.464  -51.235  -37.129 0.5000000000
22218  11.263  -51.340  -37.887 0.4000000060
23034  1.603  -50.048  -28.571 0.5000000000
23044  5.343  -50.417  -29.350 0.4000000060
23045  4.274  -50.287  -29.635 0.4000000060
23047  2.795  -49.815  -29.574 0.5000000000
23048  2.182  -49.947  -29.032 0.6000000238
23117  9.069  -50.522  -36.321 0.4000000060
23123  9.270  -50.659  -36.576 0.5000000000
23124  8.416  -50.660  -36.580 0.4000000060
23156  10.882  -50.515  -37.383 0.3000000119
23933  2.954  -49.198  -29.393 0.5000000000
23935  1.612  -48.881  -28.723 0.5000000000
24807  0.885  -48.512  -28.797 0.5000000000
24830  2.787  -48.855  -30.563 0.5000000000
24844  4.156  -48.909  -31.311 0.3000000119
24846  2.775  -49.274  -31.258 0.3000000119
25716  1.721  -47.980  -27.943 0.4000000060
25717  0.977  -47.935  -28.475 0.4000000060
25730  3.746  -48.108  -29.410 0.3000000119
26690  2.689  -47.824  -27.908 0.4000000060
103586  2.593  -55.952  -31.439 0.6000000238
103636  2.737  -55.637  -33.901 0.8000000119
105557  8.664  -56.162  -39.863 0.5000000000
105591  13.119  -64.271  -38.569 0.5000000000
105705  16.360  -67.245  -40.714 0.6000000238
105716  2.786  -50.064  -29.365 0.4000000060
105841  5.282  -60.383  -39.333 0.5000000000
106412  4.040  -53.709  -35.432 0.6999999881
106554  16.594  -67.515  -41.530 0.6000000238
106563  22.632  -76.381  -33.871 0.3000000119
106614  11.524  -67.225  -47.556 0.4000000060
106870  13.032  -62.954  -41.948 0.5000000000
106921  21.385  -78.803  -31.226 0.4000000060
107026  2.105  -57.204  -32.119 0.5000000000
107118  6.271  -53.325  -37.340 0.8000000119
107962  9.745  -58.615  -37.994 0.8000000119
108420  18.479  -80.582  -28.940 0.4000000060
108476  13.719  -72.446  -41.666 0.3000000119
108527  6.035  -57.797  -35.152 0.6000000238
109480  17.071  -63.905  -36.244 0.5000000000
109675  12.328  -68.565  -40.135 0.6999999881
109840  3.042  -53.190  -33.906 0.6999999881
109864  22.511  -76.510  -33.763 0.4000000060
110208  8.645  -58.611  -35.023 0.6999999881
110242  18.021  -65.313  -48.399 0.6000000238
110624  21.469  -78.965  -30.673 0.3000000119
110711  8.006  -69.905  -35.745 0.6999999881
111089  16.340  -67.482  -44.696 0.8000000119
111115  21.080  -78.935  -33.001 0.3000000119
111396  1.356  -50.373  -27.843 0.5000000000
111556  17.251  -79.759  -28.003 0.5000000000
112163  10.013  -53.815  -37.965 0.6000000238
112244  19.952  -65.185  -49.014 0.6000000238
113448  14.151  -63.720  -46.900 0.5000000000
113705  5.577  -61.036  -35.165 0.5000000000
113742  19.552  -66.931  -49.570 0.6000000238
113839  20.759  -79.181  -35.072 0.4000000060
113952  22.568  -64.613  -48.509 0.4000000060
114696  10.597  -57.641  -36.308 0.6999999881
114701  9.860  -50.466  -35.964 0.4000000060
114854  16.442  -63.443  -36.106 0.6000000238
115188  5.381  -70.037  -36.070 0.5000000000
115485  10.637  -69.057  -35.905 0.6000000238
115742  13.085  -65.810  -35.581 0.8000000119
116140  7.455  -52.650  -37.715 0.6000000238
116199  11.067  -61.451  -44.836 0.5000000000
116257  10.653  -53.090  -37.952 0.5000000000
116383  13.232  -62.561  -45.969 0.5000000000
116616  16.391  -67.203  -45.420 0.8000000119
116620  12.549  -64.718  -37.736 0.6000000238
116956  11.244  -57.670  -36.583 0.8000000119
117103  6.895  -52.810  -37.494 0.6999999881
117122  8.916  -71.382  -37.910 0.5000000000
117123  6.519  -59.728  -33.792 0.6000000238
117743  15.257  -82.672  -26.082 0.5000000000
117916  6.888  -50.782  -28.073 0.5000000000
118140  3.731  -54.958  -35.507 0.6999999881
118296  11.965  -72.898  -44.230 0.4000000060
118426  13.440  -67.990  -48.603 0.6000000238
118469  12.975  -63.008  -46.009 0.5000000000
118945  8.719  -59.745  -34.616 0.6999999881
119169  16.686  -66.796  -39.434 0.6999999881
119249  7.847  -71.186  -36.350 0.6000000238
119437  11.950  -67.894  -35.660 0.6999999881
119474  5.359  -53.354  -36.831 0.8000000119
119617  6.145  -59.846  -42.907 0.6000000238
119657  14.448  -75.290  -39.375 0.3000000119
119859  5.689  -67.198  -42.688 0.5000000000
120301  4.670  -47.410  -28.793 0.3000000119
120475  11.314  -55.574  -37.217 0.6000000238
120578  19.329  -73.674  -35.404 0.3000000119
120625  15.910  -66.500  -49.058 0.8000000119
120706  13.706  -66.521  -47.823 0.6000000238
120709  19.553  -64.282  -37.356 0.5000000000
120886  11.035  -53.868  -37.636 0.6000000238
120907  13.792  -63.859  -36.023 0.6999999881
121024  13.295  -67.590  -42.425 0.6999999881
121183  9.468  -59.597  -44.439 0.5000000000
121219  17.256  -65.326  -37.435 0.6000000238
121366  11.250  -68.336  -43.598 0.5000000000
121798  4.503  -50.336  -30.381 0.4000000060
121834  7.326  -69.442  -36.259 0.5000000000
122241  5.434  -69.178  -37.134 0.6000000238
122484  13.208  -67.121  -35.939 0.8000000119
122568  14.244  -67.614  -43.075 0.6000000238
123092  6.575  -57.603  -40.193 0.5000000000
123139  18.368  -79.678  -34.616 0.3000000119
123147  14.976  -67.658  -42.708 0.6999999881
123219  18.111  -67.136  -43.005 0.6999999881
123560  12.783  -68.022  -39.047 0.6999999881
123593  13.399  -71.563  -49.986 0.4000000060
123723  7.219  -51.369  -29.473 0.3000000119
124257  14.011  -64.460  -35.532 0.6999999881
124328  14.855  -68.322  -49.512 0.6999999881
125183  15.315  -80.478  -26.963 0.5000000000
125233  5.461  -55.868  -36.631 0.8000000119
125264  5.088  -55.128  -37.064 0.8000000119
