#!ascii label  , from subject 001 vox2ras=TkReg
300
24787  50.064  -48.874  -26.660 0.0000000000
20245  39.198  -53.034  -30.699 0.0000000000
114277  48.401  -55.506  -25.146 0.0000000000
21147  43.691  -52.435  -25.532 0.0000000000
18301  43.750  -55.462  -31.937 0.0000000000
19213  47.218  -54.603  -29.247 0.0000000000
16563  44.893  -57.647  -30.457 0.0000000000
109946  42.100  -51.605  -28.314 0.0000000000
113491  41.435  -50.865  -23.142 0.0000000000
22078  49.587  -52.386  -26.168 0.0000000000
20193  46.280  -53.357  -25.773 0.0000000000
20226  44.684  -53.535  -29.371 0.0000000000
19238  41.871  -54.113  -32.038 0.0000000000
16581  42.096  -57.415  -34.684 0.0000000000
26588  51.056  -46.500  -23.836 0.0000000000
22051  51.141  -50.675  -24.298 0.0000000000
20179  49.715  -53.930  -23.630 0.0000000000
24761  44.443  -48.562  -24.393 0.0000000000
16557  45.767  -57.701  -29.372 0.0000000000
21193  40.332  -52.357  -29.438 0.0000000000
21160  39.918  -51.624  -26.794 0.0000000000
105951  48.438  -54.626  -24.794 0.0000000000
18258  47.110  -55.302  -25.880 0.0000000000
18296  45.989  -55.294  -30.442 0.0000000000
20225  45.875  -53.810  -29.377 0.0000000000
19224  44.886  -54.505  -30.424 0.0000000000
20242  43.463  -53.497  -30.409 0.0000000000
18302  42.990  -55.116  -32.255 0.0000000000
17433  40.960  -57.477  -34.435 0.0000000000
22960  51.260  -50.335  -22.745 0.0000000000
110727  50.473  -52.341  -24.701 0.0000000000
110638  49.737  -52.662  -22.921 0.0000000000
22067  45.394  -51.875  -24.163 0.0000000000
123485  43.776  -50.556  -23.392 0.0000000000
23856  39.854  -49.705  -22.653 0.0000000000
24742  41.739  -48.553  -23.331 0.0000000000
17360  48.388  -56.696  -26.751 0.0000000000
119572  48.487  -55.115  -27.690 0.0000000000
17393  46.984  -56.708  -28.200 0.0000000000
17400  46.200  -56.669  -29.821 0.0000000000
17412  44.660  -56.584  -31.425 0.0000000000
118500  42.458  -52.123  -26.413 0.0000000000
120992  42.184  -51.698  -23.779 0.0000000000
21150  41.074  -51.692  -25.994 0.0000000000
119999  39.630  -51.497  -24.236 0.0000000000
19242  37.979  -53.727  -31.996 0.0000000000
23013  49.766  -50.840  -26.240 0.0000000000
21133  45.984  -52.364  -24.664 0.0000000000
20194  45.389  -52.931  -26.023 0.0000000000
18272  47.527  -54.699  -27.817 0.0000000000
20206  45.717  -53.359  -27.704 0.0000000000
20201  44.487  -52.100  -27.422 0.0000000000
20209  43.669  -51.605  -28.682 0.0000000000
20229  41.799  -52.652  -30.301 0.0000000000
122556  40.838  -53.699  -31.166 0.0000000000
17419  42.824  -56.599  -33.384 0.0000000000
18311  42.003  -55.892  -32.682 0.0000000000
18312  41.041  -55.731  -32.643 0.0000000000
19258  39.512  -54.591  -32.423 0.0000000000
103705  49.751  -46.751  -25.246 0.0000000000
25684  51.017  -47.879  -25.975 0.0000000000
113963  51.716  -48.348  -23.818 0.0000000000
23890  50.418  -49.953  -25.799 0.0000000000
22077  50.367  -51.720  -26.085 0.0000000000
20188  50.024  -53.048  -25.146 0.0000000000
19185  49.215  -54.931  -23.937 0.0000000000
18219  48.644  -55.736  -23.287 0.0000000000
17331  48.657  -57.233  -24.327 0.0000000000
23854  42.718  -49.984  -23.066 0.0000000000
24793  49.901  -47.707  -26.884 0.0000000000
125130  49.366  -47.409  -26.952 0.0000000000
23910  49.402  -48.261  -26.873 0.0000000000
20231  39.770  -52.689  -30.061 0.0000000000
116938  40.038  -52.193  -28.786 0.0000000000
19191  47.773  -54.848  -25.307 0.0000000000
18257  48.196  -55.267  -26.211 0.0000000000
18297  45.195  -55.263  -30.790 0.0000000000
19235  44.350  -54.975  -31.254 0.0000000000
19225  43.985  -54.109  -30.908 0.0000000000
19236  43.419  -54.614  -31.586 0.0000000000
15779  39.524  -58.604  -36.013 0.0000000000
22040  50.655  -51.173  -23.229 0.0000000000
21135  43.985  -52.246  -24.560 0.0000000000
22068  44.515  -51.817  -23.962 0.0000000000
118543  43.776  -51.768  -23.881 0.0000000000
24765  40.465  -47.732  -23.388 0.0000000000
17379  47.633  -57.188  -27.291 0.0000000000
16558  45.024  -57.951  -29.652 0.0000000000
16562  45.596  -57.257  -30.188 0.0000000000
17407  45.221  -56.847  -30.876 0.0000000000
16568  44.665  -57.351  -31.089 0.0000000000
21167  41.939  -51.638  -27.657 0.0000000000
21149  41.862  -52.143  -25.794 0.0000000000
21158  41.690  -51.939  -26.773 0.0000000000
22087  40.209  -51.519  -25.998 0.0000000000
104366  38.632  -51.300  -25.333 0.0000000000
22072  38.833  -51.181  -24.302 0.0000000000
22086  49.665  -51.610  -26.486 0.0000000000
118996  48.773  -51.875  -25.916 0.0000000000
21145  45.659  -52.703  -25.239 0.0000000000
19207  47.601  -54.939  -28.467 0.0000000000
19202  47.679  -54.740  -28.229 0.0000000000
19208  47.147  -54.365  -29.095 0.0000000000
20213  46.014  -53.693  -28.623 0.0000000000
20207  45.061  -52.849  -27.998 0.0000000000
20208  44.459  -51.974  -28.373 0.0000000000
21165  43.724  -51.568  -27.792 0.0000000000
20215  44.162  -52.345  -29.029 0.0000000000
20243  42.509  -53.143  -30.819 0.0000000000
20228  42.835  -52.973  -29.806 0.0000000000
122238  41.814  -53.038  -31.097 0.0000000000
20244  41.173  -53.110  -30.837 0.0000000000
20259  41.499  -53.607  -31.418 0.0000000000
13992  41.773  -61.182  -35.837 0.0000000000
15769  42.080  -58.512  -36.023 0.0000000000
15768  42.203  -58.733  -35.672 0.0000000000
15767  42.327  -58.106  -35.175 0.0000000000
17426  42.557  -56.842  -34.212 0.0000000000
17420  42.763  -56.555  -33.565 0.0000000000
17434  39.717  -57.204  -34.439 0.0000000000
18322  40.714  -56.206  -33.309 0.0000000000
18323  39.613  -55.871  -33.350 0.0000000000
18313  40.027  -55.376  -32.803 0.0000000000
26604  50.101  -46.422  -24.529 0.0000000000
26603  50.786  -46.446  -24.630 0.0000000000
25670  50.532  -46.968  -25.541 0.0000000000
26619  51.117  -46.587  -24.845 0.0000000000
22972  51.544  -50.091  -23.682 0.0000000000
24740  52.125  -48.354  -23.072 0.0000000000
22988  51.324  -50.078  -24.404 0.0000000000
118534  51.535  -49.023  -24.716 0.0000000000
23000  50.807  -50.037  -25.191 0.0000000000
23001  50.339  -50.917  -25.572 0.0000000000
22989  50.639  -50.843  -24.900 0.0000000000
21124  50.213  -52.927  -23.716 0.0000000000
20178  50.135  -53.171  -24.618 0.0000000000
110644  49.582  -53.905  -24.344 0.0000000000
119414  49.412  -54.638  -23.549 0.0000000000
18208  48.187  -55.600  -22.998 0.0000000000
18220  48.426  -56.011  -23.384 0.0000000000
17318  48.520  -56.457  -23.760 0.0000000000
103376  41.674  -51.185  -23.435 0.0000000000
112798  42.444  -50.957  -23.229 0.0000000000
22975  41.968  -50.311  -23.078 0.0000000000
24763  42.076  -47.653  -24.011 0.0000000000
21181  40.815  -51.847  -28.846 0.0000000000
119902  41.220  -51.716  -27.382 0.0000000000
20190  49.068  -53.658  -24.825 0.0000000000
21143  48.881  -52.906  -25.360 0.0000000000
21144  48.171  -53.737  -24.817 0.0000000000
19192  46.569  -54.406  -25.996 0.0000000000
18293  46.829  -54.559  -30.158 0.0000000000
19214  47.101  -54.224  -29.712 0.0000000000
19215  46.688  -54.006  -29.945 0.0000000000
19216  45.519  -54.019  -29.892 0.0000000000
20227  43.824  -53.107  -29.534 0.0000000000
19217  44.423  -53.760  -30.113 0.0000000000
19226  42.999  -53.861  -31.165 0.0000000000
19237  42.593  -54.276  -31.904 0.0000000000
16586  40.430  -57.814  -35.202 0.0000000000
16598  39.962  -58.105  -35.790 0.0000000000
22973  51.167  -50.780  -23.692 0.0000000000
107079  50.705  -51.384  -24.544 0.0000000000
22052  50.642  -51.826  -23.891 0.0000000000
22053  50.215  -52.059  -23.323 0.0000000000
21114  49.618  -53.771  -22.841 0.0000000000
23852  44.276  -50.439  -23.646 0.0000000000
23875  44.298  -49.583  -23.967 0.0000000000
23841  40.756  -50.034  -22.573 0.0000000000
23840  41.898  -49.530  -22.913 0.0000000000
24743  40.950  -48.492  -22.911 0.0000000000
24764  41.370  -47.744  -23.776 0.0000000000
18256  48.520  -56.090  -25.816 0.0000000000
18270  48.721  -54.948  -26.962 0.0000000000
18269  48.670  -55.875  -26.859 0.0000000000
18288  48.155  -55.486  -28.110 0.0000000000
17398  47.415  -55.451  -28.790 0.0000000000
17399  46.818  -56.015  -29.390 0.0000000000
17405  46.575  -55.476  -30.098 0.0000000000
17411  45.304  -55.917  -31.025 0.0000000000
21148  42.744  -52.363  -25.624 0.0000000000
21136  43.034  -52.468  -24.723 0.0000000000
21137  42.088  -52.200  -24.733 0.0000000000
22069  41.307  -51.647  -25.087 0.0000000000
22070  40.807  -51.487  -24.432 0.0000000000
21159  40.772  -51.733  -26.767 0.0000000000
116518  40.549  -51.510  -25.199 0.0000000000
22057  40.276  -51.434  -23.720 0.0000000000
22976  39.983  -50.760  -22.907 0.0000000000
23857  38.959  -49.434  -23.095 0.0000000000
20261  38.637  -53.433  -31.329 0.0000000000
111438  49.803  -49.921  -26.125 0.0000000000
23904  48.957  -49.601  -26.313 0.0000000000
23014  49.321  -50.583  -26.190 0.0000000000
21134  45.028  -52.369  -24.484 0.0000000000
21146  44.660  -52.568  -25.315 0.0000000000
19197  46.736  -54.888  -26.863 0.0000000000
19209  46.916  -54.065  -29.401 0.0000000000
19203  46.440  -54.127  -27.841 0.0000000000
20199  46.062  -53.553  -26.763 0.0000000000
20200  45.272  -52.796  -27.023 0.0000000000
21156  44.466  -52.575  -26.250 0.0000000000
109279  43.496  -52.032  -26.620 0.0000000000
21157  42.691  -51.714  -27.234 0.0000000000
21179  42.747  -51.691  -28.858 0.0000000000
20216  43.411  -52.018  -29.371 0.0000000000
21191  42.321  -52.167  -29.449 0.0000000000
21180  41.752  -51.792  -28.866 0.0000000000
21192  41.285  -52.205  -29.521 0.0000000000
20230  40.757  -52.692  -30.156 0.0000000000
19227  40.230  -53.464  -30.612 0.0000000000
17413  44.029  -56.376  -32.053 0.0000000000
13991  42.092  -60.207  -36.058 0.0000000000
17418  43.312  -56.068  -32.493 0.0000000000
18310  42.680  -55.978  -32.660 0.0000000000
19255  42.283  -54.924  -32.361 0.0000000000
19256  41.467  -54.891  -32.256 0.0000000000
17427  41.535  -56.813  -34.048 0.0000000000
19239  40.940  -54.272  -31.715 0.0000000000
19240  39.963  -54.344  -31.727 0.0000000000
20260  39.568  -53.866  -31.132 0.0000000000
19259  38.583  -54.298  -32.613 0.0000000000
26622  48.931  -46.442  -25.905 0.0000000000
105023  49.159  -46.585  -24.814 0.0000000000
26621  49.051  -46.553  -26.081 0.0000000000
26635  49.558  -46.703  -26.111 0.0000000000
25685  50.270  -47.234  -26.175 0.0000000000
24786  50.383  -47.957  -26.550 0.0000000000
25604  52.307  -48.414  -21.923 0.0000000000
26586  51.421  -46.703  -23.660 0.0000000000
24779  51.460  -48.171  -25.305 0.0000000000
112988  51.278  -49.115  -25.822 0.0000000000
23902  50.188  -49.761  -26.157 0.0000000000
23012  50.046  -50.760  -26.026 0.0000000000
22085  50.089  -51.546  -26.437 0.0000000000
21155  50.144  -52.198  -26.346 0.0000000000
108314  50.494  -51.815  -25.377 0.0000000000
21141  50.300  -52.434  -25.753 0.0000000000
21142  49.748  -52.803  -25.537 0.0000000000
20189  49.511  -53.465  -24.796 0.0000000000
19189  49.102  -54.342  -24.429 0.0000000000
19190  48.850  -55.488  -24.346 0.0000000000
18218  48.975  -55.636  -23.731 0.0000000000
18240  48.766  -56.308  -23.917 0.0000000000
108459  48.709  -56.451  -24.688 0.0000000000
22055  43.081  -51.580  -23.577 0.0000000000
114886  43.261  -50.714  -23.245 0.0000000000
23876  43.688  -48.854  -23.760 0.0000000000
23855  42.183  -48.960  -23.127 0.0000000000
24762  42.997  -48.061  -23.589 0.0000000000
17392  48.025  -56.130  -28.119 0.0000000000
17406  45.791  -56.179  -30.414 0.0000000000
17421  41.851  -56.423  -33.404 0.0000000000
17428  40.261  -56.724  -33.822 0.0000000000
18206  48.871  -55.285  -22.694 0.0000000000
18221  47.917  -56.309  -23.486 0.0000000000
18281  48.553  -55.943  -27.564 0.0000000000
18282  48.316  -54.825  -27.600 0.0000000000
18292  47.120  -54.891  -29.774 0.0000000000
19223  45.963  -54.537  -30.304 0.0000000000
19241  39.075  -53.898  -32.025 0.0000000000
19257  40.462  -54.868  -32.246 0.0000000000
20191  47.687  -54.245  -24.967 0.0000000000
20214  44.848  -53.252  -28.709 0.0000000000
20258  42.210  -53.576  -31.496 0.0000000000
21125  43.293  -52.181  -24.091 0.0000000000
21129  50.322  -52.598  -25.273 0.0000000000
21166  42.826  -51.486  -28.095 0.0000000000
21168  40.523  -51.743  -27.476 0.0000000000
22054  43.936  -51.167  -23.564 0.0000000000
22056  41.034  -51.338  -23.658 0.0000000000
22071  39.500  -51.132  -23.686 0.0000000000
22079  39.579  -51.557  -25.059 0.0000000000
22962  41.487  -50.209  -22.808 0.0000000000
22963  40.883  -50.940  -22.971 0.0000000000
22977  39.093  -50.415  -23.420 0.0000000000
23002  48.994  -51.026  -26.148 0.0000000000
23851  51.736  -49.244  -23.570 0.0000000000
23853  43.598  -49.888  -23.391 0.0000000000
23901  50.816  -49.026  -26.383 0.0000000000
23903  49.399  -49.270  -26.554 0.0000000000
23911  48.733  -48.601  -26.676 0.0000000000
24726  52.266  -48.511  -22.398 0.0000000000
24727  41.383  -49.339  -22.651 0.0000000000
24728  40.576  -49.210  -22.533 0.0000000000
24741  43.042  -49.107  -23.238 0.0000000000
24759  51.571  -47.763  -24.461 0.0000000000
25650  51.401  -46.865  -24.241 0.0000000000
25669  51.363  -47.163  -25.158 0.0000000000
26587  51.426  -46.669  -23.615 0.0000000000
26602  51.268  -46.591  -24.091 0.0000000000
26620  50.044  -46.794  -25.299 0.0000000000
104491  49.429  -50.061  -26.100 0.0000000000
105961  40.195  -51.542  -24.559 0.0000000000
110726  47.076  -54.301  -28.812 0.0000000000
111149  41.449  -51.646  -24.166 0.0000000000
112414  41.218  -51.596  -28.132 0.0000000000
118248  42.104  -59.299  -36.093 0.0000000000
120737  40.305  -54.054  -31.175 0.0000000000
125144  42.694  -52.208  -24.070 0.0000000000
