#!ascii label  , from subject 001 vox2ras=TkReg
2032
12162  34.498  -63.102  -38.448 0.2000000030
121070  34.155  -62.237  -37.591 0.2000000030
107050  34.507  -62.218  -38.463 0.2000000030
13113  37.071  -61.628  -39.624 0.1000000015
12129  34.260  -62.360  -37.045 0.3000000119
13089  34.271  -61.662  -37.966 0.2000000030
12160  35.816  -62.486  -39.403 0.1000000015
12161  35.020  -62.750  -39.046 0.2000000030
14039  35.538  -61.105  -38.672 0.1000000015
13099  36.305  -61.844  -39.245 0.1000000015
14038  36.833  -61.215  -38.973 0.1000000015
14037  37.219  -60.471  -38.997 0.1000000015
14051  37.469  -61.106  -39.581 0.1000000015
15812  37.567  -58.656  -39.052 0.1000000015
113109  37.741  -60.274  -39.913 0.1000000015
14964  38.134  -59.546  -40.175 0.1000000015
16632  38.755  -57.459  -38.844 0.2000000030
15811  38.462  -58.197  -39.132 0.1000000015
14952  34.687  -59.234  -38.231 0.1000000015
112763  35.240  -58.777  -38.392 0.1000000015
13101  34.636  -61.372  -38.407 0.2000000030
108458  36.215  -60.367  -38.611 0.1000000015
115728  35.023  -60.085  -38.461 0.1000000015
120076  36.957  -59.032  -38.747 0.1000000015
17475  37.972  -56.838  -38.783 0.1000000015
20356  38.899  -54.332  -38.174 0.2000000030
18376  37.918  -56.002  -38.534 0.2000000030
119531  39.425  -53.791  -38.059 0.1000000015
17474  38.791  -56.642  -38.637 0.2000000030
21284  40.527  -52.530  -37.553 0.2000000030
20334  40.923  -53.353  -37.860 0.1000000015
21283  42.306  -52.396  -37.408 0.1000000015
108548  36.126  -58.879  -38.513 0.1000000015
15814  35.468  -58.060  -38.467 0.1000000015
104862  37.391  -57.910  -38.791 0.1000000015
21285  39.578  -52.464  -37.470 0.2000000030
22201  41.208  -51.948  -37.020 0.2000000030
22188  41.435  -51.413  -36.141 0.2000000030
21267  42.188  -51.821  -36.598 0.1000000015
21266  43.088  -52.006  -37.024 0.2000000030
105744  36.332  -57.534  -38.643 0.1000000015
104836  36.168  -56.741  -38.476 0.1000000015
16634  37.150  -57.107  -38.809 0.1000000015
20337  37.718  -53.593  -37.570 0.2000000030
20336  38.548  -53.616  -37.860 0.3000000119
111940  42.803  -50.705  -35.302 0.3000000119
22164  43.302  -51.157  -35.989 0.2000000030
22163  44.271  -51.223  -36.125 0.2000000030
22185  44.582  -51.980  -36.554 0.2000000030
120186  38.832  -52.506  -37.308 0.3000000119
19300  38.101  -54.253  -37.890 0.2000000030
23103  41.659  -50.639  -35.473 0.3000000119
23082  43.367  -50.273  -34.557 0.3000000119
23968  43.998  -49.287  -33.689 0.3000000119
23081  44.472  -50.285  -34.662 0.2000000030
119638  45.086  -51.452  -36.180 0.2000000030
112768  45.436  -51.987  -36.585 0.2000000030
23970  42.454  -49.071  -33.614 0.4000000060
22165  40.829  -51.052  -35.733 0.3000000119
23083  42.322  -50.113  -34.712 0.3000000119
22202  40.067  -51.889  -37.025 0.2000000030
22189  40.507  -51.515  -36.272 0.2000000030
113449  44.974  -49.762  -33.972 0.3000000119
23080  45.595  -50.243  -34.945 0.2000000030
108756  45.741  -49.212  -34.302 0.2000000030
23100  46.251  -50.834  -35.361 0.2000000030
112773  43.301  -48.134  -33.394 0.3000000119
23969  43.263  -49.331  -33.841 0.3000000119
24885  45.554  -48.355  -33.932 0.2000000030
25775  46.908  -48.251  -34.620 0.2000000030
24884  46.328  -48.698  -34.575 0.2000000030
119349  47.448  -48.700  -34.958 0.1000000015
23985  46.606  -49.552  -34.891 0.2000000030
24005  47.610  -49.875  -35.362 0.2000000030
23984  47.296  -49.479  -35.054 0.2000000030
23099  46.988  -50.863  -35.203 0.2000000030
26727  43.564  -46.918  -34.096 0.3000000119
26726  44.711  -47.071  -34.271 0.3000000119
121412  44.019  -48.523  -33.551 0.3000000119
121169  45.005  -46.718  -34.876 0.2000000030
25777  45.249  -47.557  -33.949 0.3000000119
26734  45.767  -46.441  -35.181 0.2000000030
24864  44.715  -48.053  -33.569 0.3000000119
26725  45.859  -46.999  -34.399 0.1000000015
25782  46.819  -47.356  -34.609 0.1000000015
26741  48.420  -46.623  -35.921 0.1000000015
26732  47.555  -47.023  -35.203 0.1000000015
27673  47.526  -45.791  -36.336 0.1000000015
25780  48.001  -48.248  -35.419 0.1000000015
27656  43.088  -46.286  -34.768 0.3000000119
26735  44.098  -46.489  -34.785 0.2000000030
27675  44.087  -45.437  -36.407 0.2000000030
27683  44.053  -44.855  -37.168 0.2000000030
28619  44.502  -44.558  -37.685 0.1000000015
27662  44.650  -46.096  -35.484 0.1000000015
27682  44.805  -45.147  -37.064 0.1000000015
26744  45.402  -45.802  -36.245 0.1000000015
26743  46.592  -46.237  -35.835 0.1000000015
27672  48.602  -45.988  -36.234 0.1000000015
27678  48.869  -45.883  -36.875 0.1000000015
27663  43.553  -45.908  -35.534 0.2000000030
28633  45.294  -44.222  -38.209 0.1000000015
29564  45.965  -43.631  -38.858 0.1000000015
28618  45.260  -44.837  -37.627 0.1000000015
27689  46.178  -44.875  -37.870 0.1000000015
27674  46.426  -45.801  -36.609 0.1000000015
28617  47.576  -44.754  -38.025 0.1000000015
27679  48.275  -45.460  -37.096 0.1000000015
27680  47.025  -45.263  -37.099 0.1000000015
30450  45.389  -42.772  -39.079 0.1000000015
28632  48.801  -44.289  -38.508 0.1000000015
28615  48.847  -45.565  -37.666 0.1000000015
29565  44.870  -43.459  -38.590 0.1000000015
14949  37.554  -59.523  -39.275 0.1000000015
14951  35.654  -59.473  -38.463 0.1000000015
20355  40.396  -54.022  -38.080 0.1000000015
118996  48.773  -51.875  -25.916 0.5000000000
22085  50.089  -51.546  -26.437 0.5000000000
23013  49.766  -50.840  -26.240 0.5000000000
23014  49.321  -50.583  -26.190 0.5000000000
23015  48.592  -50.098  -26.128 0.5000000000
22973  51.167  -50.780  -23.692 0.2000000030
107079  50.705  -51.384  -24.544 0.2000000030
22051  51.141  -50.675  -24.298 0.3000000119
22989  50.639  -50.843  -24.900 0.3000000119
23001  50.339  -50.917  -25.572 0.5000000000
23012  50.046  -50.760  -26.026 0.5000000000
23902  50.188  -49.761  -26.157 0.5000000000
111438  49.803  -49.921  -26.125 0.5000000000
24787  50.064  -48.874  -26.660 0.5000000000
23904  48.957  -49.601  -26.313 0.5000000000
23004  47.132  -50.525  -25.206 0.5000000000
23891  47.553  -49.775  -25.835 0.5000000000
22991  46.683  -51.309  -24.640 0.5000000000
21134  45.028  -52.369  -24.484 0.5000000000
22972  51.544  -50.091  -23.682 0.3000000119
22988  51.324  -50.078  -24.404 0.3000000119
23890  50.418  -49.953  -25.799 0.5000000000
23910  49.402  -48.261  -26.873 0.5000000000
23905  47.955  -48.944  -26.282 0.5000000000
23892  46.507  -49.506  -25.387 0.5000000000
23873  46.179  -50.356  -24.641 0.5000000000
20215  44.162  -52.345  -29.029 0.4000000060
21165  43.724  -51.568  -27.792 0.5000000000
20201  44.487  -52.100  -27.422 0.5000000000
21146  44.660  -52.568  -25.315 0.5000000000
22067  45.394  -51.875  -24.163 0.5000000000
20216  43.411  -52.018  -29.371 0.4000000060
22959  51.494  -49.990  -23.039 0.3000000119
24740  52.125  -48.354  -23.072 0.4000000060
113963  51.716  -48.348  -23.818 0.4000000060
112988  51.278  -49.115  -25.822 0.5000000000
25684  51.017  -47.879  -25.975 0.5000000000
24786  50.383  -47.957  -26.550 0.5000000000
24793  49.901  -47.707  -26.884 0.5000000000
25685  50.270  -47.234  -26.175 0.5000000000
25691  49.914  -47.088  -26.726 0.5000000000
125130  49.366  -47.409  -26.952 0.5000000000
24794  48.758  -47.635  -26.884 0.5000000000
23906  46.849  -48.960  -26.160 0.5000000000
22974  44.841  -51.190  -23.799 0.6000000238
21147  43.691  -52.435  -25.532 0.5000000000
21135  43.985  -52.246  -24.560 0.5000000000
22068  44.515  -51.817  -23.962 0.5000000000
20243  42.509  -53.143  -30.819 0.4000000060
20242  43.463  -53.497  -30.409 0.4000000060
20209  43.669  -51.605  -28.682 0.5000000000
22910  51.024  -51.528  -18.600 0.1000000015
23796  52.167  -50.576  -18.030 0.1000000015
23802  51.593  -49.686  -17.837 0.1000000015
23805  52.349  -50.328  -18.648 0.1000000015
113560  52.068  -49.483  -18.315 0.1000000015
114261  52.559  -50.266  -19.547 0.1000000015
24698  52.278  -49.280  -19.094 0.1000000015
24699  51.277  -48.467  -18.910 0.1000000015
22946  51.851  -49.726  -22.082 0.2000000030
23815  52.635  -49.340  -20.558 0.1000000015
23850  52.124  -49.024  -22.631 0.3000000119
24779  51.460  -48.171  -25.305 0.5000000000
25604  52.307  -48.414  -21.923 0.4000000060
111477  52.146  -47.733  -22.614 0.4000000060
26619  51.117  -46.587  -24.845 0.4000000060
25670  50.532  -46.968  -25.541 0.5000000000
26635  49.558  -46.703  -26.111 0.5000000000
120690  49.099  -46.568  -26.684 0.5000000000
25692  49.379  -46.923  -27.004 0.5000000000
23874  45.742  -49.605  -24.909 0.5000000000
109279  43.496  -52.032  -26.620 0.5000000000
20228  42.835  -52.973  -29.806 0.4000000060
19256  41.467  -54.891  -32.256 0.5000000000
21041  50.421  -53.337  -16.233 0.1000000015
21067  51.181  -52.720  -16.879 0.1000000015
21985  51.281  -52.488  -17.416 0.1000000015
21998  51.756  -51.763  -17.727 0.1000000015
22909  51.999  -51.171  -18.093 0.1000000015
23797  51.437  -50.411  -17.394 0.1000000015
21984  51.797  -51.974  -17.026 0.1000000015
22899  51.946  -51.334  -17.027 0.1000000015
24669  50.229  -49.166  -17.720 0.1000000015
25597  48.409  -47.173  -20.323 0.2000000030
116417  52.585  -49.990  -20.239 0.1000000015
23816  52.507  -49.589  -19.766 0.1000000015
25575  51.355  -48.178  -19.597 0.1000000015
105119  50.029  -47.364  -20.585 0.2000000030
25593  52.325  -48.472  -20.807 0.2000000030
25594  51.608  -48.246  -20.406 0.1000000015
25605  51.554  -47.781  -21.415 0.2000000030
25623  49.845  -47.090  -22.348 0.2000000030
25608  48.184  -47.478  -21.395 0.2000000030
111100  47.675  -47.380  -20.573 0.2000000030
104520  52.199  -48.061  -21.724 0.2000000030
25621  51.813  -47.348  -22.531 0.2000000030
26566  51.542  -46.713  -23.187 0.3000000119
117189  50.284  -46.296  -23.649 0.3000000119
26604  50.101  -46.422  -24.529 0.4000000060
103705  49.751  -46.751  -25.246 0.5000000000
23852  44.276  -50.439  -23.646 0.5000000000
26621  49.051  -46.553  -26.081 0.4000000060
112798  42.444  -50.957  -23.229 0.5000000000
114886  43.261  -50.714  -23.245 0.5000000000
23875  44.298  -49.583  -23.967 0.5000000000
120992  42.184  -51.698  -23.779 0.5000000000
22055  43.081  -51.580  -23.577 0.5000000000
123485  43.776  -50.556  -23.392 0.5000000000
24795  47.797  -47.819  -26.749 0.5000000000
104615  48.185  -47.048  -26.968 0.5000000000
118500  42.458  -52.123  -26.413 0.5000000000
21137  42.088  -52.200  -24.733 0.5000000000
21136  43.034  -52.468  -24.723 0.5000000000
124640  44.726  -49.395  -24.433 0.5000000000
21191  42.321  -52.167  -29.449 0.5000000000
21157  42.691  -51.714  -27.234 0.5000000000
118543  43.776  -51.768  -23.881 0.5000000000
22993  45.101  -50.126  -24.275 0.6000000238
21148  42.744  -52.363  -25.624 0.5000000000
19238  41.871  -54.113  -32.038 0.4000000060
21015  50.009  -52.933  -15.151 0.1000000015
118535  50.984  -52.913  -16.706 0.1000000015
21947  50.683  -52.673  -16.185 0.1000000015
21969  50.367  -51.722  -16.213 0.1000000015
21950  47.312  -51.038  -14.961 0.1000000015
21968  51.320  -52.388  -16.721 0.1000000015
22887  51.530  -51.697  -16.723 0.1000000015
23798  49.684  -49.518  -17.047 0.1000000015
24684  49.249  -48.198  -18.456 0.1000000015
105356  48.757  -46.930  -18.889 0.1000000015
116554  50.521  -47.808  -19.408 0.1000000015
105483  48.557  -46.854  -19.422 0.2000000030
105602  50.265  -47.620  -19.858 0.1000000015
25596  49.273  -47.328  -20.108 0.2000000030
26568  49.664  -46.640  -23.136 0.3000000119
25624  48.750  -47.245  -22.498 0.3000000119
113845  47.423  -47.589  -21.513 0.2000000030
26589  49.480  -46.355  -23.890 0.3000000119
25625  47.656  -47.402  -22.321 0.2000000030
105023  49.159  -46.585  -24.814 0.4000000060
26590  48.379  -46.592  -24.186 0.3000000119
26622  48.931  -46.442  -25.905 0.4000000060
26605  48.357  -46.364  -25.303 0.4000000060
24762  42.997  -48.061  -23.589 0.5000000000
115952  43.891  -47.765  -23.879 0.5000000000
24761  44.443  -48.562  -24.393 0.5000000000
26636  48.955  -45.734  -26.775 0.5000000000
25673  42.892  -46.689  -25.642 0.5000000000
119758  43.331  -46.788  -26.518 0.5000000000
25687  44.198  -46.787  -26.697 0.5000000000
25651  44.277  -47.400  -24.591 0.5000000000
24782  44.924  -47.811  -25.216 0.6000000238
26641  48.738  -46.019  -27.197 0.5000000000
26640  48.868  -46.047  -26.944 0.5000000000
25697  44.379  -46.274  -27.185 0.5000000000
25686  44.999  -47.035  -26.932 0.5000000000
25671  44.914  -47.412  -26.242 0.6000000238
24760  45.165  -49.039  -24.943 0.5000000000
24788  46.924  -48.279  -26.625 0.5000000000
24781  45.527  -48.277  -25.798 0.5000000000
24780  46.091  -48.724  -26.117 0.5000000000
17427  41.535  -56.813  -34.048 0.4000000060
18312  41.041  -55.731  -32.643 0.4000000060
19237  42.593  -54.276  -31.904 0.4000000060
22870  45.252  -50.621  -15.054 0.1000000015
22869  46.757  -50.340  -15.526 0.1000000015
23763  46.058  -49.592  -15.971 0.1000000015
125100  50.072  -50.879  -16.551 0.1000000015
22867  49.265  -51.151  -15.511 0.1000000015
22889  48.249  -49.584  -16.047 0.1000000015
22890  47.232  -49.593  -15.975 0.1000000015
22888  49.173  -50.508  -15.956 0.1000000015
23783  48.406  -48.976  -16.577 0.1000000015
112251  47.596  -48.830  -16.366 0.1000000015
24670  48.595  -48.452  -17.581 0.1000000015
24685  48.275  -47.560  -18.378 0.1000000015
25566  47.151  -46.765  -18.339 0.2000000030
26511  47.276  -46.434  -18.724 0.2000000030
25578  47.282  -46.502  -19.152 0.2000000030
25609  46.763  -47.749  -21.026 0.2000000030
32151  44.299  -40.886  -25.375 0.2000000030
26570  47.049  -47.250  -23.130 0.2000000030
32160  44.705  -40.538  -26.375 0.2000000030
31220  45.010  -41.340  -25.924 0.2000000030
30315  46.034  -42.460  -26.236 0.2000000030
26569  47.979  -47.029  -23.264 0.2000000030
31230  45.674  -41.114  -27.750 0.2000000030
31229  45.764  -41.750  -28.304 0.2000000030
30325  46.187  -42.444  -27.925 0.2000000030
29447  46.956  -43.107  -27.792 0.2000000030
29433  46.618  -43.163  -26.109 0.3000000119
29446  47.581  -43.703  -27.231 0.2000000030
28500  47.809  -44.258  -26.865 0.4000000060
30341  45.988  -41.814  -28.398 0.2000000030
30332  45.929  -41.829  -28.324 0.3000000119
29465  46.693  -42.874  -28.207 0.3000000119
124880  46.928  -43.248  -28.084 0.4000000060
29455  47.649  -43.747  -27.498 0.4000000060
28521  48.323  -43.945  -27.086 0.5000000000
27558  47.878  -44.894  -26.700 0.4000000060
27557  48.575  -45.007  -26.927 0.5000000000
27584  43.367  -45.565  -27.509 0.5000000000
27583  43.578  -45.369  -27.750 0.4000000060
28538  44.609  -44.388  -28.240 0.4000000060
28537  45.652  -44.082  -28.204 0.4000000060
27606  46.116  -44.646  -28.425 0.4000000060
121799  46.920  -45.384  -28.653 0.5000000000
27594  47.541  -44.969  -28.627 0.5000000000
28529  48.674  -44.256  -27.183 0.5000000000
27573  48.886  -45.011  -27.013 0.5000000000
26661  44.036  -45.820  -27.458 0.5000000000
26643  44.959  -46.171  -27.535 0.5000000000
25704  45.639  -46.674  -27.562 0.5000000000
109216  45.627  -47.244  -27.104 0.5000000000
24796  46.145  -47.928  -27.017 0.5000000000
105624  46.820  -47.640  -26.978 0.5000000000
25694  47.283  -46.991  -27.371 0.5000000000
22857  43.615  -50.699  -14.724 0.1000000015
22856  44.502  -51.048  -14.597 0.1000000015
22871  44.436  -50.303  -15.211 0.1000000015
23765  44.336  -49.607  -15.771 0.1000000015
23785  45.087  -49.267  -16.258 0.1000000015
122407  45.761  -48.904  -16.537 0.1000000015
108884  45.119  -48.461  -16.694 0.1000000015
24656  47.004  -48.346  -16.836 0.1000000015
24672  46.085  -48.129  -16.954 0.1000000015
25552  47.523  -47.437  -17.879 0.1000000015
25553  46.682  -46.932  -17.831 0.2000000030
25598  47.004  -47.213  -19.984 0.2000000030
25626  46.673  -47.345  -22.148 0.2000000030
31214  43.821  -41.254  -24.450 0.1000000015
31213  44.517  -41.762  -25.070 0.2000000030
30316  45.360  -42.124  -25.635 0.2000000030
32142  43.308  -40.649  -23.810 0.1000000015
30304  44.784  -42.603  -24.815 0.1000000015
29432  47.149  -43.692  -26.668 0.2000000030
26606  47.610  -46.324  -24.727 0.3000000119
26591  47.380  -46.705  -23.931 0.2000000030
28502  46.283  -43.697  -25.377 0.1000000015
28501  46.885  -43.999  -26.009 0.1000000015
27544  47.598  -45.811  -25.629 0.2000000030
105283  47.599  -45.692  -28.550 0.5000000000
104623  48.320  -45.245  -28.199 0.5000000000
28519  48.957  -44.662  -27.086 0.5000000000
26655  48.845  -45.441  -27.027 0.5000000000
25703  46.458  -46.656  -27.998 0.5000000000
25702  47.482  -46.402  -28.216 0.5000000000
26657  48.326  -45.930  -28.068 0.5000000000
25695  46.243  -47.216  -27.319 0.5000000000
106058  42.808  -50.692  -14.559 0.1000000015
23767  42.471  -49.615  -15.476 0.1000000015
23766  43.437  -49.349  -15.749 0.1000000015
24643  42.732  -48.766  -15.827 0.1000000015
120155  44.275  -48.878  -16.304 0.1000000015
106644  44.371  -47.879  -16.659 0.1000000015
25538  45.198  -47.438  -17.049 0.1000000015
25554  46.003  -47.149  -17.412 0.2000000030
26512  46.579  -46.551  -18.323 0.2000000030
26525  46.538  -46.487  -18.754 0.2000000030
25579  46.252  -46.901  -19.461 0.2000000030
26526  45.415  -46.536  -18.931 0.2000000030
25599  45.989  -47.486  -20.548 0.2000000030
25610  45.994  -47.463  -21.498 0.2000000030
32133  43.022  -40.884  -23.054 0.1000000015
31206  43.464  -41.454  -23.467 0.1000000015
30293  44.453  -42.966  -23.981 0.1000000015
29419  44.880  -43.432  -24.512 0.1000000015
26593  45.786  -46.482  -23.938 0.1000000015
26592  46.598  -46.736  -23.739 0.2000000030
26571  46.154  -47.058  -23.137 0.2000000030
123360  44.847  -44.017  -24.207 0.1000000015
28486  45.528  -44.037  -24.679 0.1000000015
28485  46.378  -44.569  -25.079 0.1000000015
27559  47.235  -44.867  -25.914 0.2000000030
27545  46.835  -45.455  -25.059 0.2000000030
113613  47.175  -46.026  -24.972 0.2000000030
23752  41.337  -49.323  -14.720 0.1000000015
113647  41.867  -48.951  -15.450 0.1000000015
25518  40.261  -47.393  -14.633 0.1000000015
25526  40.855  -47.750  -15.251 0.1000000015
25541  42.073  -47.621  -16.403 0.1000000015
25539  43.677  -47.360  -16.531 0.1000000015
24658  42.900  -47.923  -16.193 0.1000000015
25555  45.159  -46.563  -17.334 0.1000000015
26504  44.954  -46.044  -17.640 0.1000000015
26513  45.764  -46.293  -18.198 0.1000000015
26543  45.154  -46.904  -20.063 0.2000000030
110156  45.103  -47.041  -21.387 0.2000000030
109095  44.797  -46.813  -22.586 0.1000000015
25627  45.649  -47.163  -22.350 0.2000000030
33053  42.611  -39.704  -21.585 0.1000000015
31198  42.690  -41.524  -21.662 0.1000000015
31197  42.938  -41.539  -22.563 0.1000000015
29410  44.019  -42.919  -23.175 0.1000000015
124036  45.402  -46.818  -23.161 0.2000000030
30286  42.857  -42.447  -22.048 0.1000000015
113980  43.380  -42.940  -22.546 0.1000000015
29409  44.385  -43.755  -23.625 0.1000000015
28487  44.732  -44.760  -23.911 0.1000000015
110001  45.633  -44.871  -24.462 0.1000000015
27532  45.236  -45.666  -24.066 0.2000000030
26466  40.215  -46.453  -14.827 0.1000000015
26480  40.755  -46.410  -15.722 0.1000000015
105436  42.139  -46.809  -16.574 0.1000000015
109878  43.702  -46.550  -16.728 0.1000000015
122769  44.517  -46.073  -17.191 0.1000000015
26514  44.780  -45.911  -18.364 0.2000000030
26515  43.946  -45.616  -18.813 0.1000000015
110540  44.310  -46.131  -19.518 0.2000000030
26545  43.684  -45.893  -20.472 0.1000000015
26544  44.364  -46.441  -20.760 0.2000000030
30270  42.758  -42.382  -20.532 0.1000000015
108762  42.608  -43.080  -20.742 0.1000000015
29384  42.427  -43.861  -20.938 0.1000000015
28463  42.370  -44.646  -21.240 0.1000000015
27508  42.833  -46.007  -21.219 0.1000000015
26574  43.462  -46.326  -21.893 0.1000000015
26557  43.731  -46.274  -21.210 0.1000000015
32126  42.700  -40.643  -21.342 0.1000000015
30274  42.617  -43.174  -21.375 0.1000000015
29392  42.557  -43.929  -21.498 0.1000000015
28472  42.718  -44.428  -21.940 0.1000000015
28471  43.366  -45.003  -22.482 0.1000000015
122683  43.600  -45.632  -22.662 0.1000000015
26573  43.961  -46.251  -22.793 0.1000000015
29403  42.873  -43.465  -22.022 0.1000000015
29402  43.588  -43.816  -22.658 0.1000000015
28478  44.031  -44.511  -23.152 0.1000000015
26572  44.860  -46.408  -23.471 0.1000000015
26494  40.941  -45.675  -16.018 0.1000000015
26493  41.461  -46.272  -16.294 0.1000000015
27477  42.939  -45.532  -16.749 0.1000000015
27476  43.827  -45.751  -16.846 0.1000000015
27482  44.251  -45.518  -17.228 0.1000000015
27484  44.465  -45.307  -17.846 0.1000000015
30265  44.627  -43.179  -19.272 0.1000000015
29380  43.959  -43.837  -19.198 0.1000000015
29378  44.196  -44.303  -18.542 0.1000000015
28448  43.514  -44.640  -19.285 0.1000000015
116531  44.713  -42.605  -19.772 0.1000000015
29381  43.099  -43.650  -19.891 0.1000000015
27489  43.430  -45.178  -19.477 0.1000000015
27497  43.069  -45.390  -20.324 0.1000000015
31181  43.698  -42.211  -20.001 0.1000000015
30267  43.049  -42.655  -20.074 0.1000000015
28450  42.759  -44.310  -20.055 0.1000000015
28456  42.801  -44.895  -20.107 0.1000000015
28439  43.971  -44.830  -16.929 0.1000000015
110306  44.208  -43.964  -17.260 0.1000000015
28445  44.236  -44.704  -17.374 0.1000000015
109509  44.495  -43.699  -18.535 0.1000000015
115847  44.429  -44.141  -17.826 0.1000000015
27485  43.899  -45.251  -18.663 0.1000000015
23000  50.807  -50.037  -25.191 0.4000000060
118534  51.535  -49.023  -24.716 0.4000000060
26586  51.421  -46.703  -23.660 0.4000000060
22920  52.291  -50.877  -18.437 0.1000000015
24683  50.712  -48.778  -18.360 0.1000000015
24716  52.508  -48.804  -21.291 0.2000000030
26588  51.056  -46.500  -23.836 0.4000000060
26603  50.786  -46.446  -24.630 0.4000000060
23781  50.573  -50.609  -16.894 0.1000000015
25607  49.224  -47.289  -21.259 0.3000000119
115643  47.876  -46.691  -19.609 0.2000000030
25595  50.863  -47.703  -20.480 0.2000000030
25606  50.448  -47.365  -21.551 0.2000000030
25622  51.173  -47.139  -22.379 0.2000000030
26567  50.670  -46.597  -22.988 0.3000000119
23876  43.688  -48.854  -23.760 0.5000000000
21948  49.839  -52.051  -15.384 0.1000000015
21949  48.688  -51.315  -14.907 0.1000000015
22868  48.086  -50.414  -15.456 0.1000000015
23782  49.240  -49.883  -16.452 0.1000000015
25576  49.475  -47.414  -19.473 0.1000000015
25565  47.853  -46.637  -18.576 0.1000000015
25577  47.981  -46.379  -18.978 0.2000000030
117124  48.861  -46.815  -23.410 0.3000000119
27543  48.049  -46.015  -26.233 0.4000000060
25652  43.230  -46.958  -24.434 0.5000000000
25672  43.972  -47.026  -25.697 0.5000000000
25653  42.228  -46.530  -24.793 0.5000000000
118849  43.586  -45.892  -27.344 0.5000000000
110822  45.863  -50.256  -15.436 0.1000000015
23764  45.166  -49.880  -15.591 0.1000000015
23784  46.646  -48.915  -16.474 0.1000000015
24655  47.630  -48.258  -16.981 0.1000000015
31231  45.388  -40.870  -26.752 0.2000000030
31219  45.638  -41.670  -26.528 0.2000000030
29434  45.688  -43.038  -25.311 0.1000000015
31238  45.832  -40.866  -28.585 0.2000000030
29456  46.341  -42.643  -28.322 0.3000000119
28499  48.847  -44.586  -27.062 0.4000000060
29467  45.091  -43.626  -28.155 0.5000000000
29466  45.924  -43.081  -28.150 0.4000000060
31247  45.894  -41.010  -28.586 0.2000000030
29480  46.379  -43.743  -28.278 0.4000000060
27605  46.744  -44.799  -28.639 0.5000000000
29464  47.395  -43.604  -27.973 0.5000000000
27574  48.920  -44.712  -27.056 0.5000000000
110310  43.072  -43.967  -28.047 0.5000000000
29468  44.010  -43.649  -28.193 0.5000000000
26660  44.871  -45.765  -27.838 0.5000000000
26659  45.721  -46.098  -28.205 0.5000000000
22872  43.041  -50.147  -15.211 0.1000000015
113374  43.764  -50.035  -15.391 0.1000000015
24671  46.847  -47.641  -17.287 0.1000000015
26503  45.900  -46.490  -17.789 0.2000000030
30305  44.101  -42.168  -23.984 0.1000000015
22873  42.193  -50.355  -14.940 0.1000000015
22874  41.778  -49.802  -15.141 0.1000000015
24657  43.545  -48.386  -16.227 0.1000000015
24659  42.189  -48.324  -16.002 0.1000000015
112262  42.405  -40.085  -22.073 0.1000000015
32134  42.638  -40.751  -22.246 0.1000000015
30285  43.447  -42.235  -22.971 0.1000000015
27546  46.066  -45.592  -24.606 0.2000000030
24636  41.160  -48.557  -15.036 0.1000000015
23744  40.084  -49.026  -14.021 0.1000000015
24637  40.492  -48.265  -14.552 0.1000000015
24644  41.564  -48.072  -15.705 0.1000000015
113912  40.623  -47.057  -15.338 0.1000000015
25525  41.265  -47.175  -16.007 0.1000000015
25540  42.936  -47.107  -16.602 0.1000000015
26492  44.332  -46.580  -16.923 0.1000000015
26556  44.202  -46.614  -21.809 0.2000000030
104438  42.307  -46.071  -16.583 0.1000000015
107717  43.035  -46.298  -16.768 0.1000000015
27475  44.142  -45.749  -16.993 0.1000000015
26527  43.658  -45.548  -19.707 0.1000000015
124366  42.761  -43.074  -20.319 0.1000000015
31182  42.958  -41.793  -20.275 0.1000000015
31187  42.744  -41.579  -20.828 0.1000000015
109124  42.624  -42.336  -21.140 0.1000000015
28457  42.448  -44.505  -20.576 0.1000000015
113371  42.586  -43.741  -20.374 0.1000000015
27509  42.454  -45.251  -20.837 0.1000000015
27522  42.537  -45.368  -21.655 0.1000000015
27521  43.040  -45.989  -22.202 0.1000000015
27533  44.512  -45.745  -23.554 0.1000000015
106879  41.897  -45.376  -16.396 0.1000000015
122549  43.523  -45.000  -16.775 0.1000000015
30266  43.904  -43.103  -19.730 0.1000000015
30261  44.908  -43.058  -18.671 0.1000000015
28447  44.290  -44.756  -18.152 0.1000000015
28440  43.372  -44.292  -16.633 0.1000000015
29366  44.373  -43.142  -17.248 0.1000000015
30264  45.319  -42.720  -19.425 0.1000000015
29375  44.576  -43.476  -17.888 0.1000000015
20163  49.278  -54.769  -22.752 0.1000000015
18218  48.975  -55.636  -23.731 0.1000000015
119414  49.412  -54.638  -23.549 0.1000000015
110644  49.582  -53.905  -24.344 0.1000000015
20178  50.135  -53.171  -24.618 0.1000000015
21114  49.618  -53.771  -22.841 0.1000000015
22053  50.215  -52.059  -23.323 0.1000000015
18219  48.644  -55.736  -23.287 0.2000000030
22052  50.642  -51.826  -23.891 0.1000000015
18240  48.766  -56.308  -23.917 0.2000000030
19185  49.215  -54.931  -23.937 0.1000000015
108459  48.709  -56.451  -24.688 0.2000000030
108314  50.494  -51.815  -25.377 0.1000000015
115481  48.973  -57.266  -24.999 0.2000000030
19190  48.850  -55.488  -24.346 0.2000000030
20188  50.024  -53.048  -25.146 0.2000000030
19189  49.102  -54.342  -24.429 0.2000000030
20189  49.511  -53.465  -24.796 0.2000000030
21141  50.300  -52.434  -25.753 0.3000000119
22077  50.367  -51.720  -26.085 0.3000000119
21142  49.748  -52.803  -25.537 0.3000000119
21155  50.144  -52.198  -26.346 0.3000000119
114277  48.401  -55.506  -25.146 0.2000000030
105951  48.438  -54.626  -24.794 0.2000000030
18269  48.670  -55.875  -26.859 0.2000000030
20190  49.068  -53.658  -24.825 0.2000000030
18270  48.721  -54.948  -26.962 0.2000000030
16558  45.024  -57.951  -29.652 0.1000000015
17360  48.388  -56.696  -26.751 0.2000000030
18256  48.520  -56.090  -25.816 0.2000000030
22078  49.587  -52.386  -26.168 0.3000000119
22086  49.665  -51.610  -26.486 0.4000000060
16556  46.431  -57.245  -28.974 0.1000000015
17379  47.633  -57.188  -27.291 0.1000000015
19191  47.773  -54.848  -25.307 0.2000000030
21144  48.171  -53.737  -24.817 0.2000000030
16557  45.767  -57.701  -29.372 0.1000000015
17393  46.984  -56.708  -28.200 0.2000000030
18257  48.196  -55.267  -26.211 0.2000000030
18288  48.155  -55.486  -28.110 0.2000000030
16562  45.596  -57.257  -30.188 0.1000000015
17407  45.221  -56.847  -30.876 0.2000000030
17400  46.200  -56.669  -29.821 0.1000000015
119572  48.487  -55.115  -27.690 0.2000000030
18258  47.110  -55.302  -25.880 0.2000000030
20192  46.922  -54.256  -25.278 0.2000000030
20184  47.314  -53.497  -24.891 0.4000000060
17399  46.818  -56.015  -29.390 0.1000000015
21130  48.111  -52.243  -24.986 0.4000000060
19207  47.601  -54.939  -28.467 0.3000000119
19202  47.679  -54.740  -28.229 0.3000000119
17398  47.415  -55.451  -28.790 0.2000000030
19213  47.218  -54.603  -29.247 0.4000000060
21132  46.901  -52.531  -24.755 0.4000000060
22990  47.698  -51.499  -25.071 0.4000000060
19197  46.736  -54.888  -26.863 0.3000000119
19209  46.916  -54.065  -29.401 0.4000000060
19208  47.147  -54.365  -29.095 0.3000000119
118341  42.549  -38.562  -23.728 0.1000000015
32152  43.592  -40.353  -24.725 0.1000000015
22065  47.253  -52.065  -24.691 0.4000000060
20193  46.280  -53.357  -25.773 0.4000000060
21133  45.984  -52.364  -24.664 0.5000000000
19203  46.440  -54.127  -27.841 0.4000000060
18272  47.527  -54.699  -27.817 0.3000000119
20199  46.062  -53.553  -26.763 0.4000000060
33067  42.699  -38.901  -24.379 0.1000000015
116165  43.375  -39.451  -25.003 0.1000000015
22066  46.309  -51.925  -24.462 0.4000000060
21145  45.659  -52.703  -25.239 0.5000000000
22992  45.722  -51.227  -24.241 0.5000000000
32161  44.006  -40.042  -25.757 0.1000000015
33075  43.735  -39.086  -26.271 0.1000000015
32172  44.995  -40.302  -27.716 0.1000000015
109821  49.027  -55.038  -22.371 0.1000000015
20179  49.715  -53.930  -23.630 0.1000000015
110727  50.473  -52.341  -24.701 0.1000000015
21124  50.213  -52.927  -23.716 0.1000000015
110638  49.737  -52.662  -22.921 0.1000000015
22960  51.260  -50.335  -22.745 0.1000000015
23003  48.165  -50.789  -25.773 0.4000000060
18220  48.426  -56.011  -23.384 0.1000000015
21143  48.881  -52.906  -25.360 0.3000000119
18271  48.341  -54.765  -26.978 0.2000000030
21131  47.772  -52.846  -24.822 0.4000000060
19192  46.569  -54.406  -25.996 0.3000000119
20185  46.561  -53.021  -25.145 0.4000000060
33083  44.265  -39.789  -27.048 0.1000000015
22042  49.361  -51.994  -22.356 0.1000000015
14898  32.571  -59.316  -32.315 0.1000000015
13983  32.368  -60.248  -33.387 0.1000000015
13055  33.588  -61.490  -33.077 0.1000000015
14907  31.361  -59.723  -33.270 0.1000000015
13048  33.955  -61.121  -32.534 0.1000000015
14899  31.580  -59.303  -32.411 0.1000000015
14900  30.782  -59.719  -32.759 0.1000000015
13961  30.039  -60.889  -32.277 0.1000000015
13985  30.662  -60.259  -33.458 0.1000000015
7706  37.763  -67.918  -25.693 0.1000000015
12067  31.157  -62.956  -29.425 0.1000000015
12068  30.435  -62.839  -29.879 0.1000000015
14896  34.236  -59.884  -31.884 0.1000000015
119521  30.406  -62.116  -30.127 0.1000000015
13974  32.933  -59.893  -32.696 0.1000000015
13040  30.077  -60.958  -31.331 0.1000000015
14895  35.028  -59.943  -31.850 0.1000000015
13041  29.471  -61.505  -31.912 0.1000000015
115432  34.583  -61.280  -32.627 0.1000000015
8493  38.239  -67.168  -24.896 0.1000000015
7714  38.271  -67.527  -25.991 0.1000000015
7724  38.331  -67.138  -26.971 0.1000000015
9320  39.013  -65.643  -23.862 0.1000000015
9341  38.651  -66.467  -24.445 0.1000000015
8492  38.983  -67.006  -24.741 0.1000000015
7704  38.741  -67.079  -25.635 0.1000000015
8523  37.337  -66.430  -27.630 0.1000000015
10196  34.210  -64.346  -27.706 0.1000000015
120236  32.594  -63.616  -28.270 0.1000000015
14897  33.393  -59.569  -32.074 0.1000000015
14882  33.069  -58.962  -31.732 0.1000000015
14883  31.477  -59.150  -31.469 0.1000000015
14880  34.794  -59.371  -31.410 0.1000000015
112617  35.131  -60.997  -32.603 0.1000000015
111736  35.312  -61.807  -32.901 0.1000000015
120614  38.625  -66.939  -26.490 0.1000000015
8521  38.597  -66.179  -27.052 0.1000000015
10169  39.686  -65.457  -23.378 0.1000000015
9319  40.061  -66.075  -23.836 0.1000000015
9340  39.531  -66.485  -24.361 0.1000000015
8511  39.344  -66.660  -25.387 0.1000000015
9370  39.010  -65.499  -27.028 0.1000000015
9374  38.578  -65.556  -27.154 0.1000000015
10192  37.884  -65.539  -27.261 0.1000000015
10194  35.790  -64.940  -27.686 0.1000000015
10198  35.408  -65.172  -27.940 0.1000000015
11065  35.478  -64.206  -27.360 0.1000000015
10195  35.062  -64.601  -27.797 0.1000000015
106852  33.854  -63.526  -27.521 0.1000000015
11067  33.056  -63.127  -27.884 0.1000000015
11080  32.231  -62.917  -28.302 0.1000000015
12055  31.846  -62.155  -28.238 0.1000000015
13955  30.880  -60.160  -30.256 0.1000000015
14881  33.895  -59.109  -31.545 0.1000000015
15748  32.730  -58.751  -31.246 0.1000000015
15749  32.249  -59.004  -31.725 0.1000000015
14861  31.006  -59.646  -30.592 0.1000000015
13957  30.584  -60.057  -31.080 0.1000000015
13972  34.524  -60.597  -32.281 0.1000000015
11048  39.576  -64.025  -25.918 0.1000000015
11024  40.454  -64.477  -22.359 0.1000000015
10168  40.455  -65.522  -23.367 0.1000000015
9339  40.164  -66.317  -24.387 0.1000000015
10186  39.498  -64.902  -26.567 0.1000000015
11054  39.434  -64.318  -26.500 0.1000000015
10188  38.634  -64.930  -27.165 0.1000000015
111325  37.347  -64.145  -26.323 0.1000000015
109087  36.017  -63.707  -26.804 0.1000000015
12047  34.978  -62.369  -26.595 0.1000000015
10158  40.873  -65.084  -22.890 0.1000000015
10167  41.373  -65.126  -23.841 0.1000000015
9318  40.752  -65.788  -24.084 0.1000000015
10178  41.400  -65.030  -24.772 0.1000000015
10183  40.879  -64.572  -25.493 0.1000000015
11058  35.186  -63.350  -26.887 0.1000000015
11059  34.392  -62.984  -27.073 0.1000000015
12053  33.601  -62.592  -27.359 0.1000000015
13017  32.827  -61.207  -27.227 0.1000000015
12054  32.743  -62.134  -27.720 0.1000000015
13939  32.473  -60.616  -27.451 0.1000000015
13018  32.138  -61.389  -27.764 0.1000000015
13952  31.571  -60.595  -28.792 0.1000000015
13029  31.618  -61.417  -28.476 0.1000000015
15704  32.617  -58.593  -28.972 0.1000000015
14858  31.657  -59.700  -29.051 0.1000000015
13033  31.157  -61.311  -29.351 0.1000000015
15735  34.628  -58.704  -30.062 0.1000000015
15737  32.731  -58.558  -30.468 0.1000000015
15722  31.884  -58.781  -30.155 0.1000000015
14868  35.240  -59.041  -30.787 0.1000000015
14879  35.489  -59.570  -31.239 0.1000000015
13970  36.171  -60.171  -32.485 0.1000000015
14894  35.720  -59.859  -31.797 0.1000000015
14893  37.337  -59.016  -31.954 0.1000000015
112668  36.455  -59.484  -31.851 0.1000000015
11055  39.188  -64.164  -27.040 0.1000000015
105850  41.349  -64.510  -22.639 0.1000000015
11023  42.181  -64.069  -23.485 0.1000000015
11037  42.479  -64.023  -24.477 0.1000000015
11044  42.259  -63.852  -25.200 0.1000000015
122063  40.050  -64.435  -26.080 0.1000000015
10184  40.298  -64.017  -25.809 0.1000000015
11049  38.800  -63.895  -25.914 0.1000000015
11051  36.644  -63.473  -26.035 0.1000000015
12042  36.282  -62.503  -25.776 0.1000000015
12043  35.561  -61.821  -25.943 0.1000000015
13010  34.645  -61.501  -26.258 0.1000000015
12048  34.172  -62.041  -26.826 0.1000000015
13011  33.939  -61.188  -26.569 0.1000000015
13928  33.695  -60.409  -26.391 0.1000000015
13012  33.393  -60.967  -26.835 0.1000000015
121026  32.673  -59.386  -27.726 0.1000000015
14837  32.837  -59.936  -27.275 0.1000000015
124650  35.061  -58.532  -29.549 0.1000000015
103481  35.070  -58.176  -28.961 0.1000000015
15719  34.398  -58.353  -29.283 0.1000000015
15702  34.362  -58.136  -28.535 0.1000000015
15687  33.062  -58.732  -28.064 0.1000000015
14857  32.182  -59.200  -28.413 0.1000000015
15718  35.659  -58.567  -29.347 0.1000000015
15720  33.094  -58.420  -29.638 0.1000000015
15734  35.591  -59.001  -29.987 0.1000000015
103435  36.462  -58.830  -29.461 0.1000000015
14866  36.269  -59.175  -30.270 0.1000000015
14878  36.068  -59.530  -31.011 0.1000000015
14876  37.747  -58.478  -31.266 0.1000000015
11980  43.617  -62.868  -21.658 0.1000000015
11981  41.671  -63.411  -21.519 0.1000000015
11001  40.981  -64.030  -21.829 0.1000000015
12007  43.643  -63.256  -23.209 0.1000000015
11036  42.828  -63.586  -23.770 0.1000000015
12040  39.320  -63.167  -25.475 0.1000000015
10999  42.855  -63.415  -22.129 0.1000000015
11045  41.416  -63.289  -25.117 0.1000000015
109542  40.583  -62.708  -24.781 0.1000000015
121521  39.009  -62.345  -25.115 0.1000000015
12036  38.436  -61.843  -24.786 0.1000000015
115860  39.078  -61.788  -24.708 0.1000000015
12999  36.999  -61.352  -24.506 0.1000000015
13005  35.698  -61.193  -25.353 0.1000000015
13006  34.994  -61.028  -25.686 0.1000000015
13925  34.664  -60.329  -25.567 0.1000000015
13924  35.370  -60.526  -25.268 0.1000000015
13926  34.101  -60.136  -25.824 0.1000000015
14830  33.789  -59.637  -25.972 0.1000000015
14836  33.365  -59.795  -26.669 0.1000000015
15686  33.716  -58.598  -27.389 0.1000000015
15675  33.702  -58.973  -26.411 0.1000000015
15685  34.289  -57.993  -27.747 0.1000000015
115111  36.641  -58.100  -28.221 0.1000000015
118533  35.983  -57.635  -27.838 0.1000000015
15700  36.974  -58.663  -28.754 0.1000000015
108410  37.417  -58.890  -29.285 0.1000000015
15717  37.042  -58.855  -29.998 0.1000000015
14877  36.823  -58.763  -31.025 0.1000000015
12979  42.045  -61.590  -23.919 0.1000000015
13898  41.127  -61.224  -23.360 0.1000000015
10998  43.797  -63.170  -22.521 0.1000000015
12006  44.271  -62.654  -22.676 0.1000000015
11043  42.550  -63.436  -24.443 0.1000000015
12994  41.662  -62.167  -24.457 0.1000000015
12980  40.947  -61.733  -23.796 0.1000000015
13899  40.255  -61.112  -23.337 0.1000000015
11022  43.036  -63.672  -23.007 0.1000000015
12029  42.506  -62.517  -24.326 0.1000000015
115437  41.332  -62.622  -24.736 0.1000000015
12982  39.115  -61.340  -24.092 0.1000000015
13901  38.564  -60.662  -23.866 0.1000000015
13903  37.099  -60.036  -23.864 0.1000000015
12997  38.565  -61.166  -24.363 0.1000000015
12998  37.855  -61.214  -24.456 0.1000000015
13918  35.676  -59.932  -24.842 0.1000000015
14826  35.143  -59.215  -25.017 0.1000000015
15659  34.906  -58.493  -25.025 0.1000000015
15666  34.108  -59.003  -25.673 0.1000000015
16515  35.367  -57.319  -26.756 0.1000000015
113584  34.324  -58.419  -25.960 0.1000000015
125124  35.072  -57.704  -28.108 0.1000000015
109708  34.770  -57.500  -27.251 0.1000000015
16535  36.896  -57.418  -27.651 0.1000000015
16551  37.364  -58.153  -28.289 0.1000000015
15699  37.786  -58.754  -28.814 0.1000000015
13886  44.439  -60.941  -21.727 0.1000000015
11978  44.892  -62.055  -21.640 0.1000000015
12955  44.921  -61.760  -22.050 0.1000000015
13891  44.246  -61.309  -22.470 0.1000000015
12967  42.745  -61.474  -23.307 0.1000000015
13893  41.855  -60.951  -22.912 0.1000000015
11967  44.241  -62.502  -20.472 0.1000000015
106806  44.517  -62.414  -21.411 0.1000000015
12005  44.745  -62.188  -22.274 0.1000000015
12965  44.520  -62.045  -22.677 0.1000000015
12966  43.684  -61.782  -23.065 0.1000000015
12978  43.063  -62.154  -23.692 0.1000000015
13894  40.723  -60.600  -22.951 0.1000000015
14812  38.944  -60.373  -23.267 0.1000000015
13900  39.333  -60.898  -23.492 0.1000000015
14814  37.386  -59.844  -23.455 0.1000000015
13917  36.440  -59.985  -24.277 0.1000000015
123611  36.191  -58.859  -23.799 0.1000000015
15658  35.421  -58.589  -24.597 0.1000000015
16489  35.340  -57.961  -24.681 0.1000000015
16505  34.881  -57.982  -25.394 0.1000000015
16503  36.121  -57.117  -25.448 0.1000000015
17385  37.532  -56.764  -27.302 0.1000000015
16537  35.405  -57.386  -27.407 0.1000000015
16534  37.778  -57.343  -27.913 0.1000000015
16533  38.630  -57.396  -28.045 0.1000000015
12937  44.861  -61.915  -21.121 0.1000000015
13887  43.458  -60.539  -21.932 0.1000000015
13888  42.370  -60.390  -22.092 0.1000000015
14793  40.191  -60.127  -22.406 0.1000000015
14794  39.603  -59.488  -21.888 0.1000000015
14800  39.333  -59.900  -22.652 0.1000000015
15644  38.940  -59.213  -22.176 0.1000000015
14801  37.608  -58.903  -22.537 0.1000000015
15653  37.037  -59.125  -22.992 0.1000000015
16483  36.610  -57.722  -23.023 0.1000000015
15657  35.929  -58.336  -24.066 0.1000000015
17336  36.738  -56.832  -24.317 0.1000000015
17351  37.003  -56.819  -25.502 0.1000000015
114000  36.579  -56.798  -24.862 0.1000000015
18263  37.736  -56.345  -25.505 0.1000000015
17370  35.943  -57.226  -26.284 0.1000000015
18275  38.007  -55.941  -26.262 0.1000000015
17368  37.435  -56.623  -26.392 0.1000000015
17386  36.951  -57.036  -26.943 0.1000000015
18283  38.780  -56.110  -27.178 0.1000000015
16532  39.600  -57.449  -28.072 0.1000000015
16547  41.389  -58.305  -28.420 0.1000000015
13872  44.975  -61.525  -20.373 0.1000000015
106621  44.408  -60.809  -20.647 0.1000000015
14791  42.786  -59.946  -21.495 0.1000000015
14792  41.798  -59.975  -21.377 0.1000000015
105929  40.538  -59.821  -21.326 0.1000000015
13861  45.597  -61.196  -19.466 0.1000000015
15645  38.216  -58.544  -22.048 0.1000000015
15646  36.986  -58.338  -22.689 0.1000000015
16479  37.213  -57.553  -22.594 0.1000000015
16482  37.011  -56.976  -23.075 0.1000000015
18248  38.630  -55.795  -24.376 0.1000000015
110487  37.252  -56.506  -24.635 0.1000000015
116393  38.078  -56.266  -24.768 0.1000000015
18274  38.634  -55.836  -26.477 0.1000000015
119449  39.338  -55.853  -26.724 0.1000000015
17383  39.812  -56.463  -27.313 0.1000000015
16530  42.064  -57.713  -27.759 0.1000000015
17380  43.582  -58.167  -27.563 0.1000000015
121662  45.258  -60.468  -18.774 0.1000000015
14775  44.694  -60.487  -19.469 0.1000000015
14754  44.250  -59.344  -18.963 0.1000000015
113946  42.507  -59.781  -20.543 0.1000000015
14757  41.214  -59.022  -19.609 0.1000000015
14777  40.321  -58.928  -20.293 0.1000000015
14755  43.331  -59.509  -19.474 0.1000000015
14778  39.768  -58.995  -21.172 0.1000000015
15634  39.044  -58.490  -21.592 0.1000000015
15635  38.418  -57.822  -21.671 0.1000000015
18213  38.126  -56.099  -22.948 0.1000000015
17323  37.094  -56.596  -23.774 0.1000000015
18211  44.150  -54.739  -22.846 0.1000000015
18224  43.453  -55.073  -23.369 0.1000000015
106023  42.918  -55.412  -23.968 0.1000000015
18226  41.399  -55.208  -23.769 0.1000000015
18246  40.831  -55.094  -24.476 0.1000000015
18249  37.889  -56.198  -23.865 0.1000000015
106410  43.851  -55.548  -24.030 0.1000000015
18245  41.688  -55.567  -24.626 0.1000000015
111216  39.230  -55.232  -23.876 0.1000000015
18210  45.102  -55.275  -23.152 0.1000000015
18242  44.686  -55.959  -23.902 0.1000000015
17335  44.369  -56.190  -24.791 0.1000000015
18259  42.335  -55.951  -25.155 0.1000000015
18260  40.961  -55.463  -25.327 0.1000000015
107970  39.494  -55.620  -25.863 0.1000000015
18241  45.494  -56.204  -23.930 0.1000000015
119222  45.101  -56.472  -24.306 0.1000000015
17349  43.711  -56.465  -25.595 0.1000000015
18273  40.991  -55.854  -26.217 0.1000000015
104019  43.118  -56.789  -26.212 0.1000000015
123500  41.212  -56.271  -26.693 0.1000000015
16512  46.096  -58.325  -26.520 0.1000000015
17363  43.375  -57.575  -26.886 0.1000000015
16528  44.380  -58.238  -27.777 0.1000000015
14738  44.586  -59.344  -18.074 0.1000000015
14753  44.643  -59.639  -18.542 0.1000000015
14739  44.176  -58.964  -18.232 0.1000000015
15612  43.783  -58.735  -18.363 0.1000000015
15613  42.870  -58.649  -18.550 0.1000000015
15615  40.696  -58.321  -19.253 0.1000000015
107392  39.588  -58.049  -19.699 0.1000000015
15628  39.388  -58.211  -20.699 0.1000000015
112833  37.896  -57.516  -22.131 0.1000000015
18212  38.518  -56.421  -22.280 0.1000000015
19176  39.723  -55.279  -22.451 0.1000000015
18225  42.537  -55.160  -23.252 0.1000000015
125066  41.196  -55.172  -23.051 0.1000000015
18227  40.664  -55.009  -23.549 0.1000000015
110161  42.996  -54.626  -22.737 0.1000000015
110601  47.088  -56.178  -23.760 0.1000000015
17321  46.574  -56.474  -24.136 0.1000000015
15567  44.042  -58.711  -17.594 0.1000000015
16440  43.422  -57.614  -17.894 0.1000000015
15582  44.095  -58.789  -17.919 0.1000000015
15598  42.485  -57.525  -18.198 0.1000000015
124548  42.349  -56.794  -18.056 0.1000000015
15597  43.205  -57.918  -17.866 0.1000000015
15614  41.755  -58.579  -18.788 0.1000000015
15599  41.435  -57.462  -18.472 0.1000000015
16454  40.113  -57.568  -18.966 0.1000000015
16455  39.092  -57.421  -19.361 0.1000000015
15616  38.678  -57.623  -20.012 0.1000000015
16472  38.468  -57.230  -21.379 0.1000000015
18203  38.920  -56.536  -21.395 0.1000000015
104297  38.492  -56.843  -20.638 0.1000000015
19152  40.519  -56.101  -21.123 0.1000000015
18202  39.973  -56.410  -20.809 0.1000000015
124563  39.061  -56.222  -22.000 0.1000000015
19149  42.457  -54.309  -22.051 0.1000000015
19163  40.441  -55.532  -21.773 0.1000000015
19165  38.941  -55.676  -22.533 0.1000000015
19147  44.457  -54.140  -22.342 0.1000000015
19148  43.424  -54.124  -22.220 0.1000000015
19175  40.599  -55.153  -22.589 0.1000000015
19146  45.522  -54.395  -22.274 0.1000000015
19160  45.206  -54.810  -22.730 0.1000000015
16414  43.336  -58.039  -17.791 0.1000000015
16432  42.841  -57.273  -17.969 0.1000000015
16441  42.829  -56.826  -18.052 0.1000000015
16442  42.005  -56.392  -18.080 0.1000000015
16444  39.722  -57.011  -18.871 0.1000000015
17297  38.991  -57.008  -19.170 0.1000000015
17287  38.883  -56.502  -19.364 0.1000000015
102649  38.412  -56.451  -19.942 0.1000000015
119991  40.326  -55.766  -20.228 0.1000000015
105342  38.955  -56.396  -20.678 0.1000000015
19151  40.973  -55.475  -21.212 0.1000000015
18196  40.668  -55.822  -20.743 0.1000000015
105198  41.075  -55.318  -21.874 0.1000000015
19159  46.286  -55.017  -22.643 0.1000000015
18208  48.187  -55.600  -22.998 0.1000000015
108391  42.753  -57.593  -17.219 0.1000000015
122305  41.321  -56.350  -17.614 0.1000000015
17258  40.672  -55.860  -16.637 0.1000000015
114112  40.413  -56.395  -18.649 0.1000000015
17284  40.925  -56.061  -18.049 0.1000000015
17286  39.738  -56.478  -19.134 0.1000000015
18176  39.231  -56.184  -19.507 0.1000000015
18187  38.857  -56.011  -19.877 0.1000000015
18197  39.448  -56.069  -20.118 0.1000000015
19138  41.028  -55.108  -20.687 0.1000000015
20151  41.921  -54.033  -21.514 0.1000000015
19137  41.351  -54.612  -21.108 0.1000000015
20149  43.796  -53.436  -21.738 0.1000000015
20150  42.830  -53.813  -21.553 0.1000000015
19158  47.520  -55.158  -22.667 0.1000000015
18207  48.669  -55.503  -22.937 0.1000000015
18144  40.328  -55.166  -16.663 0.1000000015
17274  40.728  -55.561  -17.481 0.1000000015
17285  40.715  -55.630  -18.407 0.1000000015
108321  40.552  -54.770  -18.413 0.1000000015
18186  40.005  -56.037  -19.731 0.1000000015
19131  40.387  -55.337  -19.735 0.1000000015
19139  40.736  -54.882  -20.137 0.1000000015
20147  46.707  -53.936  -21.860 0.1000000015
20148  44.971  -53.548  -21.741 0.1000000015
20137  42.385  -53.447  -21.103 0.1000000015
20166  47.711  -54.632  -22.292 0.1000000015
18164  40.495  -54.885  -17.450 0.1000000015
20100  40.422  -53.299  -17.018 0.1000000015
19114  40.356  -54.097  -17.515 0.1000000015
21078  41.025  -52.464  -18.587 0.1000000015
21079  40.754  -52.795  -18.229 0.1000000015
19123  40.380  -53.998  -18.518 0.1000000015
102668  41.285  -52.190  -19.004 0.1000000015
20140  40.385  -54.220  -19.418 0.1000000015
119026  40.602  -53.995  -19.825 0.1000000015
106003  45.762  -53.268  -21.616 0.1000000015
21102  45.107  -52.892  -21.162 0.1000000015
20136  43.097  -53.328  -21.231 0.1000000015
21087  42.905  -52.854  -20.804 0.1000000015
20138  41.598  -53.638  -20.901 0.1000000015
21116  48.612  -53.596  -22.068 0.1000000015
21103  43.626  -52.826  -21.129 0.1000000015
22010  41.797  -51.652  -19.022 0.1000000015
103209  40.636  -52.904  -18.889 0.1000000015
102666  40.461  -53.384  -18.658 0.1000000015
21081  41.785  -52.248  -19.743 0.1000000015
21082  41.069  -52.756  -19.497 0.1000000015
21086  44.060  -52.300  -20.800 0.1000000015
22016  42.748  -52.132  -20.180 0.1000000015
21089  41.330  -53.095  -20.246 0.1000000015
117513  43.404  -52.401  -20.658 0.1000000015
21088  42.095  -52.865  -20.550 0.1000000015
114208  31.313  -64.526  -29.532 0.1000000015
104425  31.309  -62.170  -28.933 0.1000000015
109091  30.914  -62.203  -29.739 0.1000000015
13982  33.293  -60.680  -32.891 0.1000000015
13034  30.677  -61.497  -30.069 0.1000000015
13973  33.700  -60.331  -32.317 0.1000000015
14870  30.983  -59.469  -31.106 0.1000000015
107502  30.475  -60.814  -30.528 0.1000000015
13960  30.450  -60.234  -32.012 0.1000000015
13975  30.397  -60.343  -32.757 0.1000000015
7696  37.742  -67.728  -25.371 0.1000000015
11097  30.079  -63.506  -29.790 0.1000000015
11081  31.766  -63.679  -28.905 0.1000000015
13036  30.162  -61.570  -30.581 0.1000000015
8502  39.534  -66.699  -24.681 0.1000000015
10191  38.619  -65.431  -27.139 0.1000000015
11066  34.656  -63.922  -27.310 0.1000000015
111607  33.305  -63.966  -27.864 0.1000000015
15746  34.371  -58.697  -31.020 0.1000000015
14869  31.433  -59.179  -30.683 0.1000000015
9369  39.549  -65.800  -26.108 0.1000000015
9358  40.237  -65.290  -25.758 0.1000000015
10187  39.042  -64.924  -27.208 0.1000000015
10189  37.435  -64.832  -26.888 0.1000000015
10193  36.753  -65.330  -27.368 0.1000000015
11056  38.348  -64.282  -26.666 0.1000000015
11057  36.696  -64.161  -26.617 0.1000000015
15705  31.900  -58.904  -29.320 0.1000000015
13954  31.211  -60.330  -29.524 0.1000000015
122741  33.863  -58.441  -29.608 0.1000000015
11050  37.737  -63.650  -25.835 0.1000000015
12046  35.771  -62.809  -26.370 0.1000000015
10177  42.080  -64.411  -24.809 0.1000000015
13940  31.903  -60.684  -28.028 0.1000000015
13929  33.114  -60.487  -26.977 0.1000000015
15703  33.555  -58.365  -28.875 0.1000000015
12039  40.374  -63.456  -25.328 0.1000000015
11000  41.964  -63.774  -22.493 0.1000000015
11047  41.367  -63.914  -25.469 0.1000000015
107269  37.096  -62.801  -25.356 0.1000000015
13004  36.452  -61.797  -25.166 0.1000000015
12028  43.176  -63.035  -23.834 0.1000000015
12035  39.670  -62.598  -24.921 0.1000000015
12995  40.760  -62.181  -24.272 0.1000000015
12037  37.476  -62.039  -24.804 0.1000000015
12981  39.981  -61.615  -23.802 0.1000000015
13916  37.228  -60.604  -24.176 0.1000000015
13919  35.043  -59.919  -25.254 0.1000000015
15674  34.206  -58.177  -26.825 0.1000000015
16550  38.194  -58.138  -28.432 0.1000000015
15716  38.139  -58.872  -29.266 0.1000000015
15733  37.918  -58.748  -29.805 0.1000000015
11979  44.498  -62.591  -22.130 0.1000000015
12027  43.850  -62.555  -23.218 0.1000000015
14813  38.202  -60.214  -23.440 0.1000000015
14825  35.889  -59.188  -24.299 0.1000000015
16516  34.798  -57.781  -26.331 0.1000000015
13889  41.231  -60.306  -22.216 0.1000000015
13895  39.771  -60.492  -23.035 0.1000000015
106684  38.426  -59.645  -22.659 0.1000000015
15654  36.449  -58.517  -23.323 0.1000000015
107209  35.517  -57.556  -25.104 0.1000000015
16488  36.139  -57.394  -24.479 0.1000000015
18284  38.021  -56.061  -26.970 0.1000000015
106435  39.000  -56.795  -27.617 0.1000000015
16549  39.060  -58.174  -28.569 0.1000000015
13873  43.592  -60.095  -20.912 0.1000000015
113185  44.054  -59.981  -19.927 0.1000000015
108596  36.648  -57.217  -23.729 0.1000000015
17322  37.479  -56.461  -23.200 0.1000000015
17369  36.652  -57.095  -26.256 0.1000000015
18262  38.567  -55.898  -25.450 0.1000000015
17382  40.653  -56.803  -27.403 0.1000000015
16548  40.498  -57.907  -28.295 0.1000000015
16531  41.045  -57.426  -27.807 0.1000000015
14776  41.373  -59.579  -20.389 0.1000000015
103320  37.532  -58.145  -22.351 0.1000000015
17315  37.708  -56.810  -22.606 0.1000000015
103554  40.344  -55.549  -25.811 0.1000000015
17381  42.891  -57.720  -27.446 0.1000000015
122133  41.413  -56.768  -27.181 0.1000000015
17364  42.435  -56.964  -26.893 0.1000000015
16514  44.266  -58.119  -26.999 0.1000000015
14756  42.091  -59.402  -19.413 0.1000000015
15629  38.751  -57.636  -21.016 0.1000000015
17314  38.366  -56.977  -21.857 0.1000000015
19174  41.795  -55.302  -23.096 0.1000000015
18244  42.424  -55.643  -24.470 0.1000000015
18261  40.153  -55.167  -25.151 0.1000000015
107884  39.337  -55.466  -24.843 0.1000000015
18247  39.996  -54.982  -24.233 0.1000000015
18229  38.612  -55.586  -23.408 0.1000000015
18243  43.230  -55.794  -24.843 0.1000000015
103668  41.681  -55.923  -25.590 0.1000000015
117389  45.881  -55.335  -22.979 0.1000000015
17350  42.355  -56.339  -25.957 0.1000000015
124364  42.900  -56.240  -25.565 0.1000000015
18222  45.982  -55.807  -23.481 0.1000000015
17348  44.617  -57.067  -25.621 0.1000000015
17362  43.993  -57.316  -26.286 0.1000000015
103473  45.342  -58.117  -27.110 0.1000000015
16513  45.043  -57.723  -26.474 0.1000000015
19164  39.693  -55.999  -21.666 0.1000000015
19161  42.119  -54.960  -22.538 0.1000000015
19150  41.536  -54.790  -21.831 0.1000000015
19162  41.403  -55.186  -22.446 0.1000000015
18209  47.027  -55.586  -23.168 0.1000000015
16456  38.519  -57.177  -19.720 0.1000000015
18198  38.637  -56.253  -20.138 0.1000000015
19145  46.630  -54.561  -22.250 0.1000000015
20139  40.992  -54.082  -20.441 0.1000000015
19124  40.323  -54.817  -19.172 0.1000000015
20194  45.389  -52.931  -26.023 0.4000000060
20225  45.875  -53.810  -29.377 0.3000000119
20213  46.014  -53.693  -28.623 0.3000000119
20206  45.717  -53.359  -27.704 0.3000000119
20200  45.272  -52.796  -27.023 0.4000000060
20207  45.061  -52.849  -27.998 0.3000000119
21156  44.466  -52.575  -26.250 0.4000000060
113121  37.880  -62.230  -36.030 0.1000000015
14006  38.920  -61.264  -36.403 0.1000000015
114284  39.354  -59.424  -36.190 0.2000000030
17433  40.960  -57.477  -34.435 0.3000000119
21149  41.862  -52.143  -25.794 0.4000000060
19214  47.101  -54.224  -29.712 0.3000000119
122238  41.814  -53.038  -31.097 0.4000000060
16586  40.430  -57.814  -35.202 0.2000000030
18322  40.714  -56.206  -33.309 0.3000000119
20259  41.499  -53.607  -31.418 0.4000000060
20229  41.799  -52.652  -30.301 0.4000000060
21167  41.939  -51.638  -27.657 0.4000000060
12118  37.570  -63.047  -35.806 0.1000000015
15779  39.524  -58.604  -36.013 0.3000000119
20244  41.173  -53.110  -30.837 0.4000000060
21180  41.752  -51.792  -28.866 0.4000000060
109946  42.100  -51.605  -28.314 0.4000000060
22069  41.307  -51.647  -25.087 0.5000000000
16598  39.962  -58.105  -35.790 0.3000000119
21192  41.285  -52.205  -29.521 0.4000000060
103376  41.674  -51.185  -23.435 0.4000000060
23854  42.718  -49.984  -23.066 0.4000000060
19239  40.940  -54.272  -31.715 0.4000000060
122556  40.838  -53.699  -31.166 0.4000000060
21181  40.815  -51.847  -28.846 0.4000000060
119902  41.220  -51.716  -27.382 0.4000000060
21158  41.690  -51.939  -26.773 0.5000000000
113320  36.678  -62.225  -36.000 0.2000000030
14007  37.461  -60.649  -36.252 0.2000000030
116897  39.069  -58.097  -35.735 0.2000000030
108083  38.477  -60.118  -36.268 0.2000000030
18323  39.613  -55.871  -33.350 0.3000000119
18313  40.027  -55.376  -32.803 0.3000000119
12119  36.305  -63.126  -35.857 0.1000000015
20230  40.757  -52.692  -30.156 0.4000000060
17434  39.717  -57.204  -34.439 0.3000000119
19240  39.963  -54.344  -31.727 0.4000000060
21193  40.332  -52.357  -29.438 0.4000000060
21150  41.074  -51.692  -25.994 0.5000000000
22070  40.807  -51.487  -24.432 0.5000000000
22975  41.968  -50.311  -23.078 0.4000000060
19227  40.230  -53.464  -30.612 0.4000000060
111527  40.280  -51.860  -28.173 0.4000000060
21159  40.772  -51.733  -26.767 0.5000000000
116518  40.549  -51.510  -25.199 0.5000000000
113491  41.435  -50.865  -23.142 0.4000000060
13069  37.038  -61.463  -36.156 0.2000000030
112435  38.141  -59.165  -36.069 0.2000000030
15780  38.450  -58.493  -35.862 0.2000000030
16587  39.139  -57.616  -35.202 0.4000000060
16599  38.402  -57.952  -35.378 0.2000000030
17429  39.122  -56.401  -33.875 0.3000000119
17435  38.566  -57.016  -34.359 0.4000000060
21160  39.918  -51.624  -26.794 0.5000000000
22057  40.276  -51.434  -23.720 0.5000000000
23840  41.898  -49.530  -22.913 0.4000000060
23855  42.183  -48.960  -23.127 0.4000000060
18324  38.606  -55.596  -33.451 0.4000000060
20260  39.568  -53.866  -31.132 0.4000000060
20231  39.770  -52.689  -30.061 0.4000000060
22087  40.209  -51.519  -25.998 0.5000000000
13070  35.949  -61.437  -35.908 0.2000000030
103725  37.259  -59.540  -36.151 0.2000000030
24742  41.739  -48.553  -23.331 0.4000000060
16600  37.576  -57.992  -35.357 0.2000000030
19258  39.512  -54.591  -32.423 0.3000000119
20245  39.198  -53.034  -30.699 0.4000000060
116938  40.038  -52.193  -28.786 0.4000000060
109757  35.551  -62.238  -36.011 0.2000000030
119741  36.175  -59.972  -36.133 0.2000000030
16588  37.991  -57.593  -34.779 0.3000000119
17436  37.555  -56.791  -34.471 0.4000000060
24763  42.076  -47.653  -24.011 0.4000000060
21169  39.660  -51.795  -27.541 0.5000000000
119999  39.630  -51.497  -24.236 0.5000000000
123098  43.139  -46.638  -26.847 0.4000000060
13078  34.708  -62.296  -36.477 0.2000000030
120021  36.379  -60.816  -36.051 0.2000000030
20261  38.637  -53.433  -31.329 0.4000000060
21194  39.282  -52.270  -29.281 0.4000000060
22976  39.983  -50.760  -22.907 0.5000000000
24743  40.950  -48.492  -22.911 0.4000000060
114763  45.066  -42.756  -28.050 0.4000000060
14008  35.545  -60.646  -36.042 0.2000000030
15781  37.220  -58.515  -35.862 0.2000000030
16601  36.602  -57.666  -35.546 0.2000000030
18315  38.155  -54.803  -33.154 0.4000000060
22097  38.995  -51.540  -26.880 0.5000000000
104366  38.632  -51.300  -25.333 0.5000000000
12128  34.477  -63.176  -36.827 0.2000000030
17430  38.045  -56.272  -33.813 0.4000000060
19259  38.583  -54.298  -32.613 0.3000000119
21182  39.421  -52.049  -28.321 0.5000000000
22088  39.268  -51.489  -26.029 0.5000000000
23841  40.756  -50.034  -22.573 0.5000000000
12145  34.125  -63.052  -37.603 0.2000000030
28540  43.135  -44.730  -27.932 0.4000000060
112959  44.134  -42.686  -27.868 0.2000000030
25688  42.766  -46.603  -26.140 0.4000000060
25654  41.635  -46.957  -24.421 0.4000000060
16589  37.042  -57.178  -35.184 0.4000000060
23856  39.854  -49.705  -22.653 0.4000000060
24764  41.370  -47.744  -23.776 0.4000000060
13071  35.033  -61.309  -36.199 0.2000000030
14923  36.207  -58.990  -35.949 0.2000000030
15782  36.176  -58.168  -35.770 0.2000000030
14009  34.861  -60.388  -36.267 0.2000000030
26623  42.560  -46.140  -26.019 0.4000000060
25676  41.489  -46.644  -24.535 0.4000000060
109236  40.833  -46.753  -24.073 0.4000000060
20232  38.751  -52.539  -30.119 0.3000000119
22089  38.341  -51.346  -26.207 0.5000000000
22072  38.833  -51.181  -24.302 0.5000000000
24765  40.465  -47.732  -23.388 0.4000000060
18335  37.175  -55.972  -34.153 0.4000000060
19242  37.979  -53.727  -31.996 0.4000000060
20246  38.212  -52.920  -30.730 0.3000000119
21195  38.123  -52.333  -29.387 0.4000000060
18325  37.678  -55.372  -33.626 0.4000000060
22098  38.007  -51.565  -27.006 0.5000000000
14924  35.289  -59.319  -36.021 0.2000000030
26624  41.913  -46.070  -24.944 0.4000000060
23857  38.959  -49.434  -23.095 0.5000000000
22994  38.268  -50.413  -23.987 0.5000000000
21204  37.680  -52.657  -30.072 0.4000000060
21183  38.448  -52.062  -28.553 0.5000000000
22080  38.146  -50.605  -25.023 0.5000000000
21171  37.662  -51.722  -27.895 0.5000000000
21184  37.462  -52.015  -28.792 0.5000000000
21179  42.747  -51.691  -28.858 0.4000000060
115758  42.972  -45.886  -26.874 0.4000000060
25675  41.909  -46.232  -24.847 0.4000000060
118295  38.024  -50.984  -25.761 0.5000000000
19235  44.350  -54.975  -31.254 0.3000000119
19224  44.886  -54.505  -30.424 0.3000000119
20226  44.684  -53.535  -29.371 0.2000000030
120789  43.466  -56.914  -32.592 0.2000000030
19236  43.419  -54.614  -31.586 0.3000000119
18302  42.990  -55.116  -32.255 0.3000000119
19226  42.999  -53.861  -31.165 0.3000000119
17419  42.824  -56.599  -33.384 0.2000000030
17420  42.763  -56.555  -33.565 0.2000000030
19255  42.283  -54.924  -32.361 0.2000000030
112868  40.570  -58.873  -36.021 0.2000000030
11206  34.619  -63.899  -38.146 0.1000000015
11219  35.118  -64.055  -39.039 0.1000000015
17467  34.153  -56.605  -37.215 0.1000000015
18296  45.989  -55.294  -30.442 0.1000000015
19215  46.688  -54.006  -29.945 0.2000000030
19216  45.519  -54.019  -29.892 0.2000000030
18297  45.195  -55.263  -30.790 0.2000000030
16568  44.665  -57.351  -31.089 0.1000000015
17413  44.029  -56.376  -32.053 0.1000000015
18300  44.585  -55.740  -31.499 0.2000000030
16569  44.060  -57.388  -31.692 0.1000000015
16570  43.408  -57.714  -32.369 0.1000000015
12127  35.218  -63.199  -36.207 0.1000000015
14931  34.217  -59.194  -36.663 0.1000000015
15794  34.102  -58.330  -36.495 0.1000000015
118342  34.166  -57.826  -36.179 0.1000000015
17446  34.343  -56.379  -35.800 0.1000000015
106752  34.154  -59.489  -37.435 0.1000000015
16614  34.031  -57.602  -36.467 0.1000000015
17452  34.018  -56.668  -36.477 0.1000000015
18344  34.662  -55.638  -35.346 0.1000000015
17453  34.078  -57.342  -37.031 0.1000000015
19287  34.053  -54.739  -36.056 0.1000000015
114458  34.601  -53.834  -34.578 0.1000000015
112014  34.152  -54.248  -35.393 0.1000000015
20299  34.589  -52.975  -34.540 0.1000000015
17411  45.304  -55.917  -31.025 0.2000000030
17412  44.660  -56.584  -31.425 0.1000000015
17437  36.655  -56.387  -34.870 0.1000000015
118066  34.658  -60.747  -36.563 0.1000000015
14016  34.430  -60.021  -36.648 0.1000000015
15783  35.284  -58.479  -35.888 0.1000000015
17444  36.062  -56.880  -35.300 0.1000000015
123777  36.113  -54.895  -34.384 0.2000000030
20277  37.181  -53.482  -32.492 0.3000000119
21205  36.750  -52.672  -30.032 0.3000000119
21197  36.250  -52.437  -29.654 0.3000000119
13080  34.302  -61.551  -37.289 0.1000000015
17445  34.969  -56.619  -35.454 0.1000000015
18337  35.451  -55.209  -34.779 0.1000000015
19272  36.333  -54.248  -33.888 0.2000000030
21215  36.342  -52.672  -31.289 0.3000000119
14023  34.350  -60.754  -38.004 0.1000000015
19284  35.372  -54.455  -34.372 0.1000000015
122753  35.602  -52.494  -33.036 0.2000000030
21207  35.830  -52.337  -30.636 0.3000000119
19274  35.017  -53.226  -34.118 0.1000000015
21228  35.219  -52.065  -33.338 0.2000000030
22134  35.756  -51.712  -31.045 0.4000000060
21251  34.605  -52.458  -35.104 0.1000000015
21229  34.981  -51.976  -33.908 0.1000000015
22147  35.204  -51.357  -32.817 0.3000000119
17319  48.304  -56.947  -23.895 0.1000000015
16499  48.125  -58.369  -25.423 0.1000000015
22995  37.810  -49.929  -24.506 0.4000000060
22090  37.433  -51.005  -26.471 0.4000000060
21196  37.107  -52.393  -29.476 0.3000000119
22108  36.861  -51.594  -28.395 0.4000000060
22099  36.902  -51.251  -27.788 0.4000000060
22116  35.979  -51.846  -29.299 0.4000000060
23023  36.084  -50.349  -28.090 0.4000000060
22126  35.676  -51.725  -30.232 0.4000000060
23035  35.693  -50.833  -29.828 0.5000000000
22143  35.794  -51.560  -31.993 0.3000000119
23050  35.749  -50.946  -30.584 0.5000000000
21250  35.059  -51.968  -35.615 0.2000000030
22153  35.093  -51.667  -34.282 0.1000000015
23059  36.269  -50.518  -31.828 0.4000000060
20321  35.182  -53.107  -36.861 0.1000000015
21249  35.821  -51.757  -35.871 0.1000000015
22152  35.306  -50.953  -34.029 0.2000000030
23078  35.244  -50.739  -33.237 0.2000000030
104495  36.240  -54.034  -37.592 0.1000000015
20338  36.157  -53.233  -37.128 0.1000000015
22151  35.917  -50.765  -34.500 0.2000000030
19326  36.562  -54.809  -37.873 0.1000000015
108920  36.916  -53.611  -37.453 0.1000000015
24745  38.583  -48.537  -23.037 0.4000000060
24744  39.793  -48.624  -22.704 0.3000000119
24766  37.656  -48.470  -23.709 0.4000000060
23016  36.878  -50.218  -26.355 0.4000000060
22081  37.560  -50.486  -25.789 0.4000000060
23022  36.514  -50.567  -27.274 0.4000000060
23894  37.089  -49.223  -25.494 0.4000000060
22110  35.878  -50.833  -28.974 0.4000000060
23915  36.081  -49.262  -28.868 0.4000000060
23916  35.896  -49.911  -28.455 0.4000000060
23924  36.078  -49.386  -29.700 0.5000000000
23937  36.313  -49.689  -30.431 0.4000000060
23070  36.066  -50.207  -32.825 0.3000000119
23946  36.720  -50.032  -31.202 0.4000000060
22168  37.932  -51.247  -35.773 0.2000000030
22192  37.028  -51.810  -35.860 0.2000000030
23976  36.687  -49.866  -33.533 0.2000000030
21269  37.490  -52.417  -36.526 0.1000000015
21270  36.420  -52.465  -36.519 0.2000000030
119363  38.208  -47.813  -23.335 0.4000000060
25639  39.253  -47.625  -23.204 0.4000000060
24783  37.070  -48.570  -25.245 0.4000000060
24791  36.169  -48.152  -26.713 0.4000000060
124053  36.444  -47.872  -26.130 0.4000000060
24797  36.341  -48.381  -27.560 0.4000000060
24809  36.508  -48.628  -29.321 0.4000000060
24799  36.519  -48.521  -28.447 0.4000000060
24822  36.702  -48.908  -30.072 0.3000000119
23945  37.704  -49.837  -31.407 0.4000000060
23936  37.234  -49.448  -30.705 0.4000000060
23975  37.716  -49.446  -33.301 0.3000000119
115103  36.943  -49.755  -32.793 0.3000000119
23959  36.902  -50.030  -32.031 0.4000000060
22191  38.609  -51.647  -36.330 0.2000000030
22167  38.983  -50.929  -35.749 0.2000000030
23107  37.595  -50.689  -35.175 0.2000000030
23994  36.599  -50.220  -34.246 0.2000000030
21268  38.285  -52.328  -36.775 0.2000000030
16647  39.669  -57.716  -39.635 0.1000000015
16631  39.337  -57.178  -39.050 0.1000000015
17473  39.413  -56.296  -38.829 0.1000000015
26608  40.947  -46.202  -24.423 0.3000000119
27535  38.865  -46.217  -23.673 0.4000000060
25656  39.302  -46.907  -23.552 0.3000000119
26610  37.404  -46.627  -24.844 0.4000000060
103840  37.296  -46.294  -26.780 0.4000000060
25677  37.058  -47.082  -25.448 0.4000000060
25700  36.544  -47.573  -27.341 0.4000000060
25689  36.687  -47.206  -26.402 0.4000000060
25720  36.899  -47.941  -28.943 0.4000000060
25706  36.889  -47.855  -28.120 0.4000000060
24821  37.633  -48.689  -30.338 0.4000000060
24808  37.102  -48.167  -29.725 0.3000000119
23956  39.236  -48.885  -32.800 0.3000000119
24851  38.937  -48.768  -32.130 0.3000000119
23944  38.399  -49.441  -31.727 0.3000000119
24833  38.182  -49.284  -30.936 0.3000000119
23104  40.628  -50.525  -35.255 0.2000000030
23105  39.709  -50.413  -35.226 0.2000000030
114337  39.118  -49.390  -34.034 0.3000000119
23974  38.717  -49.163  -33.416 0.2000000030
23957  38.488  -49.218  -32.639 0.3000000119
23958  37.814  -49.778  -32.216 0.3000000119
23087  38.071  -50.060  -34.768 0.2000000030
22190  39.544  -51.519  -36.315 0.2000000030
117865  41.411  -44.662  -25.566 0.3000000119
28503  41.270  -43.883  -25.707 0.3000000119
27561  41.093  -45.317  -24.920 0.3000000119
27547  40.235  -45.400  -24.208 0.4000000060
26609  39.959  -46.303  -23.806 0.3000000119
28506  38.019  -45.078  -25.680 0.3000000119
27562  38.406  -44.919  -24.817 0.4000000060
104558  37.694  -44.730  -27.225 0.4000000060
27576  37.712  -45.362  -26.608 0.4000000060
26625  37.232  -46.426  -25.724 0.4000000060
27585  37.439  -45.706  -27.510 0.4000000060
26638  36.864  -46.933  -27.297 0.4000000060
26679  37.302  -46.836  -29.042 0.3000000119
26662  37.224  -46.911  -28.347 0.4000000060
26647  37.205  -46.566  -27.741 0.4000000060
25748  39.608  -47.151  -31.438 0.3000000119
26701  38.831  -46.693  -31.026 0.2000000030
26691  38.219  -46.490  -30.252 0.2000000030
25718  37.870  -47.008  -29.653 0.3000000119
24850  39.697  -48.416  -32.317 0.3000000119
24831  39.239  -48.011  -31.767 0.3000000119
25749  38.793  -47.618  -31.181 0.2000000030
24820  38.322  -48.264  -30.687 0.2000000030
25735  37.853  -47.845  -29.976 0.2000000030
23989  41.881  -49.561  -34.140 0.2000000030
23971  41.422  -49.111  -33.559 0.3000000119
23972  40.474  -49.199  -33.489 0.3000000119
23955  40.083  -48.794  -32.909 0.3000000119
29448  42.461  -43.944  -27.291 0.3000000119
28531  42.801  -44.784  -27.330 0.3000000119
28522  42.065  -44.451  -26.382 0.3000000119
28541  37.362  -44.999  -28.173 0.3000000119
108079  38.337  -45.197  -31.196 0.2000000030
28561  37.692  -44.614  -30.630 0.2000000030
27616  37.487  -44.974  -29.758 0.2000000030
104377  37.283  -45.288  -29.003 0.2000000030
28578  39.322  -44.814  -32.330 0.2000000030
104205  38.410  -46.003  -30.865 0.2000000030
27615  37.871  -45.582  -30.403 0.2000000030
29469  43.167  -43.006  -27.768 0.2000000030
19301  37.205  -54.199  -37.770 0.1000000015
22166  40.022  -51.058  -35.715 0.2000000030
20208  44.459  -51.974  -28.373 0.3000000119
20227  43.824  -53.107  -29.534 0.3000000119
19217  44.423  -53.760  -30.113 0.3000000119
18311  42.003  -55.892  -32.682 0.2000000030
17331  48.657  -57.233  -24.327 0.1000000015
18293  46.829  -54.559  -30.158 0.2000000030
19260  37.737  -54.039  -32.939 0.3000000119
29457  42.809  -43.973  -27.852 0.3000000119
16602  35.381  -57.551  -35.696 0.1000000015
114345  40.170  -47.127  -23.705 0.3000000119
20247  37.150  -52.765  -30.811 0.2000000030
19271  37.322  -54.477  -33.545 0.2000000030
15784  34.545  -58.832  -36.192 0.1000000015
18301  43.750  -55.462  -31.937 0.2000000030
19225  43.985  -54.109  -30.908 0.3000000119
17418  43.312  -56.068  -32.493 0.1000000015
18310  42.680  -55.978  -32.660 0.2000000030
14017  34.342  -60.640  -37.001 0.1000000015
15795  33.952  -58.824  -37.092 0.1000000015
106450  34.490  -58.053  -35.989 0.1000000015
120662  34.208  -54.994  -35.540 0.1000000015
19273  35.473  -53.705  -33.980 0.1000000015
18336  36.359  -55.568  -34.610 0.2000000030
20262  37.178  -53.058  -31.694 0.3000000119
20278  36.590  -53.283  -32.849 0.3000000119
21198  35.798  -52.275  -29.930 0.4000000060
110295  36.401  -50.977  -28.219 0.4000000060
20287  36.128  -53.484  -33.384 0.3000000119
117734  36.158  -52.527  -32.044 0.3000000119
21225  35.680  -52.125  -32.489 0.3000000119
23878  37.375  -49.131  -24.579 0.4000000060
23912  36.049  -49.787  -27.575 0.4000000060
22169  36.346  -51.281  -35.215 0.2000000030
24767  37.236  -48.182  -24.583 0.4000000060
116210  36.160  -48.920  -26.526 0.4000000060
23106  38.298  -50.591  -35.394 0.2000000030
25657  37.708  -47.007  -24.232 0.4000000060
23993  37.386  -49.748  -34.141 0.2000000030
117469  38.897  -50.184  -35.163 0.2000000030
27549  38.489  -45.540  -24.207 0.4000000060
27548  39.307  -45.430  -23.891 0.4000000060
27563  37.715  -45.740  -24.972 0.4000000060
25760  40.085  -47.630  -32.032 0.3000000119
23990  40.877  -49.648  -34.038 0.2000000030
23991  39.992  -49.664  -33.943 0.2000000030
29421  39.663  -43.738  -24.737 0.4000000060
27596  37.261  -46.076  -28.492 0.4000000060
26678  37.544  -46.045  -29.523 0.2000000030
26709  40.271  -46.201  -32.062 0.2000000030
27627  39.636  -46.314  -31.601 0.2000000030
27628  38.819  -45.952  -31.340 0.2000000030
25734  38.429  -47.312  -30.365 0.2000000030
28490  38.966  -44.234  -24.693 0.3000000119
29435  40.470  -43.407  -24.993 0.2000000030
29436  39.667  -43.031  -25.202 0.3000000119
29449  41.977  -43.394  -26.535 0.2000000030
108521  42.275  -42.533  -26.867 0.2000000030
17426  42.557  -56.842  -34.212 0.1000000015
15767  42.327  -58.106  -35.175 0.1000000015
16581  42.096  -57.415  -34.684 0.1000000015
17405  46.575  -55.476  -30.098 0.1000000015
15778  41.625  -59.172  -36.152 0.1000000015
16597  41.095  -58.407  -35.683 0.1000000015
30343  43.564  -42.089  -27.802 0.1000000015
124092  42.759  -42.299  -27.710 0.1000000015
32192  43.605  -39.868  -28.403 0.1000000015
31249  43.087  -40.811  -28.194 0.1000000015
29458  42.668  -43.049  -27.495 0.1000000015
30344  42.329  -41.540  -27.992 0.1000000015
30334  42.421  -41.776  -27.770 0.1000000015
31232  41.899  -41.125  -26.994 0.1000000015
118817  41.144  -43.116  -25.663 0.1000000015
107464  40.414  -42.692  -25.514 0.2000000030
30327  41.756  -41.864  -26.507 0.1000000015
32173  41.277  -40.421  -26.745 0.2000000030
29451  38.339  -43.411  -26.064 0.2000000030
31233  40.889  -41.242  -26.381 0.2000000030
30328  40.351  -42.013  -26.027 0.2000000030
30329  39.175  -42.113  -26.197 0.2000000030
29422  38.980  -43.511  -25.227 0.2000000030
33087  40.119  -39.725  -26.811 0.2000000030
31234  39.632  -41.449  -26.472 0.2000000030
30319  38.618  -42.588  -26.493 0.2000000030
28523  38.052  -44.449  -26.302 0.2000000030
29452  37.921  -43.888  -26.886 0.2000000030
29460  37.619  -43.905  -27.859 0.2000000030
123512  37.496  -43.689  -29.272 0.1000000015
33086  40.860  -39.640  -26.734 0.2000000030
29459  38.175  -43.150  -27.172 0.2000000030
30336  37.942  -43.054  -28.048 0.1000000015
30345  37.993  -41.909  -28.774 0.1000000015
29470  37.587  -43.435  -28.737 0.1000000015
30333  42.587  -42.307  -27.600 0.1000000015
31248  43.989  -41.099  -28.135 0.1000000015
32191  44.239  -40.079  -28.357 0.1000000015
32183  42.836  -40.224  -28.169 0.1000000015
31241  39.244  -40.998  -26.979 0.2000000030
24847  42.060  -48.082  -32.761 0.2000000030
24849  40.523  -48.181  -32.552 0.2000000030
24848  41.333  -48.055  -32.737 0.2000000030
24866  42.582  -48.427  -33.163 0.2000000030
25767  42.569  -47.649  -33.090 0.2000000030
25759  40.868  -47.330  -32.488 0.2000000030
25758  41.722  -47.474  -32.779 0.2000000030
26707  41.385  -46.765  -32.855 0.2000000030
26715  43.402  -47.482  -33.622 0.2000000030
25747  40.263  -46.827  -31.920 0.2000000030
26717  41.625  -46.461  -33.428 0.1000000015
118948  42.180  -46.647  -33.662 0.2000000030
26718  41.020  -46.167  -33.078 0.2000000030
27639  40.467  -45.802  -32.630 0.2000000030
27657  42.302  -45.857  -34.563 0.1000000015
27658  41.514  -45.622  -34.425 0.1000000015
27659  40.763  -45.408  -34.204 0.1000000015
27676  43.035  -45.201  -36.144 0.1000000015
28610  43.383  -44.693  -36.865 0.1000000015
33871  41.280  -38.793  -27.011 0.1000000015
27651  39.962  -45.021  -33.013 0.1000000015
28595  41.019  -45.001  -34.903 0.1000000015
27650  40.602  -45.593  -33.420 0.1000000015
28602  42.254  -44.806  -35.803 0.1000000015
28603  41.408  -44.534  -35.600 0.1000000015
28621  42.967  -43.929  -37.229 0.1000000015
109553  41.857  -44.051  -36.242 0.1000000015
29543  43.307  -43.604  -38.003 0.1000000015
33884  40.552  -37.899  -27.162 0.1000000015
35424  41.723  -36.637  -27.922 0.1000000015
125448  40.948  -38.329  -26.892 0.1000000015
28569  38.693  -44.554  -31.798 0.1000000015
27640  39.833  -45.587  -32.170 0.1000000015
28596  40.341  -44.683  -34.492 0.1000000015
28587  39.784  -44.396  -33.859 0.1000000015
29544  42.561  -43.221  -37.629 0.1000000015
29532  42.252  -43.592  -36.880 0.1000000015
34622  41.269  -37.320  -27.534 0.1000000015
29513  38.470  -43.274  -33.554 0.1000000015
116011  38.790  -44.171  -32.340 0.1000000015
29527  38.825  -42.700  -35.153 0.1000000015
29512  39.178  -43.654  -34.072 0.1000000015
28588  39.140  -44.141  -33.112 0.1000000015
29526  39.555  -43.333  -35.592 0.1000000015
28597  39.733  -43.944  -34.716 0.1000000015
30430  40.304  -42.720  -37.016 0.1000000015
29525  40.191  -43.547  -36.120 0.1000000015
28612  40.982  -43.844  -36.138 0.1000000015
28604  40.418  -44.187  -35.414 0.1000000015
31335  41.007  -41.651  -37.777 0.1000000015
29545  41.059  -42.781  -37.133 0.1000000015
29534  40.548  -43.260  -36.675 0.1000000015
30429  41.392  -42.246  -37.651 0.1000000015
35425  41.099  -36.962  -28.051 0.1000000015
33097  40.458  -38.882  -26.923 0.1000000015
29496  38.130  -43.668  -31.926 0.1000000015
30431  39.964  -41.987  -36.908 0.1000000015
29535  39.711  -42.911  -36.505 0.1000000015
31336  40.504  -41.333  -37.410 0.1000000015
28560  37.893  -44.200  -31.351 0.1000000015
26728  42.608  -46.520  -34.110 0.1000000015
27664  42.656  -45.596  -35.355 0.1000000015
29533  41.470  -43.386  -36.711 0.1000000015
30453  42.132  -42.482  -38.036 0.1000000015
20366  44.394  -53.503  -39.307 0.1000000015
20351  45.259  -53.525  -38.937 0.1000000015
121784  44.365  -53.729  -39.889 0.1000000015
19334  43.499  -54.223  -40.230 0.1000000015
19357  42.493  -54.650  -41.528 0.1000000015
115450  40.881  -55.099  -41.783 0.1000000015
18403  38.868  -54.258  -41.780 0.1000000015
20352  43.673  -53.547  -39.045 0.1000000015
20331  44.742  -53.180  -38.630 0.1000000015
19346  42.647  -54.776  -40.871 0.1000000015
21263  45.717  -52.383  -37.298 0.1000000015
21264  44.944  -52.606  -37.105 0.1000000015
21282  43.415  -52.569  -37.640 0.1000000015
20353  42.794  -53.579  -38.660 0.1000000015
19319  43.469  -54.069  -39.565 0.1000000015
20364  45.890  -53.632  -39.095 0.1000000015
21265  44.047  -52.315  -37.122 0.1000000015
117156  42.698  -52.932  -38.104 0.1000000015
21279  45.916  -52.822  -38.036 0.1000000015
22184  46.233  -51.731  -36.583 0.1000000015
125394  47.125  -51.075  -35.771 0.1000000015
21278  46.403  -52.266  -38.329 0.1000000015
22200  46.374  -51.917  -37.382 0.1000000015
109304  47.361  -50.966  -36.395 0.1000000015
21281  44.408  -52.792  -37.805 0.1000000015
19370  39.055  -53.534  -42.052 0.1000000015
7705  38.364  -67.381  -25.273 0.1000000015
7715  37.779  -67.960  -26.337 0.1000000015
7725  37.665  -67.680  -27.119 0.1000000015
8503  39.018  -67.132  -24.962 0.1000000015
8512  39.005  -66.352  -26.362 0.1000000015
9338  40.737  -65.690  -24.864 0.1000000015
9359  40.101  -66.279  -25.101 0.1000000015
9375  38.076  -65.959  -27.324 0.1000000015
9377  36.122  -65.533  -27.678 0.1000000015
10157  41.552  -64.710  -23.344 0.1000000015
10159  39.841  -64.907  -22.852 0.1000000015
10166  41.972  -64.443  -24.053 0.1000000015
10182  41.834  -64.261  -25.289 0.1000000015
11064  36.316  -64.550  -27.215 0.1000000015
11218  35.179  -63.468  -39.214 0.2000000030
12034  42.073  -62.937  -24.904 0.1000000015
12041  38.234  -62.873  -25.278 0.1000000015
12063  31.590  -62.781  -28.721 0.1000000015
12072  29.866  -62.256  -30.348 0.1000000015
12146  34.173  -62.475  -38.013 0.2000000030
12996  39.819  -62.065  -24.365 0.1000000015
13000  36.249  -60.772  -24.788 0.1000000015
13007  34.311  -60.752  -26.024 0.1000000015
13016  33.431  -61.654  -27.076 0.1000000015
13079  34.542  -61.490  -36.736 0.1000000015
13100  35.180  -61.975  -38.928 0.1000000015
13885  44.774  -61.566  -21.356 0.1000000015
13892  43.047  -61.088  -22.629 0.1000000015
13902  37.870  -60.324  -23.865 0.1000000015
13915  38.137  -60.699  -24.148 0.1000000015
13971  35.394  -60.416  -32.345 0.1000000015
13986  30.117  -60.867  -33.055 0.1000000015
14024  34.329  -60.945  -37.565 0.1000000015
14040  34.660  -60.622  -38.330 0.2000000030
14752  45.128  -60.215  -18.205 0.1000000015
14815  36.600  -59.369  -23.677 0.1000000015
14827  34.441  -59.592  -25.497 0.1000000015
14847  33.247  -59.280  -27.244 0.1000000015
14848  32.278  -59.950  -27.840 0.1000000015
14849  31.893  -59.996  -28.394 0.1000000015
14860  31.362  -59.456  -29.921 0.1000000015
14867  35.760  -59.344  -30.634 0.1000000015
14884  30.874  -59.559  -31.827 0.1000000015
14906  32.146  -59.589  -32.904 0.1000000015
14925  34.679  -59.621  -36.296 0.2000000030
14932  34.102  -59.700  -37.034 0.1000000015
14940  34.231  -60.205  -37.508 0.1000000015
14950  36.685  -59.652  -38.664 0.1000000015
15583  43.627  -58.370  -17.872 0.1000000015
15596  43.742  -58.501  -18.225 0.1000000015
15701  36.010  -58.250  -28.682 0.1000000015
15721  32.391  -58.583  -29.694 0.1000000015
15736  33.712  -58.544  -30.314 0.1000000015
15738  32.026  -58.762  -30.981 0.1000000015
15747  33.459  -58.663  -31.127 0.1000000015
15813  36.647  -58.343  -38.684 0.1000000015
15825  38.329  -58.926  -39.718 0.1000000015
16433  42.489  -56.575  -18.064 0.1000000015
16443  40.724  -56.842  -18.446 0.1000000015
16463  38.409  -57.166  -20.336 0.1000000015
16504  35.438  -57.508  -25.877 0.1000000015
16536  36.116  -57.170  -27.060 0.1000000015
16585  41.615  -58.076  -35.219 0.1000000015
16603  34.381  -57.261  -35.946 0.1000000015
16615  33.948  -58.043  -36.897 0.1000000015
16633  37.996  -57.521  -38.829 0.1000000015
16635  35.334  -57.158  -38.365 0.1000000015
17288  38.553  -56.202  -19.790 0.1000000015
17289  38.745  -55.965  -19.752 0.1000000015
17298  38.478  -56.643  -19.692 0.1000000015
17299  38.489  -56.227  -19.824 0.1000000015
17332  48.372  -57.956  -24.325 0.1000000015
17361  48.641  -57.226  -25.741 0.2000000030
17365  41.698  -56.321  -26.423 0.1000000015
17366  40.715  -56.265  -26.929 0.1000000015
17367  40.133  -55.825  -26.512 0.1000000015
17384  38.253  -56.655  -27.532 0.1000000015
17392  48.025  -56.130  -28.119 0.2000000030
17406  45.791  -56.179  -30.414 0.2000000030
17421  41.851  -56.423  -33.404 0.2000000030
17428  40.261  -56.724  -33.822 0.3000000119
17438  35.720  -55.995  -35.116 0.2000000030
17476  37.034  -56.340  -38.643 0.1000000015
18175  40.283  -55.827  -19.138 0.1000000015
18188  38.507  -56.145  -19.904 0.1000000015
18206  48.871  -55.285  -22.694 0.2000000030
18221  47.917  -56.309  -23.486 0.1000000015
18223  44.399  -55.353  -23.425 0.1000000015
18228  39.869  -55.007  -23.270 0.1000000015
18281  48.553  -55.943  -27.564 0.2000000030
18282  48.316  -54.825  -27.600 0.3000000119
18292  47.120  -54.891  -29.774 0.1000000015
18314  39.057  -55.078  -32.933 0.3000000119
18326  36.839  -55.078  -34.030 0.2000000030
18338  34.629  -54.738  -34.938 0.1000000015
18374  39.633  -55.499  -38.688 0.1000000015
18375  38.769  -55.652  -38.414 0.2000000030
19173  49.103  -55.274  -23.203 0.1000000015
19223  45.963  -54.537  -30.304 0.2000000030
19241  39.075  -53.898  -32.025 0.4000000060
19257  40.462  -54.868  -32.246 0.4000000060
19261  36.940  -53.773  -33.279 0.3000000119
19324  38.509  -54.889  -38.095 0.2000000030
19325  37.742  -55.075  -37.998 0.2000000030
19335  42.633  -54.848  -40.011 0.1000000015
19347  42.075  -55.241  -41.356 0.1000000015
19358  41.947  -55.114  -41.808 0.1000000015
20122  40.580  -53.382  -17.901 0.1000000015
20191  47.687  -54.245  -24.967 0.2000000030
20214  44.848  -53.252  -28.709 0.3000000119
20258  42.210  -53.576  -31.496 0.4000000060
20263  36.594  -52.945  -32.193 0.3000000119
20279  36.029  -52.848  -32.776 0.3000000119
20288  35.467  -52.939  -33.512 0.2000000030
20289  35.012  -52.596  -33.991 0.1000000015
20313  34.227  -53.293  -35.344 0.1000000015
20330  45.645  -53.397  -38.544 0.1000000015
20332  43.678  -53.006  -38.416 0.1000000015
20335  39.964  -53.186  -37.825 0.2000000030
20365  45.131  -53.505  -39.465 0.1000000015
21072  40.710  -52.666  -17.393 0.1000000015
21090  40.822  -53.365  -19.861 0.1000000015
21125  43.293  -52.181  -24.091 0.5000000000
21129  50.322  -52.598  -25.273 0.1000000015
21166  42.826  -51.486  -28.095 0.4000000060
21168  40.523  -51.743  -27.476 0.4000000060
21170  38.706  -51.824  -27.674 0.5000000000
21185  36.616  -52.011  -29.041 0.3000000119
21206  36.097  -52.728  -30.309 0.4000000060
21216  35.875  -52.224  -31.549 0.3000000119
21234  34.858  -52.299  -34.450 0.1000000015
21271  35.228  -52.378  -36.351 0.1000000015
21280  45.278  -52.974  -37.900 0.1000000015
21286  37.280  -53.015  -37.033 0.1000000015
22002  42.181  -51.186  -18.542 0.1000000015
22004  40.830  -52.738  -18.839 0.1000000015
22054  43.936  -51.167  -23.564 0.5000000000
22056  41.034  -51.338  -23.658 0.4000000060
22071  39.500  -51.132  -23.686 0.5000000000
22079  39.579  -51.557  -25.059 0.5000000000
22109  36.293  -51.471  -28.761 0.4000000060
22117  35.771  -51.577  -29.656 0.4000000060
22148  35.013  -51.364  -33.582 0.1000000015
22161  46.660  -51.267  -35.794 0.2000000030
22162  45.851  -51.372  -35.961 0.2000000030
22170  35.532  -51.518  -34.902 0.2000000030
22171  35.034  -51.983  -34.896 0.1000000015
22186  43.688  -51.713  -36.573 0.2000000030
22187  42.359  -51.219  -35.983 0.3000000119
22203  39.124  -51.926  -36.997 0.2000000030
22898  51.998  -51.298  -17.511 0.1000000015
22962  41.487  -50.209  -22.808 0.4000000060
22963  40.883  -50.940  -22.971 0.4000000060
22977  39.093  -50.415  -23.420 0.5000000000
23002  48.994  -51.026  -26.148 0.5000000000
23005  37.573  -49.876  -25.230 0.4000000060
23006  37.160  -49.863  -25.793 0.4000000060
23049  36.066  -50.404  -30.905 0.4000000060
23060  35.867  -50.993  -31.458 0.3000000119
23071  35.671  -50.860  -32.410 0.3000000119
23077  35.846  -50.367  -33.745 0.2000000030
23084  41.294  -50.035  -34.731 0.2000000030
23085  40.333  -50.031  -34.623 0.2000000030
23086  39.487  -49.875  -34.621 0.2000000030
23088  37.290  -50.292  -34.629 0.2000000030
23101  45.116  -50.827  -35.534 0.2000000030
23102  43.885  -50.694  -35.398 0.2000000030
23108  36.808  -50.774  -34.809 0.2000000030
23826  52.445  -49.392  -21.412 0.2000000030
23838  52.376  -48.954  -21.912 0.3000000119
23839  51.756  -49.523  -22.832 0.3000000119
23851  51.736  -49.244  -23.570 0.4000000060
23853  43.598  -49.888  -23.391 0.5000000000
23877  38.008  -49.462  -23.648 0.5000000000
23893  45.771  -49.078  -25.482 0.5000000000
23895  36.635  -49.407  -26.113 0.4000000060
23901  50.816  -49.026  -26.383 0.5000000000
23903  49.399  -49.270  -26.554 0.5000000000
23907  36.218  -49.638  -26.821 0.4000000060
23911  48.733  -48.601  -26.676 0.5000000000
23925  35.737  -50.006  -29.344 0.4000000060
23938  35.749  -50.127  -30.133 0.5000000000
23973  39.603  -49.180  -33.398 0.3000000119
23986  44.864  -48.899  -33.642 0.3000000119
23987  43.816  -49.792  -34.021 0.3000000119
23988  42.878  -49.658  -34.112 0.3000000119
23992  38.271  -49.453  -34.067 0.2000000030
24006  47.140  -50.209  -35.106 0.2000000030
24007  46.573  -50.304  -35.063 0.2000000030
24708  52.232  -48.851  -19.926 0.2000000030
24726  52.266  -48.511  -22.398 0.4000000060
24727  41.383  -49.339  -22.651 0.4000000060
24728  40.576  -49.210  -22.533 0.4000000060
24741  43.042  -49.107  -23.238 0.5000000000
24759  51.571  -47.763  -24.461 0.5000000000
24784  36.524  -48.538  -25.914 0.4000000060
24789  46.243  -48.394  -26.600 0.5000000000
24790  45.681  -47.914  -26.653 0.5000000000
24832  38.680  -48.617  -31.419 0.3000000119
24865  43.234  -48.834  -33.585 0.3000000119
24867  41.851  -48.580  -33.015 0.2000000030
24868  40.923  -48.615  -33.111 0.2000000030
24883  46.931  -48.968  -34.816 0.2000000030
24895  48.011  -49.199  -35.350 0.1000000015
25564  49.890  -47.957  -19.070 0.1000000015
25637  51.838  -47.376  -23.542 0.4000000060
25638  51.819  -46.843  -23.240 0.3000000119
25640  38.406  -47.076  -23.698 0.4000000060
25650  51.401  -46.865  -24.241 0.4000000060
25655  41.077  -47.104  -23.958 0.4000000060
25658  37.295  -47.393  -24.739 0.4000000060
25669  51.363  -47.163  -25.158 0.5000000000
25674  42.483  -46.336  -25.380 0.5000000000
25678  36.855  -47.813  -25.482 0.4000000060
25693  48.812  -47.111  -27.021 0.5000000000
25696  45.122  -46.629  -27.221 0.5000000000
25698  43.566  -46.356  -27.016 0.5000000000
25699  37.078  -47.279  -27.923 0.4000000060
25705  37.126  -47.437  -28.623 0.4000000060
25719  37.339  -47.544  -29.338 0.3000000119
25768  42.032  -46.994  -33.225 0.2000000030
25776  46.121  -47.851  -34.387 0.2000000030
25778  44.319  -47.455  -33.779 0.3000000119
25781  47.479  -47.829  -34.906 0.1000000015
26587  51.426  -46.669  -23.615 0.4000000060
26594  38.049  -46.355  -24.219 0.4000000060
26602  51.268  -46.591  -24.091 0.4000000060
26607  46.738  -46.301  -24.506 0.2000000030
26620  50.044  -46.794  -25.299 0.5000000000
26637  42.996  -46.621  -26.725 0.4000000060
26642  48.199  -46.536  -27.567 0.5000000000
26644  44.258  -46.343  -27.796 0.5000000000
26645  43.793  -46.061  -27.252 0.5000000000
26646  43.421  -46.291  -27.104 0.4000000060
26656  48.564  -45.592  -27.739 0.5000000000
26658  46.702  -45.989  -28.524 0.5000000000
26708  40.769  -46.467  -32.466 0.2000000030
26716  42.699  -47.048  -33.635 0.2000000030
26729  41.907  -46.200  -33.993 0.2000000030
26731  47.961  -47.416  -35.474 0.1000000015
26733  46.765  -46.670  -34.961 0.1000000015
26742  47.691  -46.395  -35.704 0.1000000015
27534  44.005  -45.357  -23.160 0.1000000015
27556  48.514  -45.557  -26.972 0.5000000000
27560  42.078  -45.348  -25.604 0.4000000060
27575  42.509  -45.361  -26.408 0.4000000060
27593  48.640  -45.113  -27.690 0.5000000000
27595  46.268  -45.386  -28.523 0.5000000000
27641  39.125  -45.421  -31.744 0.2000000030
27649  41.194  -45.979  -33.790 0.1000000015
27665  41.906  -45.179  -35.049 0.1000000015
27681  45.792  -45.385  -37.177 0.1000000015
28488  40.387  -44.690  -24.545 0.4000000060
28489  39.632  -44.577  -24.335 0.4000000060
28504  40.798  -44.270  -24.951 0.3000000119
28505  38.443  -44.217  -25.396 0.4000000060
28520  49.039  -44.432  -27.055 0.5000000000
28530  48.305  -44.009  -27.153 0.5000000000
28534  48.126  -44.391  -28.048 0.5000000000
28535  47.266  -44.179  -28.489 0.5000000000
28536  46.928  -43.528  -28.285 0.4000000060
28539  43.620  -44.620  -28.121 0.4000000060
28550  46.665  -44.183  -28.516 0.5000000000
28586  40.301  -45.014  -33.793 0.1000000015
28611  42.610  -44.392  -36.534 0.1000000015
28616  48.586  -45.116  -38.026 0.1000000015
29420  40.207  -44.046  -24.578 0.2000000030
29450  41.409  -42.617  -26.112 0.1000000015
29454  47.833  -43.886  -27.586 0.4000000060
29481  37.563  -43.143  -29.471 0.1000000015
29517  39.223  -43.274  -34.793 0.1000000015
29566  43.701  -43.228  -38.526 0.1000000015
30314  46.490  -42.784  -27.090 0.2000000030
30317  39.663  -42.489  -25.693 0.3000000119
30318  38.987  -42.785  -25.723 0.2000000030
30326  45.944  -42.099  -27.342 0.2000000030
30340  46.346  -42.334  -28.555 0.3000000119
30428  41.899  -42.836  -37.207 0.1000000015
31240  42.334  -41.106  -28.095 0.1000000015
32174  40.189  -40.535  -26.600 0.2000000030
32182  44.059  -39.686  -28.362 0.1000000015
32305  39.940  -40.988  -36.941 0.1000000015
34623  40.526  -37.305  -27.850 0.1000000015
102667  40.280  -53.438  -19.124 0.1000000015
102669  40.533  -53.068  -19.262 0.1000000015
102670  40.403  -53.569  -19.456 0.1000000015
103298  36.304  -57.834  -23.670 0.1000000015
103511  37.821  -53.176  -31.314 0.3000000119
103687  37.533  -58.528  -30.483 0.1000000015
104022  40.805  -52.707  -18.965 0.1000000015
104212  40.084  -53.947  -18.956 0.1000000015
104491  49.429  -50.061  -26.100 0.5000000000
104525  45.211  -44.941  -28.188 0.5000000000
104666  39.816  -57.083  -39.576 0.1000000015
105313  37.519  -45.745  -25.946 0.4000000060
105709  38.219  -52.958  -37.325 0.2000000030
105961  40.195  -51.542  -24.559 0.5000000000
105999  39.063  -53.031  -37.746 0.3000000119
106426  37.165  -51.220  -35.331 0.2000000030
107569  45.651  -45.410  -28.298 0.4000000060
107720  45.888  -53.986  -21.876 0.1000000015
107787  33.993  -55.632  -36.069 0.1000000015
108084  38.081  -61.545  -36.265 0.1000000015
108117  38.903  -44.871  -24.256 0.3000000119
109036  35.247  -59.992  -36.111 0.2000000030
109161  42.421  -46.244  -25.367 0.4000000060
109642  38.460  -42.452  -27.292 0.2000000030
110311  40.816  -48.970  -14.462 0.1000000015
110433  41.468  -52.687  -37.683 0.1000000015
110652  38.304  -56.895  -20.033 0.1000000015
110726  47.076  -54.301  -28.812 0.3000000119
111147  42.791  -41.721  -27.915 0.1000000015
111149  41.449  -51.646  -24.166 0.4000000060
111285  45.093  -55.736  -23.513 0.1000000015
111496  40.308  -57.195  -27.771 0.1000000015
111647  37.890  -51.945  -36.228 0.2000000030
111900  34.045  -55.868  -36.977 0.1000000015
111977  40.700  -42.147  -37.349 0.1000000015
112414  41.218  -51.596  -28.132 0.4000000060
112648  37.696  -47.647  -23.980 0.4000000060
112947  46.977  -51.482  -36.467 0.1000000015
113375  36.231  -49.183  -27.975 0.4000000060
113434  37.394  -44.304  -28.962 0.1000000015
113802  36.009  -48.989  -27.150 0.4000000060
114442  46.480  -44.189  -38.343 0.1000000015
114727  33.792  -58.339  -28.125 0.1000000015
115291  39.195  -55.157  -23.058 0.1000000015
115589  30.869  -60.824  -29.937 0.1000000015
116695  45.917  -49.745  -34.800 0.2000000030
117456  46.993  -43.284  -26.991 0.3000000119
117800  42.115  -55.440  -23.834 0.1000000015
119668  42.894  -51.602  -36.432 0.2000000030
119692  34.549  -58.579  -25.458 0.1000000015
120737  40.305  -54.054  -31.175 0.4000000060
121161  46.903  -43.197  -28.056 0.4000000060
121389  38.779  -49.735  -34.574 0.2000000030
121805  44.259  -45.221  -27.966 0.4000000060
122814  52.122  -49.325  -22.112 0.3000000119
122948  50.524  -47.076  -22.359 0.2000000030
122975  38.524  -49.983  -23.506 0.5000000000
123463  43.914  -53.871  -39.667 0.1000000015
123624  43.968  -47.885  -33.551 0.3000000119
123689  34.591  -58.960  -25.321 0.1000000015
123833  37.244  -51.304  -27.245 0.5000000000
124363  37.837  -52.700  -36.889 0.1000000015
124598  38.219  -42.765  -27.642 0.2000000030
124697  37.687  -59.626  -22.927 0.1000000015
124703  35.748  -52.759  -36.762 0.1000000015
124937  40.089  -59.237  -36.048 0.2000000030
125144  42.694  -52.208  -24.070 0.5000000000
125153  42.876  -43.322  -27.744 0.2000000030
