#!ascii label  , from subject 001 vox2ras=TkReg
554
54830  18.702  -13.172  -31.158 0.1428571492
54810  18.263  -13.942  -30.826 0.1428571492
56637  17.905  -11.572  -31.780 0.1428571492
54808  20.147  -13.905  -30.743 0.1428571492
55737  19.175  -12.490  -31.462 0.2857142985
54831  17.779  -13.115  -31.243 0.1428571492
56656  18.552  -10.722  -32.002 0.5714285970
116967  19.613  -11.920  -31.640 0.1428571492
121092  21.431  -10.659  -31.794 0.2857142985
57540  20.676  -10.878  -31.779 0.2857142985
114611  21.761  -10.130  -32.162 0.1428571492
105839  22.464  -7.476  -33.381 0.2857142985
117401  22.326  -7.973  -32.785 0.1428571492
59264  21.607  -8.584  -32.836 0.2857142985
61042  23.035  -5.938  -34.569 0.2857142985
60151  23.327  -7.406  -33.439 0.2857142985
61834  23.381  -5.650  -35.187 0.2857142985
61835  22.693  -6.159  -35.475 0.2857142985
61859  23.971  -4.997  -36.209 0.2857142985
65246  24.283  -1.983  -37.145 0.8571428657
63538  24.028  -3.835  -36.603 0.4285714328
65258  24.542  -1.352  -38.645 0.7142857313
65244  25.347  -1.714  -37.762 0.7142857313
65245  24.764  -2.027  -37.501 0.7142857313
64378  23.669  -2.943  -36.765 0.7142857313
66096  25.884  -0.564  -39.021 0.8571428657
66087  24.273  -0.918  -39.477 0.5714285970
66088  23.762  -0.666  -39.435 0.8571428657
65259  24.254  -1.281  -38.370 0.7142857313
66919  26.259  0.295  -40.161 0.4285714328
66097  24.871  -0.541  -39.655 0.7142857313
119092  27.241  1.840  -41.199 0.2857142985
68791  26.515  2.177  -40.883 0.5714285970
66927  25.488  0.526  -40.218 0.8571428657
66926  26.273  0.683  -40.417 0.7142857313
66909  24.736  0.154  -40.130 0.8571428657
69744  28.011  2.774  -42.307 0.1428571492
68790  28.095  2.113  -41.672 0.1428571492
69745  27.227  2.588  -41.491 0.4285714328
68792  25.969  1.715  -40.433 0.5714285970
67817  25.658  1.015  -40.378 0.8571428657
70555  28.399  5.452  -40.562 0.1428571492
70574  27.964  3.852  -42.138 0.1428571492
69732  27.416  3.501  -41.347 0.1428571492
69733  26.525  3.175  -40.824 0.4285714328
68782  25.263  1.628  -39.865 0.8571428657
71384  28.502  6.219  -40.120 0.1428571492
71383  28.298  6.259  -41.722 0.1428571492
70565  28.074  4.559  -40.780 0.1428571492
70557  27.010  4.716  -39.424 0.4285714328
69724  26.229  3.639  -39.932 0.5714285970
69725  25.785  2.708  -39.295 0.7142857313
68775  25.007  1.839  -39.007 0.8571428657
121951  28.003  6.861  -39.543 0.1428571492
72186  27.604  7.693  -39.744 0.1428571492
71385  28.053  5.798  -38.956 0.1428571492
70545  26.194  4.003  -39.151 0.8571428657
69718  25.606  3.090  -38.610 0.8571428657
72981  26.911  7.919  -41.180 0.1428571492
72970  27.095  8.401  -39.865 0.2857142985
72176  27.168  7.709  -38.833 0.8571428657
71376  26.882  5.284  -38.827 0.8571428657
71377  26.282  5.783  -38.468 0.8571428657
73785  25.232  9.054  -39.931 0.1428571492
74518  23.694  8.822  -40.296 0.1428571492
72971  26.704  8.344  -38.725 0.4285714328
72958  26.017  8.085  -37.748 0.8571428657
72177  26.374  7.365  -38.187 0.8571428657
71364  25.343  5.156  -38.210 0.8571428657
109602  25.996  8.988  -38.641 0.4285714328
72163  25.569  7.006  -37.633 0.8571428657
71363  25.806  6.287  -38.110 0.8571428657
72164  24.599  6.743  -37.374 0.8571428657
74508  24.465  8.927  -39.352 0.1428571492
74509  22.795  8.725  -39.635 0.2857142985
74498  25.324  9.271  -38.138 0.8571428657
72959  25.197  7.587  -37.277 0.8571428657
72943  25.278  8.201  -37.356 0.8571428657
74501  21.203  8.928  -39.375 0.2857142985
74500  22.776  9.149  -38.993 0.7142857313
107519  24.055  9.064  -38.805 0.5714285970
74487  24.984  9.232  -37.199 0.8571428657
74488  24.376  9.394  -36.398 0.8571428657
73759  24.829  7.957  -36.944 0.8571428657
75247  24.028  10.086  -38.065 0.8571428657
75246  24.781  10.510  -37.139 0.8571428657
74468  24.171  10.044  -36.237 0.7142857313
76078  24.421  11.171  -37.437 0.8571428657
112513  24.692  9.960  -36.872 0.8571428657
76070  24.442  11.233  -36.622 0.8571428657
76951  24.220  11.836  -36.010 0.8571428657
75219  23.871  10.550  -35.836 0.7142857313
76958  24.224  12.988  -37.162 0.7142857313
115097  24.416  12.049  -36.798 0.8571428657
77816  23.615  13.046  -35.387 0.8571428657
78633  23.639  14.393  -35.466 0.7142857313
75238  24.406  10.595  -36.463 0.8571428657
108335  24.264  12.886  -36.089 0.8571428657
79449  21.681  17.120  -38.699 0.1428571492
77822  24.024  13.906  -36.527 0.8571428657
78642  23.866  14.332  -35.917 0.7142857313
79436  23.622  14.974  -35.851 0.7142857313
77815  23.875  13.757  -35.588 0.8571428657
80161  22.711  18.535  -36.889 0.1428571492
79437  23.508  15.951  -35.884 0.5714285970
123883  23.235  16.523  -34.365 0.5714285970
80160  23.133  17.209  -36.229 0.1428571492
81683  23.665  18.806  -36.574 0.1428571492
80864  22.973  17.791  -33.820 0.5714285970
81675  23.750  18.987  -35.312 0.1428571492
81661  23.992  19.699  -35.261 0.1428571492
113396  23.477  18.122  -34.899 0.1428571492
83176  23.804  20.679  -34.634 0.1428571492
80874  23.305  17.165  -34.564 0.5714285970
110560  23.397  19.793  -34.639 0.1428571492
83177  22.957  20.490  -34.453 0.1428571492
53897  18.781  -14.739  -30.537 0.1428571492
55736  20.055  -12.473  -31.338 0.1428571492
55734  21.929  -12.412  -31.180 0.2857142985
56635  20.434  -11.661  -31.441 0.2857142985
59263  22.708  -8.666  -32.406 0.2857142985
58370  22.163  -9.430  -32.301 0.1428571492
61860  23.321  -5.382  -36.239 0.2857142985
64377  24.532  -3.054  -36.859 0.4285714328
66908  25.894  -0.170  -39.705 0.2857142985
65247  23.549  -1.976  -36.944 0.7142857313
66918  27.152  0.752  -40.560 0.1428571492
66920  23.303  0.421  -40.672 0.8571428657
69734  25.970  2.549  -40.185 0.7142857313
72185  27.603  7.433  -41.097 0.1428571492
116060  27.425  6.656  -38.722 0.8571428657
70546  25.808  4.562  -38.703 0.8571428657
111163  24.804  5.884  -37.744 0.8571428657
75248  22.371  9.656  -38.945 0.8571428657
76965  24.000  12.028  -37.782 0.8571428657
77828  23.506  13.864  -37.688 0.8571428657
78643  23.622  14.679  -36.398 0.7142857313
80164  22.831  16.766  -36.666 0.2857142985
107683  23.430  17.598  -35.680 0.1428571492
80883  23.557  18.413  -36.189 0.1428571492
83175  24.625  20.749  -34.446 0.1428571492
53898  17.913  -14.801  -30.544 0.1428571492
57541  19.618  -11.088  -31.923 0.4285714328
57561  20.933  -10.234  -32.375 0.2857142985
57563  19.289  -10.217  -32.305 0.2857142985
58371  21.226  -9.469  -32.632 0.1428571492
61024  23.393  -6.559  -33.869 0.2857142985
61025  22.546  -7.028  -34.059 0.2857142985
120764  21.868  -7.376  -34.185 0.2857142985
106294  22.517  -6.462  -34.679 0.2857142985
70564  28.188  5.179  -41.826 0.1428571492
72184  27.972  7.053  -41.679 0.1428571492
73784  26.552  8.517  -40.896 0.1428571492
73772  26.245  8.800  -39.875 0.2857142985
120523  26.069  9.013  -40.458 0.1428571492
70547  25.105  3.829  -38.186 0.8571428657
74520  20.875  8.770  -40.181 0.1428571492
75254  20.966  9.274  -39.557 0.2857142985
73722  22.898  9.103  -35.668 0.8571428657
76080  22.134  10.458  -39.309 0.5714285970
76966  23.369  12.880  -38.242 0.5714285970
78649  23.268  14.742  -37.192 0.7142857313
79441  23.185  15.665  -36.744 0.4285714328
78650  22.615  14.813  -38.295 0.2857142985
79448  22.414  15.833  -37.865 0.2857142985
79442  22.153  17.115  -37.620 0.1428571492
80165  22.094  18.256  -37.391 0.1428571492
81645  22.598  18.488  -33.686 0.2857142985
81644  23.303  18.750  -34.123 0.1428571492
82412  22.946  19.104  -33.979 0.1428571492
82434  22.517  19.755  -34.292 0.1428571492
83858  23.332  21.135  -34.367 0.1428571492
83859  22.322  21.012  -34.398 0.1428571492
115020  21.981  11.308  -39.619 0.4285714328
76967  22.170  12.514  -39.427 0.4285714328
77829  22.572  13.783  -38.837 0.4285714328
54829  19.636  -13.182  -31.078 0.1428571492
55738  18.261  -12.412  -31.560 0.1428571492
104959  17.373  -13.891  -30.704 0.1428571492
56636  18.822  -11.710  -31.778 0.4285714328
55739  17.392  -12.238  -31.486 0.2857142985
55735  20.985  -12.302  -31.087 0.1428571492
57562  20.074  -10.310  -32.425 0.1428571492
65260  23.844  -1.155  -37.581 0.7142857313
66098  23.392  -0.212  -40.258 0.8571428657
67816  26.660  1.261  -40.727 0.5714285970
70556  28.053  5.200  -39.808 0.2857142985
70566  27.051  4.191  -40.376 0.1428571492
120080  26.637  6.786  -38.384 0.8571428657
73740  25.465  8.629  -37.625 0.8571428657
73741  24.768  8.594  -36.866 0.8571428657
74499  24.738  9.660  -37.756 0.8571428657
76079  23.449  10.902  -38.354 0.8571428657
80170  21.400  18.636  -38.388 0.1428571492
80155  23.417  16.448  -35.119 0.5714285970
82433  24.242  20.294  -34.993 0.1428571492
59262  23.831  -8.874  -32.509 0.1428571492
114055  22.720  11.748  -38.693 0.5714285970
61043  22.144  -6.606  -35.453 0.5714285970
111817  20.826  -6.931  -35.324 0.5714285970
112603  19.870  -6.975  -35.153 0.5714285970
61045  19.076  -6.882  -34.870 0.2857142985
61849  21.047  -6.217  -35.799 0.5714285970
61056  20.154  -6.389  -35.531 0.5714285970
59302  18.831  -8.272  -34.308 0.4285714328
61046  18.168  -6.673  -34.541 0.2857142985
61057  19.458  -6.497  -35.270 0.4285714328
61861  22.627  -5.816  -36.250 0.4285714328
61863  21.258  -5.556  -36.214 0.5714285970
62679  20.286  -5.520  -35.957 0.5714285970
62680  19.407  -4.974  -35.756 0.4285714328
62690  21.877  -4.700  -36.463 0.5714285970
104837  21.258  -4.252  -36.448 0.5714285970
62691  20.780  -4.779  -36.300 0.4285714328
63540  22.079  -3.833  -36.450 0.7142857313
103952  21.083  -3.366  -36.522 0.4285714328
61850  19.477  -5.872  -35.520 0.4285714328
61058  18.630  -6.119  -35.080 0.2857142985
62692  20.029  -4.436  -36.090 0.4285714328
65248  22.604  -2.119  -36.841 0.7142857313
65249  20.602  -1.558  -36.768 0.4285714328
66073  21.348  -0.824  -36.765 0.7142857313
66091  22.211  -0.162  -37.116 0.7142857313
66883  21.101  0.231  -36.909 0.2857142985
121644  23.144  -2.538  -36.815 0.5714285970
66072  22.366  -1.131  -36.932 0.7142857313
123738  22.891  0.329  -37.680 0.7142857313
66897  22.172  0.656  -37.192 0.7142857313
66896  22.861  0.725  -37.884 0.7142857313
107860  22.132  1.222  -37.327 0.7142857313
107075  21.270  0.975  -37.151 0.4285714328
112025  21.460  1.803  -37.436 0.4285714328
66090  23.191  -0.358  -37.655 0.5714285970
66910  22.475  -0.329  -40.325 0.5714285970
67788  22.365  0.058  -39.816 0.5714285970
123186  22.943  0.816  -37.985 0.7142857313
67789  22.559  1.454  -37.596 0.7142857313
104594  22.845  2.545  -37.847 0.7142857313
69709  21.084  2.619  -37.676 0.5714285970
107167  21.684  4.043  -38.009 0.5714285970
67807  24.600  0.758  -40.139 0.7142857313
67798  22.708  0.688  -40.475 0.5714285970
67799  22.179  0.438  -40.521 0.5714285970
68777  23.072  1.079  -39.541 0.7142857313
107237  23.245  0.867  -38.642 0.7142857313
69720  23.728  2.091  -38.073 0.8571428657
69707  23.217  3.278  -37.803 0.7142857313
113644  22.503  3.854  -37.931 0.7142857313
70533  23.343  4.363  -37.857 0.7142857313
70534  22.275  4.666  -37.898 0.7142857313
68766  23.369  1.621  -38.277 0.7142857313
69719  24.819  2.382  -38.080 0.8571428657
69706  24.299  3.310  -37.750 0.8571428657
114838  22.845  5.242  -37.818 0.7142857313
71367  21.995  5.571  -37.693 0.5714285970
112509  22.199  6.342  -37.490 0.2857142985
70532  24.494  4.629  -37.905 0.7142857313
72944  22.516  7.346  -36.757 0.7142857313
71365  23.731  5.404  -37.759 0.8571428657
72960  24.321  7.334  -37.009 0.8571428657
114827  23.941  6.154  -37.570 0.8571428657
72166  22.753  6.793  -37.277 0.5714285970
72961  23.416  7.280  -36.837 0.8571428657
112657  22.345  7.881  -36.337 0.7142857313
73761  23.174  7.889  -36.288 0.8571428657
73760  24.121  7.937  -36.539 0.8571428657
73742  23.735  8.713  -36.061 0.8571428657
73743  22.662  8.497  -35.996 0.7142857313
76057  23.538  11.327  -35.439 0.7142857313
108732  22.502  11.154  -35.037 0.7142857313
76952  23.634  12.309  -35.402 0.5714285970
76058  21.993  11.771  -34.440 0.7142857313
76938  22.899  11.926  -34.762 0.7142857313
77806  22.712  13.404  -34.353 0.7142857313
115429  22.452  12.540  -34.242 0.7142857313
118607  21.377  14.154  -33.244 0.7142857313
78612  22.096  15.028  -33.733 0.7142857313
78627  23.186  14.149  -34.670 0.7142857313
79419  20.875  15.227  -33.047 0.5714285970
114135  21.813  15.762  -33.261 0.4285714328
79400  21.044  16.314  -32.814 0.5714285970
79401  19.972  16.052  -32.988 0.5714285970
79432  22.933  15.020  -34.757 0.5714285970
79420  19.577  15.166  -33.307 0.5714285970
79399  22.081  16.519  -33.150 0.5714285970
80135  20.190  17.085  -32.742 0.5714285970
79402  19.060  15.964  -33.863 0.5714285970
80855  18.846  17.192  -34.536 0.5714285970
80136  19.219  16.829  -33.351 0.5714285970
80134  21.256  17.237  -32.718 0.5714285970
80856  18.334  16.776  -34.914 0.4285714328
79403  18.314  15.719  -34.180 0.4285714328
80137  18.505  16.475  -34.341 0.5714285970
81649  17.344  17.989  -34.229 0.4285714328
64376  25.053  -2.847  -36.904 0.2857142985
109256  22.267  0.106  -40.999 0.5714285970
111501  18.655  17.499  -35.105 0.2857142985
80866  17.911  17.157  -34.769 0.4285714328
80857  17.150  17.227  -33.900 0.2857142985
60168  20.698  -7.532  -34.809 0.5714285970
59301  19.456  -8.560  -34.360 0.5714285970
61054  22.412  -6.316  -35.950 0.2857142985
61055  21.703  -6.573  -35.697 0.4285714328
118537  20.204  -7.385  -34.925 0.5714285970
61847  23.044  -5.900  -35.967 0.2857142985
60170  18.611  -7.384  -34.419 0.2857142985
61851  18.829  -5.374  -35.390 0.4285714328
63541  20.537  -3.851  -36.383 0.5714285970
62667  18.144  -5.156  -34.856 0.2857142985
62681  18.536  -4.442  -35.454 0.2857142985
103945  20.859  -2.445  -36.598 0.5714285970
108622  19.256  -0.918  -36.922 0.2857142985
71366  22.988  6.074  -37.649 0.7142857313
75220  23.001  10.486  -35.481 0.7142857313
75221  22.070  10.432  -35.308 0.7142857313
78629  21.890  13.741  -33.999 0.7142857313
78630  20.155  14.389  -33.179 0.5714285970
78634  23.289  15.039  -35.072 0.5714285970
79418  22.652  15.863  -33.764 0.5714285970
79417  23.087  16.003  -34.373 0.5714285970
80854  19.558  17.657  -33.196 0.5714285970
81635  19.445  17.817  -34.762 0.2857142985
63542  19.843  -3.477  -36.280 0.4285714328
67797  23.909  0.945  -39.930 0.7142857313
68776  23.768  1.163  -39.147 0.7142857313
77805  23.343  13.499  -34.987 0.8571428657
63539  23.156  -3.879  -36.497 0.5714285970
103853  22.741  -3.021  -36.633 0.5714285970
66089  23.504  -0.449  -38.883 0.5714285970
61044  21.581  -6.896  -35.334 0.5714285970
60169  19.481  -7.605  -34.650 0.5714285970
61848  21.917  -6.116  -36.139 0.5714285970
107662  21.423  -4.968  -36.411 0.5714285970
63524  19.268  -4.011  -35.908 0.4285714328
64380  20.300  -2.988  -36.607 0.4285714328
64379  21.811  -2.764  -36.548 0.5714285970
103899  21.578  -1.810  -36.654 0.7142857313
66074  20.222  -0.646  -36.974 0.4285714328
119073  19.840  -1.448  -36.996 0.4285714328
104811  20.056  -2.184  -36.912 0.4285714328
66895  22.725  0.343  -39.498 0.7142857313
124929  21.875  -0.052  -40.536 0.5714285970
68767  22.107  2.269  -37.539 0.7142857313
69708  21.996  3.196  -37.721 0.7142857313
118156  22.618  3.275  -37.822 0.7142857313
105887  20.838  4.090  -37.889 0.2857142985
72168  20.487  6.110  -37.439 0.2857142985
72165  23.649  6.707  -37.292 0.8571428657
76937  23.081  12.785  -34.880 0.7142857313
78628  22.461  14.222  -34.166 0.8571428657
63543  19.093  -3.142  -36.167 0.4285714328
61041  23.906  -5.831  -34.208 0.1428571492
104539  24.331  -4.372  -36.368 0.1428571492
63537  24.618  -3.823  -36.623 0.1428571492
61833  24.304  -5.332  -34.940 0.1428571492
62687  25.032  -4.113  -36.302 0.1428571492
61845  24.675  -4.743  -35.649 0.1428571492
62666  25.140  -5.173  -34.838 0.1428571492
63536  25.116  -3.509  -36.655 0.1428571492
66071  26.282  -1.275  -37.466 0.2857142985
74469  23.531  9.716  -35.784 0.5714285970
117605  21.612  23.099  -33.538 0.1428571492
74471  21.963  9.053  -35.622 0.4285714328
83178  21.932  20.515  -34.479 0.1428571492
76039  21.471  11.087  -35.020 0.4285714328
76040  20.686  11.729  -34.438 0.4285714328
83179  20.381  20.519  -35.950 0.2857142985
82405  20.547  18.699  -33.933 0.2857142985
80853  20.539  17.894  -32.734 0.2857142985
116965  21.238  18.812  -33.591 0.2857142985
76940  18.303  12.621  -34.360 0.1428571492
122598  21.513  12.455  -34.158 0.5714285970
77807  21.827  13.148  -34.068 0.5714285970
82414  19.837  19.146  -34.695 0.2857142985
80865  22.221  17.371  -33.175 0.4285714328
76923  18.880  12.862  -34.141 0.4285714328
118699  20.432  13.786  -33.273 0.5714285970
81646  19.734  18.425  -34.594 0.2857142985
77789  18.534  13.461  -33.947 0.4285714328
77788  19.367  13.925  -33.599 0.2857142985
81648  18.234  18.549  -34.711 0.1428571492
81647  19.270  18.249  -35.057 0.1428571492
78614  18.178  14.312  -33.991 0.1428571492
79421  18.623  15.155  -33.909 0.4285714328
82415  18.957  19.249  -34.723 0.1428571492
82417  17.139  19.048  -33.729 0.2857142985
114194  16.611  18.052  -32.008 0.1428571492
82416  17.976  19.508  -34.147 0.1428571492
82406  17.515  19.915  -32.902 0.1428571492
83141  17.415  20.314  -31.804 0.1428571492
57564  17.986  -10.119  -32.181 0.4285714328
58375  17.562  -9.474  -32.325 0.2857142985
125140  25.580  -4.831  -35.128 0.1428571492
75222  21.167  10.370  -35.356 0.2857142985
117544  21.755  18.479  -33.314 0.2857142985
82437  19.553  19.820  -35.467 0.2857142985
82413  20.903  19.276  -34.183 0.2857142985
83160  18.613  20.221  -34.898 0.2857142985
58369  23.161  -9.530  -32.119 0.1428571492
57560  22.625  -10.127  -31.902 0.1428571492
60150  24.247  -7.400  -33.454 0.1428571492
65257  25.364  -1.104  -38.665 0.1428571492
104612  25.491  -2.325  -36.987 0.1428571492
77790  18.186  13.607  -34.484 0.1428571492
74472  21.055  9.600  -35.592 0.4285714328
80146  22.902  16.705  -33.818 0.4285714328
83180  19.465  20.580  -35.917 0.2857142985
82436  20.404  19.907  -34.935 0.2857142985
83861  20.604  21.196  -36.067 0.1428571492
114860  18.047  20.516  -33.296 0.2857142985
83860  21.084  21.061  -35.189 0.1428571492
83848  21.707  21.544  -34.323 0.1428571492
66894  26.694  -0.091  -38.802 0.2857142985
83191  20.083  20.917  -36.262 0.2857142985
121821  21.981  19.070  -33.883 0.2857142985
82435  21.480  19.834  -34.383 0.1428571492
119813  18.746  -9.770  -32.481 0.4285714328
105522  20.996  13.006  -33.888 0.5714285970
80852  21.458  18.011  -32.825 0.2857142985
81637  16.595  17.748  -33.401 0.2857142985
74470  22.511  9.779  -35.572 0.5714285970
107547  21.026  13.538  -33.656 0.5714285970
78613  19.144  14.572  -33.648 0.5714285970
81634  20.124  18.241  -33.425 0.2857142985
61040  25.088  -5.758  -34.077 0.1428571492
63523  25.772  -3.723  -36.145 0.1428571492
75204  20.422  10.995  -35.006 0.2857142985
81633  20.905  18.508  -33.005 0.2857142985
76939  20.252  12.552  -34.093 0.4285714328
77808  19.984  13.264  -33.680 0.4285714328
123097  17.565  -10.004  -31.958 0.2857142985
63535  25.746  -3.057  -36.542 0.1428571492
75223  20.124  10.197  -35.315 0.2857142985
123176  21.022  20.491  -34.849 0.2857142985
84506  20.940  21.835  -35.315 0.1428571492
123285  21.188  3.470  -37.817 0.4285714328
117402  20.992  5.553  -37.707 0.2857142985
84507  18.605  22.800  -34.233 0.1428571492
83192  19.476  21.223  -36.079 0.1428571492
117611  18.808  23.590  -34.640 0.1428571492
83149  17.959  21.550  -32.139 0.1428571492
84497  18.272  22.839  -33.253 0.1428571492
83862  18.621  22.071  -35.030 0.1428571492
83873  19.066  21.838  -35.612 0.1428571492
83830  18.081  22.347  -32.664 0.1428571492
107756  18.246  21.270  -33.752 0.1428571492
84477  18.440  23.243  -32.467 0.1428571492
103027  18.785  24.558  -34.033 0.1428571492
83181  18.684  21.229  -35.330 0.1428571492
85088  19.015  23.653  -31.732 0.1428571492
117571  18.524  23.712  -33.390 0.1428571492
70535  21.359  4.820  -37.896 0.2857142985
84476  18.775  22.855  -31.866 0.1428571492
103030  18.602  24.104  -32.216 0.1428571492
103033  19.161  24.266  -34.871 0.1428571492
62688  23.635  -4.631  -36.402 0.2857142985
83872  19.756  21.747  -35.888 0.1428571492
84517  18.883  22.642  -35.191 0.1428571492
84516  19.523  22.316  -35.642 0.1428571492
62689  22.697  -4.884  -36.448 0.4285714328
59287  20.098  -8.758  -34.075 0.4285714328
59265  20.671  -8.989  -33.254 0.2857142985
60153  20.573  -8.043  -34.356 0.2857142985
59286  20.920  -8.297  -33.739 0.1428571492
60152  21.208  -7.679  -34.402 0.2857142985
58388  19.952  -9.295  -33.437 0.2857142985
60166  21.931  -7.049  -34.875 0.2857142985
58389  19.273  -9.259  -33.880 0.4285714328
59285  21.677  -7.828  -33.507 0.1428571492
124961  21.549  -7.331  -34.679 0.2857142985
59300  20.104  -7.990  -34.574 0.4285714328
110953  19.293  12.232  -34.414 0.2857142985
123150  18.874  -9.444  -33.295 0.2857142985
58374  18.350  -9.432  -32.867 0.2857142985
58390  18.668  -9.243  -33.699 0.2857142985
59288  18.898  -9.025  -34.172 0.2857142985
64381  19.614  -2.641  -36.570 0.2857142985
65250  19.392  -1.839  -36.818 0.2857142985
66898  20.495  0.951  -37.092 0.1428571492
67790  20.922  1.436  -37.382 0.2857142985
69710  20.403  3.269  -37.888 0.1428571492
123591  20.422  5.550  -37.658 0.1428571492
72148  21.008  6.873  -37.147 0.1428571492
72945  21.581  7.526  -36.652 0.1428571492
72946  20.596  7.481  -36.710 0.1428571492
113658  21.004  8.030  -36.340 0.1428571492
73745  20.189  8.150  -36.321 0.1428571492
75205  19.336  11.043  -34.801 0.1428571492
117378  19.659  11.580  -34.652 0.1428571492
76041  18.759  11.898  -34.605 0.1428571492
80138  17.947  16.225  -34.360 0.1428571492
106817  17.953  15.560  -34.001 0.1428571492
80147  17.723  16.784  -34.422 0.1428571492
80139  17.144  16.683  -33.564 0.1428571492
56657  17.717  -10.890  -31.858 0.2857142985
58373  19.474  -9.614  -32.880 0.1428571492
73744  21.744  8.293  -36.145 0.2857142985
73724  19.836  8.831  -35.860 0.1428571492
57565  17.347  -10.523  -31.798 0.2857142985
64382  18.920  -2.321  -36.349 0.2857142985
118326  20.090  1.713  -37.380 0.1428571492
70536  19.957  3.961  -37.723 0.1428571492
71368  20.420  4.900  -37.723 0.1428571492
72169  19.654  6.126  -37.045 0.1428571492
72149  20.117  6.794  -36.967 0.1428571492
72947  19.670  7.477  -36.597 0.1428571492
117514  20.299  9.381  -35.640 0.1428571492
75206  18.420  11.416  -34.953 0.1428571492
109927  20.650  1.979  -37.625 0.1428571492
72147  21.900  6.893  -37.211 0.1428571492
79422  18.208  15.003  -33.984 0.1428571492
63525  18.585  -3.600  -35.777 0.1428571492
73723  20.887  8.740  -35.891 0.1428571492
58391  17.988  -9.059  -33.190 0.2857142985
65251  18.772  -1.482  -36.493 0.1428571492
115458  19.250  6.818  -36.741 0.1428571492
57542  16.663  -10.484  -31.373 0.1428571492
58346  16.386  -9.511  -30.956 0.1428571492
57566  17.043  -9.852  -31.692 0.1428571492
59289  18.396  -8.773  -33.878 0.1428571492
66907  26.734  0.165  -39.663 0.1428571492
125208  27.018  0.400  -38.973 0.1428571492
76975  21.680  11.549  -40.048 0.1428571492
59266  17.185  -8.650  -32.483 0.1428571492
60171  17.798  -7.088  -34.006 0.1428571492
76096  21.704  10.539  -39.994 0.1428571492
115006  21.844  12.585  -40.145 0.1428571492
125062  17.503  -6.431  -33.953 0.1428571492
75265  20.564  9.266  -40.018 0.1428571492
56638  17.063  -11.325  -31.653 0.1428571492
120023  27.046  0.440  -40.130 0.1428571492
60154  18.113  -7.893  -33.952 0.1428571492
60167  21.290  -7.246  -34.992 0.2857142985
61862  22.000  -5.443  -36.405 0.5714285970
67787  27.336  0.818  -39.283 0.1428571492
67815  27.746  1.361  -41.117 0.2857142985
72150  18.464  6.880  -36.627 0.1428571492
72167  21.421  6.248  -37.481 0.2857142985
74510  21.294  8.737  -39.704 0.2857142985
74511  20.623  8.862  -39.757 0.2857142985
74519  21.967  8.647  -40.312 0.1428571492
74528  21.760  8.890  -40.555 0.1428571492
76056  24.177  11.117  -36.030 0.8571428657
76087  21.542  10.200  -39.930 0.1428571492
77804  23.506  14.143  -35.099 0.7142857313
77835  22.182  13.579  -39.883 0.1428571492
81674  24.169  19.069  -35.797 0.1428571492
103053  19.047  24.236  -31.656 0.1428571492
108591  22.893  1.771  -37.910 0.7142857313
110327  18.441  22.044  -34.010 0.1428571492
110825  21.756  9.843  -35.497 0.5714285970
121719  21.336  9.292  -40.398 0.1428571492
122661  22.258  18.021  -33.284 0.2857142985
124920  23.170  -1.350  -37.148 0.7142857313
