#!ascii label  , from subject 001 vox2ras=TkReg
230
69720  23.728  2.091  -38.073 0.0000000000
61861  22.627  -5.816  -36.250 0.0000000000
72944  22.516  7.346  -36.757 0.0000000000
80135  20.190  17.085  -32.742 0.0000000000
111817  20.826  -6.931  -35.324 0.0000000000
74487  24.984  9.232  -37.199 0.0000000000
76070  24.442  11.233  -36.622 0.0000000000
107860  22.132  1.222  -37.327 0.0000000000
66072  22.366  -1.131  -36.932 0.0000000000
66098  23.392  -0.212  -40.258 0.0000000000
70545  26.194  4.003  -39.151 0.0000000000
66926  26.273  0.683  -40.417 0.0000000000
114838  22.845  5.242  -37.818 0.0000000000
71363  25.806  6.287  -38.110 0.0000000000
118607  21.377  14.154  -33.244 0.0000000000
77815  23.875  13.757  -35.588 0.0000000000
63538  24.028  -3.835  -36.603 0.0000000000
75220  23.001  10.486  -35.481 0.0000000000
108732  22.502  11.154  -35.037 0.0000000000
67789  22.559  1.454  -37.596 0.0000000000
67788  22.365  0.058  -39.816 0.0000000000
67798  22.708  0.688  -40.475 0.0000000000
61849  21.047  -6.217  -35.799 0.0000000000
71366  22.988  6.074  -37.649 0.0000000000
111163  24.804  5.884  -37.744 0.0000000000
72164  24.599  6.743  -37.374 0.0000000000
107519  24.055  9.064  -38.805 0.0000000000
109602  25.996  8.988  -38.641 0.0000000000
80137  18.505  16.475  -34.341 0.0000000000
78613  19.144  14.572  -33.648 0.0000000000
79419  20.875  15.227  -33.047 0.0000000000
80874  23.305  17.165  -34.564 0.0000000000
79437  23.508  15.951  -35.884 0.0000000000
78634  23.289  15.039  -35.072 0.0000000000
78643  23.622  14.679  -36.398 0.0000000000
77828  23.506  13.864  -37.688 0.0000000000
65246  24.283  -1.983  -37.145 0.0000000000
121644  23.144  -2.538  -36.815 0.0000000000
118537  20.204  -7.385  -34.925 0.0000000000
73760  24.121  7.937  -36.539 0.0000000000
73722  22.898  9.103  -35.668 0.0000000000
112513  24.692  9.960  -36.872 0.0000000000
75247  24.028  10.086  -38.065 0.0000000000
66073  21.348  -0.824  -36.765 0.0000000000
123738  22.891  0.329  -37.680 0.0000000000
66089  23.504  -0.449  -38.883 0.0000000000
65258  24.542  -1.352  -38.645 0.0000000000
69719  24.819  2.382  -38.080 0.0000000000
67797  23.909  0.945  -39.930 0.0000000000
69734  25.970  2.549  -40.185 0.0000000000
69708  21.996  3.196  -37.721 0.0000000000
107167  21.684  4.043  -38.009 0.0000000000
69707  23.217  3.278  -37.803 0.0000000000
70547  25.105  3.829  -38.186 0.0000000000
71377  26.282  5.783  -38.468 0.0000000000
116060  27.425  6.656  -38.722 0.0000000000
72959  25.197  7.587  -37.277 0.0000000000
72971  26.704  8.344  -38.725 0.0000000000
105522  20.996  13.006  -33.888 0.0000000000
79399  22.081  16.519  -33.150 0.0000000000
78612  22.096  15.028  -33.733 0.0000000000
77806  22.712  13.404  -34.353 0.0000000000
76937  23.081  12.785  -34.880 0.0000000000
108335  24.264  12.886  -36.089 0.0000000000
76965  24.000  12.028  -37.782 0.0000000000
104837  21.258  -4.252  -36.448 0.0000000000
103899  21.578  -1.810  -36.654 0.0000000000
66909  24.736  0.154  -40.130 0.0000000000
66096  25.884  -0.564  -39.021 0.0000000000
76058  21.993  11.771  -34.440 0.0000000000
68766  23.369  1.621  -38.277 0.0000000000
107237  23.245  0.867  -38.642 0.0000000000
68777  23.072  1.079  -39.541 0.0000000000
59301  19.456  -8.560  -34.360 0.0000000000
61848  21.917  -6.116  -36.139 0.0000000000
72166  22.753  6.793  -37.277 0.0000000000
72165  23.649  6.707  -37.292 0.0000000000
72961  23.416  7.280  -36.837 0.0000000000
74500  22.776  9.149  -38.993 0.0000000000
80136  19.219  16.829  -33.351 0.0000000000
79402  19.060  15.964  -33.863 0.0000000000
79420  19.577  15.166  -33.307 0.0000000000
79401  19.972  16.052  -32.988 0.0000000000
78649  23.268  14.742  -37.192 0.0000000000
65245  24.764  -2.027  -37.501 0.0000000000
62679  20.286  -5.520  -35.957 0.0000000000
73743  22.662  8.497  -35.996 0.0000000000
75219  23.871  10.550  -35.836 0.0000000000
74468  24.171  10.044  -36.237 0.0000000000
75238  24.406  10.595  -36.463 0.0000000000
75246  24.781  10.510  -37.139 0.0000000000
76078  24.421  11.171  -37.437 0.0000000000
81635  19.445  17.817  -34.762 0.0000000000
66883  21.101  0.231  -36.909 0.0000000000
66897  22.172  0.656  -37.192 0.0000000000
124929  21.875  -0.052  -40.536 0.0000000000
66895  22.725  0.343  -39.498 0.0000000000
66910  22.475  -0.329  -40.325 0.0000000000
66088  23.762  -0.666  -39.435 0.0000000000
112603  19.870  -6.975  -35.153 0.0000000000
60168  20.698  -7.532  -34.809 0.0000000000
69718  25.606  3.090  -38.610 0.0000000000
69725  25.785  2.708  -39.295 0.0000000000
69709  21.084  2.619  -37.676 0.0000000000
71367  21.995  5.571  -37.693 0.0000000000
70534  22.275  4.666  -37.898 0.0000000000
113644  22.503  3.854  -37.931 0.0000000000
70533  23.343  4.363  -37.857 0.0000000000
69706  24.299  3.310  -37.750 0.0000000000
70532  24.494  4.629  -37.905 0.0000000000
71364  25.343  5.156  -38.210 0.0000000000
120080  26.637  6.786  -38.384 0.0000000000
73741  24.768  8.594  -36.866 0.0000000000
73759  24.829  7.957  -36.944 0.0000000000
72943  25.278  8.201  -37.356 0.0000000000
72176  27.168  7.709  -38.833 0.0000000000
78630  20.155  14.389  -33.179 0.0000000000
77788  19.367  13.925  -33.599 0.0000000000
118699  20.432  13.786  -33.273 0.0000000000
77808  19.984  13.264  -33.680 0.0000000000
107547  21.026  13.538  -33.656 0.0000000000
123883  23.235  16.523  -34.365 0.0000000000
80864  22.973  17.791  -33.820 0.0000000000
79418  22.652  15.863  -33.764 0.0000000000
78633  23.639  14.393  -35.466 0.0000000000
78627  23.186  14.149  -34.670 0.0000000000
77805  23.343  13.499  -34.987 0.0000000000
77816  23.615  13.046  -35.387 0.0000000000
76952  23.634  12.309  -35.402 0.0000000000
76958  24.224  12.988  -37.162 0.0000000000
76966  23.369  12.880  -38.242 0.0000000000
114055  22.720  11.748  -38.693 0.0000000000
63541  20.537  -3.851  -36.383 0.0000000000
64378  23.669  -2.943  -36.765 0.0000000000
103853  22.741  -3.021  -36.633 0.0000000000
63539  23.156  -3.879  -36.497 0.0000000000
63540  22.079  -3.833  -36.450 0.0000000000
67817  25.658  1.015  -40.378 0.0000000000
67807  24.600  0.758  -40.139 0.0000000000
66927  25.488  0.526  -40.218 0.0000000000
74470  22.511  9.779  -35.572 0.0000000000
75221  22.070  10.432  -35.308 0.0000000000
76057  23.538  11.327  -35.439 0.0000000000
66896  22.861  0.725  -37.884 0.0000000000
123186  22.943  0.816  -37.985 0.0000000000
67799  22.179  0.438  -40.521 0.0000000000
109256  22.267  0.106  -40.999 0.0000000000
61044  21.581  -6.896  -35.334 0.0000000000
61043  22.144  -6.606  -35.453 0.0000000000
70557  27.010  4.716  -39.424 0.0000000000
69724  26.229  3.639  -39.932 0.0000000000
71365  23.731  5.404  -37.759 0.0000000000
114827  23.941  6.154  -37.570 0.0000000000
73740  25.465  8.629  -37.625 0.0000000000
74498  25.324  9.271  -38.138 0.0000000000
74508  24.465  8.927  -39.352 0.0000000000
80155  23.417  16.448  -35.119 0.0000000000
79417  23.087  16.003  -34.373 0.0000000000
79436  23.622  14.974  -35.851 0.0000000000
78642  23.866  14.332  -35.917 0.0000000000
77822  24.024  13.906  -36.527 0.0000000000
78650  22.615  14.813  -38.295 0.0000000000
65260  23.844  -1.155  -37.581 0.0000000000
65247  23.549  -1.976  -36.944 0.0000000000
60169  19.481  -7.605  -34.650 0.0000000000
61056  20.154  -6.389  -35.531 0.0000000000
61863  21.258  -5.556  -36.214 0.0000000000
112657  22.345  7.881  -36.337 0.0000000000
73761  23.174  7.889  -36.288 0.0000000000
73742  23.735  8.713  -36.061 0.0000000000
74488  24.376  9.394  -36.398 0.0000000000
74469  23.531  9.716  -35.784 0.0000000000
74499  24.738  9.660  -37.756 0.0000000000
75248  22.371  9.656  -38.945 0.0000000000
80855  18.846  17.192  -34.536 0.0000000000
80854  19.558  17.657  -33.196 0.0000000000
66091  22.211  -0.162  -37.116 0.0000000000
66090  23.191  -0.358  -37.655 0.0000000000
65259  24.254  -1.281  -38.370 0.0000000000
65244  25.347  -1.714  -37.762 0.0000000000
68776  23.768  1.163  -39.147 0.0000000000
68775  25.007  1.839  -39.007 0.0000000000
68782  25.263  1.628  -39.865 0.0000000000
68792  25.969  1.715  -40.433 0.0000000000
69733  26.525  3.175  -40.824 0.0000000000
68791  26.515  2.177  -40.883 0.0000000000
67816  26.660  1.261  -40.727 0.0000000000
112025  21.460  1.803  -37.436 0.0000000000
68767  22.107  2.269  -37.539 0.0000000000
104594  22.845  2.545  -37.847 0.0000000000
118156  22.618  3.275  -37.822 0.0000000000
70546  25.808  4.562  -38.703 0.0000000000
71376  26.882  5.284  -38.827 0.0000000000
71385  28.053  5.798  -38.956 0.0000000000
72960  24.321  7.334  -37.009 0.0000000000
72163  25.569  7.006  -37.633 0.0000000000
72958  26.017  8.085  -37.748 0.0000000000
72177  26.374  7.365  -38.187 0.0000000000
122598  21.513  12.455  -34.158 0.0000000000
80134  21.256  17.237  -32.718 0.0000000000
79400  21.044  16.314  -32.814 0.0000000000
79432  22.933  15.020  -34.757 0.0000000000
78628  22.461  14.222  -34.166 0.0000000000
78629  21.890  13.741  -33.999 0.0000000000
77807  21.827  13.148  -34.068 0.0000000000
115429  22.452  12.540  -34.242 0.0000000000
76938  22.899  11.926  -34.762 0.0000000000
76951  24.220  11.836  -36.010 0.0000000000
115097  24.416  12.049  -36.798 0.0000000000
76079  23.449  10.902  -38.354 0.0000000000
76080  22.134  10.458  -39.309 0.0000000000
62691  20.780  -4.779  -36.300 0.0000000000
107662  21.423  -4.968  -36.411 0.0000000000
103945  20.859  -2.445  -36.598 0.0000000000
65248  22.604  -2.119  -36.841 0.0000000000
64379  21.811  -2.764  -36.548 0.0000000000
103952  21.083  -3.366  -36.522 0.0000000000
62690  21.877  -4.700  -36.463 0.0000000000
66920  23.303  0.421  -40.672 0.0000000000
66919  26.259  0.295  -40.161 0.0000000000
66097  24.871  -0.541  -39.655 0.0000000000
66087  24.273  -0.918  -39.477 0.0000000000
61862  22.000  -5.443  -36.405 0.0000000000
76039  21.471  11.087  -35.020 0.0000000000
76056  24.177  11.117  -36.030 0.0000000000
77804  23.506  14.143  -35.099 0.0000000000
108591  22.893  1.771  -37.910 0.0000000000
110825  21.756  9.843  -35.497 0.0000000000
112509  22.199  6.342  -37.490 0.0000000000
124920  23.170  -1.350  -37.148 0.0000000000
